RDT400 Server V3.30
Site: 
System: Barcode scanner PLC02 (Sick); System type: OPS
Date: 23-12-2024  00:00:12
Date    ;ID;CT;IDX ;TLE;TGA;V ;DEVICE LIST             ;ERROR LIST              ;OUTPUT  ;ENR;R;CODE1 ID;LENGTH;READ LIST;RES;CLV ID;XPOS;YPOS;ZPOS;XMIN;XMAX;CS;CODE CONTENT;XPOS;YPOS;ZPOS;XMIN;XMAX;CS;CODE CONTENT;CODE2 ID;LENGTH;READ LIST;RES;CLV ID;XPOS;YPOS;ZPOS;XMIN;XMAX;CS;CODE CONTENT;XPOS;YPOS;ZPOS;XMIN;XMAX;CS;CODE CONTENT;CODE3 ID;LENGTH;READ LIST;RES;CLV ID;XPOS;YPOS;ZPOS;XMIN;XMAX;CS;CODE CONTENT;XPOS;YPOS;ZPOS;XMIN;XMAX;CS;CODE CONTENT;INFO1;INFO2;CUSTOM1;CUSTOM2;
04:28:23;12;18;9999;076;999;08;111111111111000000000000;000000000000000000000000;11101000;000;_;e;10;001111001101000000000000;____;10;-05;063;019;-10;-01;174;0425603209;;;;;;;;;;;;;;;;;;;;;;;;;;;;;;;;;;;;;;;;;;;;;;;;;;
04:41:18;12;19;9999;056;999;09;111111111111000000000000;000000000000000000000000;11101000;000;_;e;10;011110000101000000000000;____;02;-06;088;007;-15;000;115;0425646260;;;;;;;;;;;;;;;;;;;;;;;;;;;;;;;;;;;;;;;;;;;;;;;;;;
04:42:19;12;20;9999;079;999;08;111111111111000000000000;000000000000000000000000;11101000;000;_;e;10;001111101100000000000000;____;09;038;060;032;033;040;101;0425646261;;;;;;;;;;;;;;;;;;;;;;;;;;;;;;;;;;;;;;;;;;;;;;;;;;
04:44:19;12;21;9999;075;999;09;111111111111000000000000;000000000000000000000000;11101000;000;_;e;10;000011011000000000000000;____;09;034;054;032;029;035;126;0425645754;;;;;;;;;;;;;;;;;;;;;;;;;;;;;;;;;;;;;;;;;;;;;;;;;;
04:47:10;12;22;9999;079;999;09;111111111111000000000000;000000000000000000000000;11101000;000;_;e;10;100011110000000000000000;____;07;033;051;030;023;034;080;0425646262;;;;;;;;;;;;;;;;;;;;;;;;;;;;;;;;;;;;;;;;;;;;;;;;;;
04:54:24;12;23;9999;076;999;09;111111111111000000000000;000000000000000000000000;11101000;000;_;e;10;001101000100000000000000;____;04;045;061;045;041;046;061;0425646264;;;;;;;;;;;;;;;;;;;;;;;;;;;;;;;;;;;;;;;;;;;;;;;;;;
04:56:28;12;24;9999;058;999;09;111111111111000000000000;000000000000000000000000;11101000;000;_;e;10;011000001000000000000000;____;09;-13;070;003;-14;-02;042;0425646725;;;;;;;;;;;;;;;;;;;;;;;;;;;;;;;;;;;;;;;;;;;;;;;;;;
05:10:46;12;25;9999;080;999;09;111111111111000000000000;000000000000000000000000;11101000;000;_;e;10;001100110000000000000000;____;04;038;038;026;031;039;085;0425646270;;;;;;;;;;;;;;;;;;;;;;;;;;;;;;;;;;;;;;;;;;;;;;;;;;
05:12:21;12;26;9999;075;999;09;111111111111000000000000;000000000000000000000000;11101000;000;_;e;10;001111001100000000000000;____;03;030;057;022;030;042;123;0425646726;;;;;;;;;;;;;;;;;;;;;;;;;;;;;;;;;;;;;;;;;;;;;;;;;;
05:15:11;12;27;9999;069;999;09;111111111111000000000000;000000000000000000000000;11101000;000;_;e;10;000000000100000000000000;____;10;003;070;019;003;005;034;0425646273;;;;;;;;;;;;;;;;;;;;;;;;;;;;;;;;;;;;;;;;;;;;;;;;;;
05:17:19;12;28;9999;075;999;08;111111111111000000000000;000000000000000000000000;11101000;000;_;e;10;001100001100000000000000;____;03;-03;071;023;-05;017;054;0425646939;;;;;;;;;;;;;;;;;;;;;;;;;;;;;;;;;;;;;;;;;;;;;;;;;;
05:19:24;12;29;9999;075;999;09;111111111111000000000000;000000000000000000000000;11101000;000;_;e;10;001100000000000000000000;____;03;038;088;010;037;038;020;0425646469;;;;;;;;;;;;;;;;;;;;;;;;;;;;;;;;;;;;;;;;;;;;;;;;;;
05:20:45;12;30;9999;085;999;08;111111111111000000000000;000000000000000000000000;11101000;000;_;e;10;001111001011000000000000;____;09;-09;064;012;-09;030;129;0425646943;;;;;;;;;;;;;;;;;;;;;;;;;;;;;;;;;;;;;;;;;;;;;;;;;;
05:21:44;12;31;9999;055;999;09;111111111111000000000000;000000000000000000000000;11101000;000;_;e;10;001111001101000000000000;____;09;066;074;019;058;068;123;0425603214;;;;;;;;;;;;;;;;;;;;;;;;;;;;;;;;;;;;;;;;;;;;;;;;;;
05:23:27;12;32;9999;066;999;09;111111111111000000000000;000000000000000000000000;11101000;000;_;e;10;110000000000000000000000;____;01;047;101;015;014;051;033;0425645766;;;;;;;;;;;;;;;;;;;;;;;;;;;;;;;;;;;;;;;;;;;;;;;;;;
05:24:00;12;33;9999;063;999;09;111111111111000000000000;000000000000000000000000;11101000;000;_;e;10;011100000000000000000000;____;04;038;090;024;036;038;085;0425646470;;;;;;;;;;;;;;;;;;;;;;;;;;;;;;;;;;;;;;;;;;;;;;;;;;
05:26:01;12;34;9999;056;999;09;111111111111000000000000;000000000000000000000000;11101000;000;_;e;10;001111000100000000000000;____;05;025;030;015;025;036;074;0425645769;;;;;;;;;;;;;;;;;;;;;;;;;;;;;;;;;;;;;;;;;;;;;;;;;;
05:27:33;12;35;9999;061;999;09;111111111111000000000000;000000000000000000000000;11101000;000;_;e;10;000110001100000000000000;____;10;004;078;009;-01;020;086;0425646727;;;;;;;;;;;;;;;;;;;;;;;;;;;;;;;;;;;;;;;;;;;;;;;;;;
05:27:38;12;36;9999;075;356;09;111111111111000000000000;000000000000000000000000;11101000;000;_;e;10;001111000000000000000000;____;03;046;071;028;041;048;063;0425645835;;;;;;;;;;;;;;;;;;;;;;;;;;;;;;;;;;;;;;;;;;;;;;;;;;
05:27:43;12;37;9999;063;297;09;111111111111000000000000;000000000000000000000000;11101000;000;_;e;10;001101101100000000000000;____;10;-03;071;022;-03;031;059;0425646728;;;;;;;;;;;;;;;;;;;;;;;;;;;;;;;;;;;;;;;;;;;;;;;;;;
05:28:29;12;38;9999;076;999;09;111111111111000000000000;000000000000000000000000;11101000;000;_;e;10;110000000000000000000000;____;02;045;100;003;017;046;018;0425646472;;;;;;;;;;;;;;;;;;;;;;;;;;;;;;;;;;;;;;;;;;;;;;;;;;
05:29:08;12;39;9999;065;999;09;111111111111000000000000;000000000000000000000000;11101000;000;_;e;10;111101000000000000000000;____;04;038;092;023;035;042;070;0425646729;;;;;;;;;;;;;;;;;;;;;;;;;;;;;;;;;;;;;;;;;;;;;;;;;;
05:29:47;12;40;9999;075;999;09;111111111111000000000000;000000000000000000000000;11101000;000;_;e;10;111100001100000000000000;____;03;047;075;027;020;061;062;0425645771;;;;;;;;;;;;;;;;;;;;;;;;;;;;;;;;;;;;;;;;;;;;;;;;;;
05:30:08;12;41;9999;068;999;09;111111111111000000000000;000000000000000000000000;11101000;000;_;e;10;000011110000000000000000;____;05;036;037;013;034;038;060;0425646730;;;;;;;;;;;;;;;;;;;;;;;;;;;;;;;;;;;;;;;;;;;;;;;;;;
05:30:38;12;42;9999;074;999;09;111111111111000000000000;000000000000000000000000;11101000;000;_;e;10;001101000100000000000000;____;03;043;081;025;021;046;067;0425645772;;;;;;;;;;;;;;;;;;;;;;;;;;;;;;;;;;;;;;;;;;;;;;;;;;
05:30:55;12;43;9999;076;999;09;111111111111000000000000;000000000000000000000000;11101000;000;_;e;10;111000000000000000000000;____;01;036;100;020;035;039;059;0425645763;;;;;;;;;;;;;;;;;;;;;;;;;;;;;;;;;;;;;;;;;;;;;;;;;;
05:31:46;12;44;9999;075;999;08;111111111111000000000000;000000000000000000000000;11101000;000;_;e;10;101111001100000000000000;____;03;041;078;034;038;047;083;0425645764;;;;;;;;;;;;;;;;;;;;;;;;;;;;;;;;;;;;;;;;;;;;;;;;;;
05:34:54;12;45;9999;074;999;09;111111111111000000000000;000000000000000000000000;11101000;000;_;e;10;111100001000000000000000;____;03;042;083;026;019;064;060;0425645773;;;;;;;;;;;;;;;;;;;;;;;;;;;;;;;;;;;;;;;;;;;;;;;;;;
05:43:55;12;46;9999;067;999;09;111111111111000000000000;000000000000000000000000;11101000;000;_;e;10;001111001100000000000000;____;09;071;076;005;065;078;113;0425646944;;;;;;;;;;;;;;;;;;;;;;;;;;;;;;;;;;;;;;;;;;;;;;;;;;
05:44:46;12;47;9999;063;999;09;111111111111000000000000;000000000000000000000000;11101000;000;_;e;10;100000000100000000000000;____;01;036;101;016;001;036;017;0425603222;;;;;;;;;;;;;;;;;;;;;;;;;;;;;;;;;;;;;;;;;;;;;;;;;;
05:46:21;12;48;9999;072;999;09;111111111111000000000000;000000000000000000000000;11101000;000;_;e;10;010000000000000000000000;____;02;039;100;003;039;039;003;0425646948;;;;;;;;;;;;;;;;;;;;;;;;;;;;;;;;;;;;;;;;;;;;;;;;;;
05:46:38;12;49;9999;056;999;09;111111111111000000000000;000000000000000000000000;11101000;000;_;e;10;000000000101000000000000;____;12;-03;082;004;-03;025;017;0425645837;;;;;;;;;;;;;;;;;;;;;;;;;;;;;;;;;;;;;;;;;;;;;;;;;;
05:47:16;12;50;9999;075;999;09;111111111111000000000000;000000000000000000000000;11101000;000;_;e;10;000011110100000000000000;____;05;040;060;028;027;043;112;0425603223;;;;;;;;;;;;;;;;;;;;;;;;;;;;;;;;;;;;;;;;;;;;;;;;;;
05:47:59;12;51;9999;077;999;09;111111111111000000000000;000000000000000000000000;11101000;000;_;e;10;010011101100000000000000;____;05;045;060;033;032;047;126;0425646946;;;;;;;;;;;;;;;;;;;;;;;;;;;;;;;;;;;;;;;;;;;;;;;;;;
05:48:11;12;52;9999;072;930;09;111111111111000000000000;000000000000000000000000;11101000;000;_;e;10;001100001001000000000000;____;09;073;077;006;067;073;099;0425646947;;;;;;;;;;;;;;;;;;;;;;;;;;;;;;;;;;;;;;;;;;;;;;;;;;
05:49:08;12;53;9999;055;999;09;111111111111000000000000;000000000000000000000000;11101000;000;_;e;10;000000101000000000000000;____;07;-04;070;024;-04;010;023;0425646475;;;;;;;;;;;;;;;;;;;;;;;;;;;;;;;;;;;;;;;;;;;;;;;;;;
05:49:33;12;54;9999;072;999;09;111111111111000000000000;000000000000000000000000;11101000;000;_;e;10;110000000000000000000000;____;01;039;095;025;039;041;042;0425646289;;;;;;;;;;;;;;;;;;;;;;;;;;;;;;;;;;;;;;;;;;;;;;;;;;
05:50:07;12;55;9999;076;999;09;111111111111000000000000;000000000000000000000000;11101000;000;_;e;10;001111000100000000000000;____;05;035;057;032;034;038;069;0425645839;;;;;;;;;;;;;;;;;;;;;;;;;;;;;;;;;;;;;;;;;;;;;;;;;;
05:52:36;12;56;9999;078;999;09;111111111111000000000000;000000000000000000000000;11101000;000;_;e;10;110000000000000000000000;____;02;041;094;014;027;041;038;0425645776;;;;;;;;;;;;;;;;;;;;;;;;;;;;;;;;;;;;;;;;;;;;;;;;;;
05:53:10;12;57;9999;056;999;09;111111111111000000000000;000000000000000000000000;11101000;000;_;e;10;000000000100000000000000;____;10;005;076;006;005;008;022;0425603227;;;;;;;;;;;;;;;;;;;;;;;;;;;;;;;;;;;;;;;;;;;;;;;;;;
05:55:31;12;58;9999;057;999;09;111111111111000000000000;000000000000000000000000;11101000;000;_;e;10;000001111100000000000000;____;07;046;055;013;045;050;044;0425603228;;;;;;;;;;;;;;;;;;;;;;;;;;;;;;;;;;;;;;;;;;;;;;;;;;
05:55:52;12;59;9999;077;999;09;111111111111000000000000;000000000000000000000000;11101000;000;_;e;10;110000000000000000000000;____;01;034;100;020;034;035;059;0425603229;;;;;;;;;;;;;;;;;;;;;;;;;;;;;;;;;;;;;;;;;;;;;;;;;;
05:57:18;12;60;9999;072;999;09;111111111111000000000000;000000000000000000000000;11101000;000;_;e;10;111000001100000000000000;____;02;042;097;017;012;044;062;0425646477;;;;;;;;;;;;;;;;;;;;;;;;;;;;;;;;;;;;;;;;;;;;;;;;;;
05:57:30;12;61;9999;066;983;09;111111111111000000000000;000000000000000000000000;11101000;000;_;e;10;010000000001000000000000;____;02;002;093;007;-01;007;023;0425645840;;;;;;;;;;;;;;;;;;;;;;;;;;;;;;;;;;;;;;;;;;;;;;;;;;
05:58:05;12;62;9999;066;999;09;111111111111000000000000;000000000000000000000000;11101000;000;_;e;10;110000000000000000000000;____;01;030;100;013;030;049;047;0425646478;;;;;;;;;;;;;;;;;;;;;;;;;;;;;;;;;;;;;;;;;;;;;;;;;;
05:58:09;12;63;9999;072;294;09;111111111111000000000000;000000000000000000000000;11101000;000;_;e;10;000000110010000000000000;____;08;041;043;006;038;044;023;0425646480;;;;;;;;;;;;;;;;;;;;;;;;;;;;;;;;;;;;;;;;;;;;;;;;;;
05:58:16;12;64;9999;074;481;09;111111111111000000000000;000000000000000000000000;11101000;000;_;e;10;100001001101000000000000;____;10;-03;076;002;-05;050;055;0425646482;;;;;;;;;;;;;;;;;;;;;;;;;;;;;;;;;;;;;;;;;;;;;;;;;;
05:58:17;12;65;9999;006;040;09;111111111111000000000000;000000000000000000000000;11010000;000;_;;;;;;;;;;;;;;;;;;;;;;;;;;;;;;;;;;;;;;;;;;;;;;;;;;;;;;;;;;;;;;
05:58:22;12;66;9999;075;407;09;111111111111000000000000;000000000000000000000000;11101000;000;_;e;10;111100000000000000000000;____;02;034;094;021;032;036;087;0425645841;;;;;;;;;;;;;;;;;;;;;;;;;;;;;;;;;;;;;;;;;;;;;;;;;;
05:58:48;12;67;9999;075;999;08;111111111111000000000000;000000000000000000000000;11101000;000;_;e;10;001111000000000000000000;____;03;041;078;042;039;043;055;0425646481;;;;;;;;;;;;;;;;;;;;;;;;;;;;;;;;;;;;;;;;;;;;;;;;;;
05:59:21;12;68;9999;074;999;08;111111111111000000000000;000000000000000000000000;11101000;000;_;e;10;001111000100000000000000;____;05;008;067;032;005;039;059;0425603233;;;;;;;;;;;;;;;;;;;;;;;;;;;;;;;;;;;;;;;;;;;;;;;;;;
06:00:00;12;69;9999;066;999;09;111111111111000000000000;000000000000000000000000;11101000;000;_;e;10;001111101111000000000000;____;03;-12;066;010;-12;009;150;0425646479;;;;;;;;;;;;;;;;;;;;;;;;;;;;;;;;;;;;;;;;;;;;;;;;;;
06:00:16;12;70;9999;053;999;09;111111111111000000000000;000000000000000000000000;11101000;000;_;e;10;001100001101000000000000;____;09;-09;085;013;-12;-02;073;0425645778;;;;;;;;;;;;;;;;;;;;;;;;;;;;;;;;;;;;;;;;;;;;;;;;;;
06:01:04;12;71;9999;074;999;09;111111111111000000000000;000000000000000000000000;11101000;000;_;e;10;101001100000000000000000;____;01;033;069;037;033;040;102;0425603234;;;;;;;;;;;;;;;;;;;;;;;;;;;;;;;;;;;;;;;;;;;;;;;;;;
06:02:22;12;72;9999;075;999;09;111111111111000000000000;000000000000000000000000;11101000;000;_;e;10;001110000100000000000000;____;04;044;088;019;033;044;071;0425645843;;;;;;;;;;;;;;;;;;;;;;;;;;;;;;;;;;;;;;;;;;;;;;;;;;
06:02:50;12;73;9999;048;999;09;111111111111000000000000;000000000000000000000000;11101000;000;_;e;10;001100000101000000000000;____;03;-06;082;014;-10;-05;112;0425645779;;;;;;;;;;;;;;;;;;;;;;;;;;;;;;;;;;;;;;;;;;;;;;;;;;
06:03:33;12;74;9999;075;999;09;111111111111000000000000;000000000000000000000000;11101000;000;_;e;10;000100000000000000000000;____;04;025;070;031;025;025;003;0425645846;;;;;;;;;;;;;;;;;;;;;;;;;;;;;;;;;;;;;;;;;;;;;;;;;;
06:04:00;12;75;9999;075;999;09;111111111111000000000000;000000000000000000000000;11101000;000;_;e;10;001111000100000000000000;____;04;055;049;025;039;056;057;0425646736;;;;;;;;;;;;;;;;;;;;;;;;;;;;;;;;;;;;;;;;;;;;;;;;;;
06:04:43;12;76;9999;081;999;09;111111111111000000000000;000000000000000000000000;11101000;000;_;e;10;111111000100000000000000;____;02;048;094;024;012;050;107;0425603364;;;;;;;;;;;;;;;;;;;;;;;;;;;;;;;;;;;;;;;;;;;;;;;;;;
06:08:36;12;77;9999;076;999;09;111111111111000000000000;000000000000000000000000;11101000;000;_;e;10;010000000000000000000000;____;02;025;097;024;025;025;003;0425603238;;;;;;;;;;;;;;;;;;;;;;;;;;;;;;;;;;;;;;;;;;;;;;;;;;
06:10:37;12;78;9999;054;999;09;111111111111000000000000;000000000000000000000000;11001000;000;_;e;10;000000001100000000000000;____;09;058;078;008;058;058;022;0425646483;028;088;006;028;049;008;0555436955;;;;;;;;;;;;;;;;;;;;;;;;;;;;;;;;;;;;;;;;;;;
06:10:58;12;79;9999;076;999;09;111111111111000000000000;000000000000000000000000;11101000;000;_;e;10;000110001100000000000000;____;09;008;051;020;008;063;043;0425645783;;;;;;;;;;;;;;;;;;;;;;;;;;;;;;;;;;;;;;;;;;;;;;;;;;
06:11:01;12;80;9999;075;224;09;111111111111000000000000;000000000000000000000000;11101000;000;_;e;10;111100000100000000000000;____;02;042;100;023;002;044;072;0425646295;;;;;;;;;;;;;;;;;;;;;;;;;;;;;;;;;;;;;;;;;;;;;;;;;;
06:11:57;12;81;9999;066;999;09;111111111111000000000000;000000000000000000000000;11101000;000;_;e;10;001111001101000000000000;____;09;-14;071;009;-15;002;159;0425646958;;;;;;;;;;;;;;;;;;;;;;;;;;;;;;;;;;;;;;;;;;;;;;;;;;
06:12:27;12;82;9999;072;999;09;111111111111000000000000;000000000000000000000000;11101000;000;_;e;10;111001001000000000000000;____;01;021;081;026;020;037;069;0425646484;;;;;;;;;;;;;;;;;;;;;;;;;;;;;;;;;;;;;;;;;;;;;;;;;;
06:12:52;12;83;9999;067;999;09;111111111111000000000000;000000000000000000000000;11101000;000;_;e;10;001111001101000000000000;____;03;076;079;010;071;082;161;0425645850;;;;;;;;;;;;;;;;;;;;;;;;;;;;;;;;;;;;;;;;;;;;;;;;;;
06:13:05;12;84;9999;064;999;09;111111111111000000000000;000000000000000000000000;11101000;000;_;e;10;100000000000000000000000;____;01;036;100;020;034;039;039;0425646298;;;;;;;;;;;;;;;;;;;;;;;;;;;;;;;;;;;;;;;;;;;;;;;;;;
06:13:32;12;85;9999;060;999;09;111111111111000000000000;000000000000000000000000;11101000;000;_;e;10;000000110000000000000000;____;07;038;043;011;011;040;037;0425646959;;;;;;;;;;;;;;;;;;;;;;;;;;;;;;;;;;;;;;;;;;;;;;;;;;
06:14:02;12;86;9999;079;999;09;111111111111000000000000;000000000000000000000000;11101000;000;_;e;10;101101000000000000000000;____;03;038;084;050;025;045;041;0425645786;;;;;;;;;;;;;;;;;;;;;;;;;;;;;;;;;;;;;;;;;;;;;;;;;;
06:14:26;12;87;9999;064;999;09;111111111111000000000000;000000000000000000000000;11101000;000;_;e;10;110000000100000000000000;____;01;038;100;011;002;039;062;0425646960;;;;;;;;;;;;;;;;;;;;;;;;;;;;;;;;;;;;;;;;;;;;;;;;;;
06:15:01;12;88;9999;056;999;09;111111111111000000000000;000000000000000000000000;11101000;000;_;e;10;001001001100000000000000;____;03;-03;052;022;-05;003;076;0425603243;;;;;;;;;;;;;;;;;;;;;;;;;;;;;;;;;;;;;;;;;;;;;;;;;;
06:16:05;12;89;9999;066;999;09;111111111111000000000000;000000000000000000000000;11101000;000;_;e;10;110000000000000000000000;____;01;040;100;016;036;040;069;0425645787;;;;;;;;;;;;;;;;;;;;;;;;;;;;;;;;;;;;;;;;;;;;;;;;;;
06:16:21;12;90;9999;048;999;09;111111111111000000000000;000000000000000000000000;11101000;000;_;e;10;001101000101000000000000;____;10;-02;085;005;-10;015;108;0425646167;;;;;;;;;;;;;;;;;;;;;;;;;;;;;;;;;;;;;;;;;;;;;;;;;;
06:16:52;12;91;9999;066;999;09;111111111111000000000000;000000000000000000000000;11101000;000;_;e;10;000000100101000000000000;____;07;041;051;008;001;041;009;0425603244;;;;;;;;;;;;;;;;;;;;;;;;;;;;;;;;;;;;;;;;;;;;;;;;;;
06:17:47;12;92;9999;055;999;09;111111111111000000000000;000000000000000000000000;11101000;000;_;e;10;000011110100000000000000;____;07;028;068;034;024;030;073;0425645788;;;;;;;;;;;;;;;;;;;;;;;;;;;;;;;;;;;;;;;;;;;;;;;;;;
06:18:04;12;93;9999;065;999;09;111111111111000000000000;000000000000000000000000;11101000;000;_;e;10;110000000000000000000000;____;02;035;098;009;035;038;036;0425646961;;;;;;;;;;;;;;;;;;;;;;;;;;;;;;;;;;;;;;;;;;;;;;;;;;
06:18:42;12;94;9999;060;999;09;111111111111000000000000;000000000000000000000000;11101000;000;_;e;10;001110000101000000000000;____;10;-02;087;005;-11;021;107;0425603247;;;;;;;;;;;;;;;;;;;;;;;;;;;;;;;;;;;;;;;;;;;;;;;;;;
06:19:46;12;95;9999;062;999;09;111111111111000000000000;000000000000000000000000;11101000;000;_;e;10;011101001100000000000000;____;09;054;082;023;048;060;079;0425603252;;;;;;;;;;;;;;;;;;;;;;;;;;;;;;;;;;;;;;;;;;;;;;;;;;
06:20:33;12;96;9999;068;999;09;111111111111000000000000;000000000000000000000000;11101000;000;_;e;10;111000001001000000000000;____;03;067;083;010;063;068;048;0425646962;;;;;;;;;;;;;;;;;;;;;;;;;;;;;;;;;;;;;;;;;;;;;;;;;;
06:20:38;12;97;9999;066;297;09;111111111111000000000000;000000000000000000000000;11101000;000;_;e;10;001001100100000000000000;____;07;005;063;017;-02;021;049;0425646963;;;;;;;;;;;;;;;;;;;;;;;;;;;;;;;;;;;;;;;;;;;;;;;;;;
06:22:03;12;98;9999;079;999;09;111111111111000000000000;000000000000000000000000;11101000;000;_;e;10;110000000000000000000000;____;02;051;100;020;006;052;039;0425645789;;;;;;;;;;;;;;;;;;;;;;;;;;;;;;;;;;;;;;;;;;;;;;;;;;
06:22:46;12;99;9999;078;999;09;111111111111000000000000;000000000000000000000000;11010000;000;_;;;;;;;;;;;;;;;;;;;;;;;;;;;;;;;;;;;;;;;;;;;;;;;;;;;;;;;;;;;;;;
06:23:07;12;01;9999;062;999;09;111111111111000000000000;000000000000000000000000;11101000;000;_;e;10;001111001101000000000000;____;10;001;084;007;-04;009;177;0425646494;;;;;;;;;;;;;;;;;;;;;;;;;;;;;;;;;;;;;;;;;;;;;;;;;;
06:23:11;12;02;9999;076;332;09;111111111111000000000000;000000000000000000000000;11101000;000;_;e;10;001010100100000000000000;____;05;029;061;041;020;034;102;0425603254;;;;;;;;;;;;;;;;;;;;;;;;;;;;;;;;;;;;;;;;;;;;;;;;;;
06:24:11;12;03;9999;051;999;09;111111111111000000000000;000000000000000000000000;11101000;000;_;e;10;110000000000000000000000;____;01;030;102;011;030;031;012;0425646964;;;;;;;;;;;;;;;;;;;;;;;;;;;;;;;;;;;;;;;;;;;;;;;;;;
06:24:24;12;04;9999;074;999;09;111111111111000000000000;000000000000000000000000;11101000;000;_;e;10;011001001000000000000000;____;06;069;088;024;045;069;053;0425645856;;;;;;;;;;;;;;;;;;;;;;;;;;;;;;;;;;;;;;;;;;;;;;;;;;
06:26:33;12;05;9999;058;999;09;111111111111000000000000;000000000000000000000000;11101000;000;_;e;10;001111001101000000000000;____;03;-05;081;009;-16;039;100;0425603373;;;;;;;;;;;;;;;;;;;;;;;;;;;;;;;;;;;;;;;;;;;;;;;;;;
06:26:41;12;06;9999;074;641;09;111111111111000000000000;000000000000000000000000;11101000;000;_;e;10;101110001101000000000000;____;10;-13;087;005;-14;054;079;0425645792;;;;;;;;;;;;;;;;;;;;;;;;;;;;;;;;;;;;;;;;;;;;;;;;;;
06:28:35;12;07;9999;066;999;09;111111111111000000000000;000000000000000000000000;11101000;000;_;e;10;111000000000000000000000;____;01;039;098;005;022;039;047;0425603375;;;;;;;;;;;;;;;;;;;;;;;;;;;;;;;;;;;;;;;;;;;;;;;;;;
06:30:48;12;08;9999;073;999;09;111111111111000000000000;000000000000000000000000;11101000;000;_;e;10;110000000000000000000000;____;01;044;094;010;042;044;041;0425603256;;;;;;;;;;;;;;;;;;;;;;;;;;;;;;;;;;;;;;;;;;;;;;;;;;
06:30:52;12;09;9999;078;324;09;111111111111000000000000;000000000000000000000000;11101000;000;_;e;10;000010000000000000000000;____;05;029;080;041;029;029;021;0425645858;;;;;;;;;;;;;;;;;;;;;;;;;;;;;;;;;;;;;;;;;;;;;;;;;;
06:32:13;12;10;9999;055;999;09;111111111111000000000000;000000000000000000000000;11101000;000;_;e;10;000001001100000000000000;____;09;-03;087;012;-03;004;043;0425603379;;;;;;;;;;;;;;;;;;;;;;;;;;;;;;;;;;;;;;;;;;;;;;;;;;
06:32:26;12;11;9999;075;999;09;111111111111000000000000;000000000000000000000000;11101000;000;_;e;10;000010100000000000000000;____;07;044;049;031;022;044;013;0425645859;;;;;;;;;;;;;;;;;;;;;;;;;;;;;;;;;;;;;;;;;;;;;;;;;;
06:34:00;12;12;9999;074;999;09;111111111111000000000000;000000000000000000000000;11101000;000;_;e;10;100110000100000000000000;____;10;004;077;002;004;030;074;0425603259;;;;;;;;;;;;;;;;;;;;;;;;;;;;;;;;;;;;;;;;;;;;;;;;;;
06:35:08;12;13;9999;088;999;08;111111111111000000000000;000000000000000000000000;11101000;000;_;e;10;001111101100000000000000;____;04;056;032;020;031;060;099;0425603261;;;;;;;;;;;;;;;;;;;;;;;;;;;;;;;;;;;;;;;;;;;;;;;;;;
06:36:21;12;14;9999;075;999;09;111111111111000000000000;000000000000000000000000;11101000;000;_;e;10;110000000000000000000000;____;02;049;096;022;017;049;009;0425603262;;;;;;;;;;;;;;;;;;;;;;;;;;;;;;;;;;;;;;;;;;;;;;;;;;
06:36:46;12;15;9999;075;999;09;111111111111000000000000;000000000000000000000000;11101000;000;_;e;10;000010001000000000000000;____;09;046;060;033;046;052;019;0425646968;;;;;;;;;;;;;;;;;;;;;;;;;;;;;;;;;;;;;;;;;;;;;;;;;;
06:37:12;12;16;9999;093;999;09;111111111111000000000000;000000000000000000000000;11101000;000;_;e;10;001100000101000000000000;____;03;065;084;015;029;072;060;0425603263;;;;;;;;;;;;;;;;;;;;;;;;;;;;;;;;;;;;;;;;;;;;;;;;;;
06:37:37;12;17;9999;080;999;08;111111111111000000000000;000000000000000000000000;11101000;000;_;e;10;001000000000000000000000;____;03;023;075;032;023;023;003;0425646970;;;;;;;;;;;;;;;;;;;;;;;;;;;;;;;;;;;;;;;;;;;;;;;;;;
06:38:24;12;18;9999;064;999;09;111111111111000000000000;000000000000000000000000;11101000;000;_;e;10;001100000000000000000000;____;04;030;090;045;012;031;034;0425646741;;;;;;;;;;;;;;;;;;;;;;;;;;;;;;;;;;;;;;;;;;;;;;;;;;
06:40:19;12;19;9999;123;999;08;111111111111000000000000;000000000000000000000000;11001000;000;_;e;10;111111001110000000000000;____;04;003;049;001;-02;058;159;0425646740;080;100;026;080;096;058;0425603265;;;;;;;;;;;;;;;;;;;;;;;;;;;;;;;;;;;;;;;;;;;
06:40:45;12;20;9999;075;999;09;111111111111000000000000;000000000000000000000000;11101000;000;_;e;10;000011110000000000000000;____;07;046;053;026;042;047;053;0425646173;;;;;;;;;;;;;;;;;;;;;;;;;;;;;;;;;;;;;;;;;;;;;;;;;;
06:42:52;12;21;9999;073;999;09;111111111111000000000000;000000000000000000000000;11010000;000;_;;;;;;;;;;;;;;;;;;;;;;;;;;;;;;;;;;;;;;;;;;;;;;;;;;;;;;;;;;;;;;
06:43:31;12;22;9999;074;999;09;111111111111000000000000;000000000000000000000000;11101000;000;_;e;10;001110101000000000000000;____;03;043;077;041;036;045;067;0425646742;;;;;;;;;;;;;;;;;;;;;;;;;;;;;;;;;;;;;;;;;;;;;;;;;;
06:44:27;12;23;9999;085;999;09;111111111111000000000000;000000000000000000000000;11101000;000;_;e;10;111010000100000000000000;____;02;049;095;019;042;052;038;0425645865;;;;;;;;;;;;;;;;;;;;;;;;;;;;;;;;;;;;;;;;;;;;;;;;;;
06:46:52;12;24;9999;079;999;09;111111111111000000000000;000000000000000000000000;11101000;000;_;e;10;001100001100000000000000;____;04;053;052;032;047;053;113;0425645867;;;;;;;;;;;;;;;;;;;;;;;;;;;;;;;;;;;;;;;;;;;;;;;;;;
06:47:47;12;25;9999;080;999;09;111111111111000000000000;000000000000000000000000;11101000;000;_;e;10;101100000100000000000000;____;04;041;069;055;023;041;051;0425646743;;;;;;;;;;;;;;;;;;;;;;;;;;;;;;;;;;;;;;;;;;;;;;;;;;
06:47:55;12;26;9999;075;596;09;111111111111000000000000;000000000000000000000000;11101000;000;_;e;10;101101001100000000000000;____;01;039;098;016;039;047;059;0425646744;;;;;;;;;;;;;;;;;;;;;;;;;;;;;;;;;;;;;;;;;;;;;;;;;;
06:49:21;12;27;9999;069;999;09;111111111111000000000000;000000000000000000000000;11101000;000;_;e;10;110000000001000000000000;____;01;033;098;004;030;035;023;0425646499;;;;;;;;;;;;;;;;;;;;;;;;;;;;;;;;;;;;;;;;;;;;;;;;;;
06:50:14;12;28;9999;074;999;09;111111111111000000000000;000000000000000000000000;11101000;000;_;e;10;111000001000000000000000;____;02;046;100;019;040;074;038;0425650600;;;;;;;;;;;;;;;;;;;;;;;;;;;;;;;;;;;;;;;;;;;;;;;;;;
06:51:04;12;29;9999;075;999;09;111111111111000000000000;000000000000000000000000;11101000;000;_;e;10;110000000000000000000000;____;01;039;101;016;038;040;054;0425650601;;;;;;;;;;;;;;;;;;;;;;;;;;;;;;;;;;;;;;;;;;;;;;;;;;
06:51:55;12;30;9999;075;999;09;111111111111000000000000;000000000000000000000000;11101000;000;_;e;10;101100001100000000000000;____;03;035;078;047;028;038;078;0425650602;;;;;;;;;;;;;;;;;;;;;;;;;;;;;;;;;;;;;;;;;;;;;;;;;;
06:52:16;12;31;9999;074;999;09;111111111111000000000000;000000000000000000000000;11101000;000;_;e;10;111111110000000000000000;____;07;039;046;043;031;048;217;0425645795;;;;;;;;;;;;;;;;;;;;;;;;;;;;;;;;;;;;;;;;;;;;;;;;;;
06:52:46;12;32;9999;069;999;09;111111111111000000000000;000000000000000000000000;11101000;000;_;e;10;110000000100000000000000;____;01;044;102;011;005;045;061;0425650603;;;;;;;;;;;;;;;;;;;;;;;;;;;;;;;;;;;;;;;;;;;;;;;;;;
06:52:54;12;33;9999;050;599;09;111111111111000000000000;000000000000000000000000;11101000;000;_;e;10;001101000101000000000000;____;10;-01;083;002;-15;003;103;0425603272;;;;;;;;;;;;;;;;;;;;;;;;;;;;;;;;;;;;;;;;;;;;;;;;;;
06:53:37;12;34;9999;066;999;08;111111111111000000000000;000000000000000000000000;11101000;000;_;e;10;001111000100000000000000;____;04;032;046;017;006;032;081;0425650605;;;;;;;;;;;;;;;;;;;;;;;;;;;;;;;;;;;;;;;;;;;;;;;;;;
06:55:04;12;35;9999;056;999;09;111111111111000000000000;000000000000000000000000;11101000;000;_;e;10;000101100100000000000000;____;10;001;065;021;001;029;062;0425650606;;;;;;;;;;;;;;;;;;;;;;;;;;;;;;;;;;;;;;;;;;;;;;;;;;
06:57:02;12;36;9999;056;999;09;111111111111000000000000;000000000000000000000000;11101000;000;_;e;10;000110000000000000000000;____;04;-03;090;024;-03;021;011;0425650607;;;;;;;;;;;;;;;;;;;;;;;;;;;;;;;;;;;;;;;;;;;;;;;;;;
06:58:57;12;37;9999;059;999;09;111111111111000000000000;000000000000000000000000;11101000;000;_;e;10;111000001001000000000000;____;03;055;092;004;051;066;084;0425603277;;;;;;;;;;;;;;;;;;;;;;;;;;;;;;;;;;;;;;;;;;;;;;;;;;
06:59:27;12;38;9999;053;999;09;111111111111000000000000;000000000000000000000000;11101000;000;_;e;10;010000000000000000000000;____;02;027;097;015;027;027;002;0425650608;;;;;;;;;;;;;;;;;;;;;;;;;;;;;;;;;;;;;;;;;;;;;;;;;;
07:03:00;12;39;9999;074;999;09;111111111111000000000000;000000000000000000000000;11101000;000;_;e;10;001101010000000000000000;____;04;046;069;040;046;050;067;0425646746;;;;;;;;;;;;;;;;;;;;;;;;;;;;;;;;;;;;;;;;;;;;;;;;;;
07:05:37;12;40;9999;057;999;09;111111111111000000000000;000000000000000000000000;11101000;000;_;e;10;010000000100000000000000;____;02;005;088;005;002;014;060;0425603387;;;;;;;;;;;;;;;;;;;;;;;;;;;;;;;;;;;;;;;;;;;;;;;;;;
07:07:20;12;41;9999;074;999;09;111111111111000000000000;000000000000000000000000;11101000;000;_;e;10;001101001100000000000000;____;09;070;073;017;062;070;121;0425603388;;;;;;;;;;;;;;;;;;;;;;;;;;;;;;;;;;;;;;;;;;;;;;;;;;
07:10:07;12;42;9999;075;999;09;111111111111000000000000;000000000000000000000000;11101000;000;_;e;10;111100000100000000000000;____;02;046;086;025;021;047;059;0425603390;;;;;;;;;;;;;;;;;;;;;;;;;;;;;;;;;;;;;;;;;;;;;;;;;;
07:13:10;12;43;9999;078;999;09;111111111111000000000000;000000000000000000000000;11101000;000;_;e;10;001101001100000000000000;____;03;050;066;036;043;054;072;0425646985;;;;;;;;;;;;;;;;;;;;;;;;;;;;;;;;;;;;;;;;;;;;;;;;;;
07:20:25;12;44;9999;075;999;09;111111111111000000000000;000000000000000000000000;11101000;000;_;e;10;001111001100000000000000;____;04;045;073;034;041;046;089;0425651008;;;;;;;;;;;;;;;;;;;;;;;;;;;;;;;;;;;;;;;;;;;;;;;;;;
07:32:26;12;45;9999;053;999;09;111111111111000000000000;000000000000000000000000;11101000;000;_;e;10;000100000000000000000000;____;04;-01;076;011;-01;-01;003;0425643896;;;;;;;;;;;;;;;;;;;;;;;;;;;;;;;;;;;;;;;;;;;;;;;;;;
07:41:56;12;46;9999;060;999;09;111111111111000000000000;000000000000000000000000;11101000;000;_;e;10;001111001101000000000000;____;10;000;073;004;-11;023;124;0425651100;;;;;;;;;;;;;;;;;;;;;;;;;;;;;;;;;;;;;;;;;;;;;;;;;;
07:48:03;12;47;9999;075;999;09;111111111111000000000000;000000000000000000000000;11101000;000;_;e;10;110000000000000000000000;____;02;040;083;022;037;041;046;0425651027;;;;;;;;;;;;;;;;;;;;;;;;;;;;;;;;;;;;;;;;;;;;;;;;;;
07:52:31;12;48;9999;071;999;09;111111111111000000000000;000000000000000000000000;11101000;000;_;e;10;001110000100000000000000;____;10;079;078;024;075;080;066;0425646181;;;;;;;;;;;;;;;;;;;;;;;;;;;;;;;;;;;;;;;;;;;;;;;;;;
07:53:01;12;49;9999;078;999;09;111111111111000000000000;000000000000000000000000;11101000;000;_;e;10;001111101100000000000000;____;09;045;056;040;035;046;142;0425646185;;;;;;;;;;;;;;;;;;;;;;;;;;;;;;;;;;;;;;;;;;;;;;;;;;
08:00:33;12;50;9999;058;999;09;111111111111000000000000;000000000000000000000000;11101000;000;_;e;10;001011001101000000000000;____;10;-03;076;011;-09;037;082;0425651307;;;;;;;;;;;;;;;;;;;;;;;;;;;;;;;;;;;;;;;;;;;;;;;;;;
08:05:31;12;51;9999;070;999;09;111111111111000000000000;000000000000000000000000;11101000;000;_;e;10;001100000000000000000000;____;04;039;079;042;037;039;028;0425646191;;;;;;;;;;;;;;;;;;;;;;;;;;;;;;;;;;;;;;;;;;;;;;;;;;
08:23:25;12;52;9999;083;999;09;111111111111000000000000;000000000000000000000000;11101000;000;_;e;10;001000001100000000000000;____;09;079;067;006;076;091;016;0425651052;;;;;;;;;;;;;;;;;;;;;;;;;;;;;;;;;;;;;;;;;;;;;;;;;;
08:44:36;12;53;9999;051;999;09;111111111111000000000000;000000000000000000000000;11101000;000;_;e;10;001111001101000000000000;____;03;-03;072;003;-13;038;111;0425651068;;;;;;;;;;;;;;;;;;;;;;;;;;;;;;;;;;;;;;;;;;;;;;;;;;
08:45:39;12;54;9999;077;999;09;111111111111000000000000;000000000000000000000000;11101000;000;_;e;10;001111001100000000000000;____;03;046;078;030;045;050;090;0425651325;;;;;;;;;;;;;;;;;;;;;;;;;;;;;;;;;;;;;;;;;;;;;;;;;;
08:59:10;12;55;9999;080;999;09;111111111111000000000000;000000000000000000000000;11101000;000;_;e;10;001111101100000000000000;____;10;035;067;029;033;038;175;0425651076;;;;;;;;;;;;;;;;;;;;;;;;;;;;;;;;;;;;;;;;;;;;;;;;;;
09:18:50;12;56;9999;066;999;09;111111111111000000000000;000000000000000000000000;11101000;000;_;e;10;111101001100000000000000;____;01;032;100;009;013;034;053;0425651106;;;;;;;;;;;;;;;;;;;;;;;;;;;;;;;;;;;;;;;;;;;;;;;;;;
10:02:48;12;57;9999;075;999;08;111111111111000000000000;000000000000000000000000;11101000;000;_;e;10;000000001000000000000000;____;09;078;066;024;077;078;034;0425645882;;;;;;;;;;;;;;;;;;;;;;;;;;;;;;;;;;;;;;;;;;;;;;;;;;
10:09:35;12;58;9999;075;999;09;111111111111000000000000;000000000000000000000000;11101000;000;_;e;10;001101110000000000000000;____;07;039;044;043;027;061;072;0425645884;;;;;;;;;;;;;;;;;;;;;;;;;;;;;;;;;;;;;;;;;;;;;;;;;;
10:40:54;12;59;9999;064;999;08;111111111111000000000000;000000000000000000000000;11101000;000;_;e;10;011101001100000000000000;____;04;-13;084;025;-13;023;087;0425603285;;;;;;;;;;;;;;;;;;;;;;;;;;;;;;;;;;;;;;;;;;;;;;;;;;
11:22:04;12;60;9999;073;999;09;111111111111000000000000;000000000000000000000000;11101000;000;_;e;10;010111111100000000000000;____;08;033;050;038;029;036;070;0425646760;;;;;;;;;;;;;;;;;;;;;;;;;;;;;;;;;;;;;;;;;;;;;;;;;;
11:30:44;12;61;9999;068;999;08;111111111111000000000000;000000000000000000000000;11101000;000;_;e;10;001110000101000000000000;____;10;-06;082;006;-09;000;094;0425603294;;;;;;;;;;;;;;;;;;;;;;;;;;;;;;;;;;;;;;;;;;;;;;;;;;
11:31:05;12;62;9999;075;999;08;111111111111000000000000;000000000000000000000000;11101000;000;_;e;10;001011101100000000000000;____;03;051;057;029;043;054;096;0425603295;;;;;;;;;;;;;;;;;;;;;;;;;;;;;;;;;;;;;;;;;;;;;;;;;;
11:46:20;12;63;9999;073;999;08;111111111111000000000000;000000000000000000000000;11101000;000;_;e;10;000001010010000000000000;____;06;023;046;025;009;023;009;0425653912;;;;;;;;;;;;;;;;;;;;;;;;;;;;;;;;;;;;;;;;;;;;;;;;;;
11:47:10;12;64;9999;063;999;08;111111111111000000000000;000000000000000000000000;11101000;000;_;e;10;000001000010000000000000;____;11;049;047;004;032;049;018;0425653913;;;;;;;;;;;;;;;;;;;;;;;;;;;;;;;;;;;;;;;;;;;;;;;;;;
11:59:16;12;65;9999;066;999;08;111111111111000000000000;000000000000000000000000;11101000;000;_;e;10;110000001100000000000000;____;01;039;102;011;026;062;034;0425646561;;;;;;;;;;;;;;;;;;;;;;;;;;;;;;;;;;;;;;;;;;;;;;;;;;
12:07:13;12;66;9999;075;999;09;111111111111000000000000;000000000000000000000000;11101000;000;_;e;10;011110001100000000000000;____;10;-06;082;014;-08;033;073;0425646562;;;;;;;;;;;;;;;;;;;;;;;;;;;;;;;;;;;;;;;;;;;;;;;;;;
12:08:34;12;67;9999;074;999;09;111111111111000000000000;000000000000000000000000;11101000;000;_;e;10;001100001100000000000000;____;10;073;084;018;040;074;056;0425646563;;;;;;;;;;;;;;;;;;;;;;;;;;;;;;;;;;;;;;;;;;;;;;;;;;
12:25:14;12;68;9999;054;999;09;111111111111000000000000;000000000000000000000000;11101000;000;_;e;10;011100001100000000000000;____;03;-04;081;022;-18;035;083;0425650633;;;;;;;;;;;;;;;;;;;;;;;;;;;;;;;;;;;;;;;;;;;;;;;;;;
12:26:03;12;69;9999;074;999;09;111111111111000000000000;000000000000000000000000;11101000;000;_;e;10;000001110000000000000000;____;08;035;045;022;033;039;053;0425653927;;;;;;;;;;;;;;;;;;;;;;;;;;;;;;;;;;;;;;;;;;;;;;;;;;
12:29:57;12;70;9999;038;999;08;111111111111000000000000;000000000000000000000000;11101000;000;_;e;10;001111001100000000000000;____;09;035;068;028;011;037;119;0425650634;;;;;;;;;;;;;;;;;;;;;;;;;;;;;;;;;;;;;;;;;;;;;;;;;;
12:32:10;12;71;9999;073;999;09;111111111111000000000000;000000000000000000000000;11101000;000;_;e;10;101100001100000000000000;____;09;037;073;035;033;038;083;0425651350;;;;;;;;;;;;;;;;;;;;;;;;;;;;;;;;;;;;;;;;;;;;;;;;;;
12:37:25;12;72;9999;060;999;09;111111111111000000000000;000000000000000000000000;11101000;000;_;e;10;000110000000000000000000;____;05;012;063;024;012;016;010;0425475821;;;;;;;;;;;;;;;;;;;;;;;;;;;;;;;;;;;;;;;;;;;;;;;;;;
12:44:36;12;73;9999;055;999;09;111111111111000000000000;000000000000000000000000;11101000;000;_;e;10;010011111000000000000000;____;07;-09;062;024;-20;-05;068;0425646577;;;;;;;;;;;;;;;;;;;;;;;;;;;;;;;;;;;;;;;;;;;;;;;;;;
13:06:46;12;74;9999;077;999;09;111111111111000000000000;000000000000000000000000;11101000;000;_;e;10;001111001100000000000000;____;04;022;064;027;017;025;159;0425650646;;;;;;;;;;;;;;;;;;;;;;;;;;;;;;;;;;;;;;;;;;;;;;;;;;
15:18:40;12;75;9999;063;999;09;111111111111000000000000;000000000000000000000000;11101000;000;_;e;10;111111001100000000000000;____;05;018;084;036;018;027;123;0425646765;;;;;;;;;;;;;;;;;;;;;;;;;;;;;;;;;;;;;;;;;;;;;;;;;;
15:29:18;12;76;9999;074;999;09;111111111111000000000000;000000000000000000000000;11101000;000;_;e;10;001011010100000000000000;____;05;031;062;035;022;034;068;0425651354;;;;;;;;;;;;;;;;;;;;;;;;;;;;;;;;;;;;;;;;;;;;;;;;;;
15:31:09;12;77;9999;064;999;09;111111111111000000000000;000000000000000000000000;11010000;000;_;;;;;;;;;;;;;;;;;;;;;;;;;;;;;;;;;;;;;;;;;;;;;;;;;;;;;;;;;;;;;;
15:33:17;12;78;9999;075;999;09;111111111111000000000000;000000000000000000000000;11101000;000;_;e;10;001100001100000000000000;____;04;006;082;016;004;068;102;0425646773;;;;;;;;;;;;;;;;;;;;;;;;;;;;;;;;;;;;;;;;;;;;;;;;;;
16:01:13;12;79;9999;058;999;09;111111111111000000000000;000000000000000000000000;11101000;000;_;e;10;001000000001000000000000;____;03;019;083;024;019;023;008;0425651144;;;;;;;;;;;;;;;;;;;;;;;;;;;;;;;;;;;;;;;;;;;;;;;;;;
16:12:03;12;80;9999;074;999;09;111111111111000000000000;000000000000000000000000;11101000;000;_;e;10;001111000000000000000000;____;03;029;082;021;026;033;055;0425646791;;;;;;;;;;;;;;;;;;;;;;;;;;;;;;;;;;;;;;;;;;;;;;;;;;
16:12:57;12;81;9999;074;999;09;111111111111000000000000;000000000000000000000000;11101000;000;_;e;10;110000000000000000000000;____;01;032;098;027;032;037;090;0425651149;;;;;;;;;;;;;;;;;;;;;;;;;;;;;;;;;;;;;;;;;;;;;;;;;;
16:24:04;12;82;9999;044;999;09;111111111111000000000000;000000000000000000000000;11101000;000;_;e;10;001111101100000000000000;____;04;014;057;044;010;038;257;0425646590;;;;;;;;;;;;;;;;;;;;;;;;;;;;;;;;;;;;;;;;;;;;;;;;;;
16:41:51;12;83;9999;076;999;09;111111111111000000000000;000000000000000000000000;11101000;000;_;e;10;101100000100000000000000;____;10;012;080;034;003;040;080;0425655400;;;;;;;;;;;;;;;;;;;;;;;;;;;;;;;;;;;;;;;;;;;;;;;;;;
16:43:43;12;84;9999;057;999;09;111111111111000000000000;000000000000000000000000;11101000;000;_;e;10;000100001101000000000000;____;10;-05;081;011;-05;028;079;0425655402;;;;;;;;;;;;;;;;;;;;;;;;;;;;;;;;;;;;;;;;;;;;;;;;;;
16:43:56;12;85;9999;079;999;09;111111111111000000000000;000000000000000000000000;11101000;000;_;e;10;010011111000000000000000;____;07;047;039;030;039;050;122;0425646592;;;;;;;;;;;;;;;;;;;;;;;;;;;;;;;;;;;;;;;;;;;;;;;;;;
16:48:42;12;86;9999;075;999;09;111111111111000000000000;000000000000000000000000;11101000;000;_;e;10;101100001100000000000000;____;10;039;081;032;037;042;108;0425655405;;;;;;;;;;;;;;;;;;;;;;;;;;;;;;;;;;;;;;;;;;;;;;;;;;
16:51:32;12;87;9999;062;999;09;111111111111000000000000;000000000000000000000000;11101000;000;_;e;10;111000000000000000000000;____;02;035;099;012;034;044;030;0425654526;;;;;;;;;;;;;;;;;;;;;;;;;;;;;;;;;;;;;;;;;;;;;;;;;;
17:03:05;12;88;9999;075;999;09;111111111111000000000000;000000000000000000000000;11101000;000;_;e;10;000000001100000000000000;____;10;020;065;028;005;020;014;0425654529;;;;;;;;;;;;;;;;;;;;;;;;;;;;;;;;;;;;;;;;;;;;;;;;;;
17:26:45;12;89;9999;061;999;08;111111111111000000000000;000000000000000000000000;11101000;000;_;e;10;000110101110000000000000;____;05;051;047;009;049;055;071;0425651386;;;;;;;;;;;;;;;;;;;;;;;;;;;;;;;;;;;;;;;;;;;;;;;;;;
17:27:18;12;90;9999;056;999;09;111111111111000000000000;000000000000000000000000;11101000;000;_;e;10;100000000000000000000000;____;01;-04;099;022;-04;-04;007;0425651384;;;;;;;;;;;;;;;;;;;;;;;;;;;;;;;;;;;;;;;;;;;;;;;;;;
17:29:22;12;91;9999;074;999;09;111111111111000000000000;000000000000000000000000;11101000;000;_;e;10;000010000000000000000000;____;05;029;065;024;029;029;002;0425654545;;;;;;;;;;;;;;;;;;;;;;;;;;;;;;;;;;;;;;;;;;;;;;;;;;
17:44:56;12;92;9999;075;999;09;111111111111000000000000;000000000000000000000000;11101000;000;_;e;10;000111001000000000000000;____;05;052;054;023;049;056;090;0425654616;;;;;;;;;;;;;;;;;;;;;;;;;;;;;;;;;;;;;;;;;;;;;;;;;;
17:57:26;12;93;9999;095;999;09;111111111111000000000000;000000000000000000000000;11101000;000;_;e;10;011000001000000000000000;____;09;083;073;021;055;083;028;0425655336;;;;;;;;;;;;;;;;;;;;;;;;;;;;;;;;;;;;;;;;;;;;;;;;;;
18:01:06;12;94;9999;079;999;09;111111111111000000000000;000000000000000000000000;11101000;000;_;e;10;000101001000000000000000;____;09;064;067;004;028;065;041;0425654723;;;;;;;;;;;;;;;;;;;;;;;;;;;;;;;;;;;;;;;;;;;;;;;;;;
18:01:49;12;95;9999;075;999;08;111111111111000000000000;000000000000000000000000;11101000;000;_;e;10;011100000000000000000000;____;04;047;093;036;025;063;045;0425654725;;;;;;;;;;;;;;;;;;;;;;;;;;;;;;;;;;;;;;;;;;;;;;;;;;
18:07:51;12;96;9999;077;999;09;111111111111000000000000;000000000000000000000000;11101000;000;_;e;10;101010101000000000000000;____;03;060;078;025;030;063;076;0425654549;;;;;;;;;;;;;;;;;;;;;;;;;;;;;;;;;;;;;;;;;;;;;;;;;;
18:08:51;12;97;9999;075;999;09;111111111111000000000000;000000000000000000000000;11101000;000;_;e;10;001111101100000000000000;____;06;040;066;033;034;043;096;0425654630;;;;;;;;;;;;;;;;;;;;;;;;;;;;;;;;;;;;;;;;;;;;;;;;;;
18:13:02;12;98;9999;052;999;09;111111111111000000000000;000000000000000000000000;11101000;000;_;e;10;000011111100000000000000;____;09;025;072;037;001;027;155;0425654629;;;;;;;;;;;;;;;;;;;;;;;;;;;;;;;;;;;;;;;;;;;;;;;;;;
18:13:44;12;99;9999;058;999;09;111111111111000000000000;000000000000000000000000;11101000;000;_;e;10;110000000100000000000000;____;02;028;097;008;002;031;063;0425654627;;;;;;;;;;;;;;;;;;;;;;;;;;;;;;;;;;;;;;;;;;;;;;;;;;
18:24:45;12;01;9999;080;999;09;111111111111000000000000;000000000000000000000000;11101000;000;_;e;10;110000001000000000000000;____;02;037;083;025;031;038;058;0425654821;;;;;;;;;;;;;;;;;;;;;;;;;;;;;;;;;;;;;;;;;;;;;;;;;;
18:25:56;12;02;9999;076;999;09;111111111111000000000000;000000000000000000000000;11101000;000;_;e;10;111000001101000000000000;____;09;076;072;013;064;077;042;0425656101;;;;;;;;;;;;;;;;;;;;;;;;;;;;;;;;;;;;;;;;;;;;;;;;;;
18:27:47;12;03;9999;076;999;09;111111111111000000000000;000000000000000000000000;11001000;000;_;e;10;001111001101000000000000;____;04;042;078;029;027;047;099;0425654734;056;072;004;033;056;030;0050120019;;;;;;;;;;;;;;;;;;;;;;;;;;;;;;;;;;;;;;;;;;;
18:27:55;12;04;9999;075;619;08;111111111111000000000000;000000000000000000000000;11101000;000;_;e;10;111101001100000000000000;____;03;042;082;027;024;044;082;0425654733;;;;;;;;;;;;;;;;;;;;;;;;;;;;;;;;;;;;;;;;;;;;;;;;;;
18:31:54;12;05;9999;072;999;09;111111111111000000000000;000000000000000000000000;11101000;000;_;e;10;001110000111000000000000;____;10;022;054;013;022;038;117;0425655351;;;;;;;;;;;;;;;;;;;;;;;;;;;;;;;;;;;;;;;;;;;;;;;;;;
18:37:31;12;06;9999;080;999;08;111111111111000000000000;000000000000000000000000;11101000;000;_;e;10;001111111000000000000000;____;05;038;059;026;027;042;120;0425654740;;;;;;;;;;;;;;;;;;;;;;;;;;;;;;;;;;;;;;;;;;;;;;;;;;
18:37:44;12;07;9999;065;978;09;111111111111000000000000;000000000000000000000000;11101000;000;_;e;10;101100001100000000000000;____;04;030;084;042;008;034;073;0425654741;;;;;;;;;;;;;;;;;;;;;;;;;;;;;;;;;;;;;;;;;;;;;;;;;;
18:38:35;12;08;9999;066;999;09;111111111111000000000000;000000000000000000000000;11101000;000;_;e;10;111000000000000000000000;____;01;039;100;008;024;040;052;0425654743;;;;;;;;;;;;;;;;;;;;;;;;;;;;;;;;;;;;;;;;;;;;;;;;;;
18:39:09;12;09;9999;054;999;09;111111111111000000000000;000000000000000000000000;11101000;000;_;e;10;100000000100000000000000;____;10;-08;086;005;-08;009;012;0425654744;;;;;;;;;;;;;;;;;;;;;;;;;;;;;;;;;;;;;;;;;;;;;;;;;;
18:41:13;12;10;9999;075;999;09;111111111111000000000000;000000000000000000000000;11101000;000;_;e;10;000010000100000000000000;____;10;033;061;032;032;033;047;0425655358;;;;;;;;;;;;;;;;;;;;;;;;;;;;;;;;;;;;;;;;;;;;;;;;;;
18:42:26;12;11;9999;074;999;09;111111111111000000000000;000000000000000000000000;11101000;000;_;e;10;001101001000000000000000;____;04;056;058;017;055;061;124;0425650660;;;;;;;;;;;;;;;;;;;;;;;;;;;;;;;;;;;;;;;;;;;;;;;;;;
18:43:55;12;12;9999;075;999;09;111111111111000000000000;000000000000000000000000;11101000;000;_;e;10;000010100000000000000000;____;05;049;066;035;049;053;036;0425655359;;;;;;;;;;;;;;;;;;;;;;;;;;;;;;;;;;;;;;;;;;;;;;;;;;
18:46:16;12;13;9999;070;999;09;111111111111000000000000;000000000000000000000000;11101000;000;_;e;10;110000000001000000000000;____;01;043;097;014;007;046;050;0425655360;;;;;;;;;;;;;;;;;;;;;;;;;;;;;;;;;;;;;;;;;;;;;;;;;;
18:47:54;12;14;9999;075;999;09;111111111111000000000000;000000000000000000000000;11101000;000;_;e;10;001001000100000000000000;____;10;021;064;010;021;050;046;0425655719;;;;;;;;;;;;;;;;;;;;;;;;;;;;;;;;;;;;;;;;;;;;;;;;;;
18:48:24;12;15;9999;075;999;09;111111111111000000000000;000000000000000000000000;11101000;000;_;e;10;010000001100000000000000;____;10;022;073;033;019;038;015;0425654659;;;;;;;;;;;;;;;;;;;;;;;;;;;;;;;;;;;;;;;;;;;;;;;;;;
18:51:36;12;16;9999;075;999;09;111111111111000000000000;000000000000000000000000;11101000;000;_;e;10;001100001100000000000000;____;03;044;083;033;017;047;105;0425654662;;;;;;;;;;;;;;;;;;;;;;;;;;;;;;;;;;;;;;;;;;;;;;;;;;
19:05:44;12;17;9999;075;999;09;111111111111000000000000;000000000000000000000000;11101000;000;_;e;10;000011000100000000000000;____;06;036;054;016;023;039;025;0425654752;;;;;;;;;;;;;;;;;;;;;;;;;;;;;;;;;;;;;;;;;;;;;;;;;;
19:08:09;12;18;9999;063;999;09;111111111111000000000000;000000000000000000000000;11101000;000;_;e;10;100000000001000000000000;____;12;065;075;004;043;065;019;0425651154;;;;;;;;;;;;;;;;;;;;;;;;;;;;;;;;;;;;;;;;;;;;;;;;;;
19:11:50;12;19;9999;075;999;09;111111111111000000000000;000000000000000000000000;11101000;000;_;e;10;001111001100000000000000;____;10;038;061;043;033;044;107;0425654755;;;;;;;;;;;;;;;;;;;;;;;;;;;;;;;;;;;;;;;;;;;;;;;;;;
19:19:04;12;20;9999;062;999;09;111111111111000000000000;000000000000000000000000;11101000;000;_;e;10;001111000101000000000000;____;10;-04;079;009;-10;018;150;0425654670;;;;;;;;;;;;;;;;;;;;;;;;;;;;;;;;;;;;;;;;;;;;;;;;;;
19:20:26;12;21;9999;075;999;09;111111111111000000000000;000000000000000000000000;11101000;000;_;e;10;001111111100000000000000;____;10;047;045;041;040;051;235;0425650670;;;;;;;;;;;;;;;;;;;;;;;;;;;;;;;;;;;;;;;;;;;;;;;;;;
19:22:34;12;22;9999;075;999;09;111111111111000000000000;000000000000000000000000;11101000;000;_;e;10;000111101100000000000000;____;06;045;054;026;045;051;102;0425650671;;;;;;;;;;;;;;;;;;;;;;;;;;;;;;;;;;;;;;;;;;;;;;;;;;
19:26:07;12;23;9999;070;999;09;111111111111000000000000;000000000000000000000000;11101000;000;_;e;10;000000101010000000000000;____;09;060;041;021;049;060;026;0425654671;;;;;;;;;;;;;;;;;;;;;;;;;;;;;;;;;;;;;;;;;;;;;;;;;;
20:02:24;12;24;9999;054;999;09;111111111111000000000000;000000000000000000000000;11101000;000;_;e;10;000000110010000000000000;____;07;031;058;008;027;031;041;0425651157;;;;;;;;;;;;;;;;;;;;;;;;;;;;;;;;;;;;;;;;;;;;;;;;;;
20:06:30;12;25;9999;074;999;09;111111111111000000000000;000000000000000000000000;11101000;000;_;e;10;110000000000000000000000;____;01;036;101;014;034;036;047;0425651158;;;;;;;;;;;;;;;;;;;;;;;;;;;;;;;;;;;;;;;;;;;;;;;;;;
20:26:21;12;26;9999;075;999;09;111111111111000000000000;000000000000000000000000;11101000;000;_;e;10;000100000000000000000000;____;04;043;089;016;043;043;006;0425651161;;;;;;;;;;;;;;;;;;;;;;;;;;;;;;;;;;;;;;;;;;;;;;;;;;
20:29:34;12;27;9999;074;999;09;111111111111000000000000;000000000000000000000000;11101000;000;_;e;10;011111001100000000000000;____;10;071;073;020;028;073;126;0425656103;;;;;;;;;;;;;;;;;;;;;;;;;;;;;;;;;;;;;;;;;;;;;;;;;;
20:41:30;12;28;9999;074;999;09;111111111111000000000000;000000000000000000000000;11101000;000;_;e;10;001111001100000000000000;____;03;042;066;031;038;044;199;0425657407;;;;;;;;;;;;;;;;;;;;;;;;;;;;;;;;;;;;;;;;;;;;;;;;;;
20:42:35;12;29;9999;074;999;09;111111111111000000000000;000000000000000000000000;11101000;000;_;e;10;001111001100000000000000;____;03;046;067;035;040;048;143;0425655507;;;;;;;;;;;;;;;;;;;;;;;;;;;;;;;;;;;;;;;;;;;;;;;;;;
20:42:52;12;30;9999;076;999;08;111111111111000000000000;000000000000000000000000;11101000;000;_;e;10;100100000000000000000000;____;04;018;081;025;018;018;005;0425655509;;;;;;;;;;;;;;;;;;;;;;;;;;;;;;;;;;;;;;;;;;;;;;;;;;
20:48:03;12;31;9999;059;999;09;111111111111000000000000;000000000000000000000000;11101000;000;_;e;10;110000001000000000000000;____;02;041;101;013;041;049;035;0425651164;;;;;;;;;;;;;;;;;;;;;;;;;;;;;;;;;;;;;;;;;;;;;;;;;;
20:49:03;12;32;9999;075;999;09;111111111111000000000000;000000000000000000000000;11101000;000;_;e;10;010011101000000000000000;____;06;038;066;035;035;049;092;0425657414;;;;;;;;;;;;;;;;;;;;;;;;;;;;;;;;;;;;;;;;;;;;;;;;;;
20:53:45;12;33;9999;075;999;09;111111111111000000000000;000000000000000000000000;11101000;000;_;e;10;011101001100000000000000;____;03;050;087;022;049;057;105;0425656105;;;;;;;;;;;;;;;;;;;;;;;;;;;;;;;;;;;;;;;;;;;;;;;;;;
20:54:36;12;34;9999;078;999;08;111111111111000000000000;000000000000000000000000;11101000;000;_;e;10;001111101100000000000000;____;10;040;072;042;034;052;196;0425654567;;;;;;;;;;;;;;;;;;;;;;;;;;;;;;;;;;;;;;;;;;;;;;;;;;
20:57:22;12;35;9999;077;999;09;111111111111000000000000;000000000000000000000000;11101000;000;_;e;10;000111100001000000000000;____;04;030;089;004;028;045;032;0425654569;;;;;;;;;;;;;;;;;;;;;;;;;;;;;;;;;;;;;;;;;;;;;;;;;;
21:08:51;12;36;9999;077;999;08;111111111111000000000000;000000000000000000000000;11101000;000;_;e;10;000000000101000000000000;____;10;005;076;004;005;038;009;0425653950;;;;;;;;;;;;;;;;;;;;;;;;;;;;;;;;;;;;;;;;;;;;;;;;;;
21:10:09;12;37;9999;075;999;09;111111111111000000000000;000000000000000000000000;11101000;000;_;e;10;001101001100000000000000;____;09;043;076;028;042;045;089;0425656110;;;;;;;;;;;;;;;;;;;;;;;;;;;;;;;;;;;;;;;;;;;;;;;;;;
21:15:59;12;38;9999;074;999;09;111111111111000000000000;000000000000000000000000;11101000;000;_;e;10;001111001100000000000000;____;03;037;066;030;035;038;074;0425655526;;;;;;;;;;;;;;;;;;;;;;;;;;;;;;;;;;;;;;;;;;;;;;;;;;
21:19:15;12;39;9999;062;999;09;111111111111000000000000;000000000000000000000000;11101000;000;_;e;10;001101001000000000000000;____;09;071;078;006;033;072;097;0425653957;;;;;;;;;;;;;;;;;;;;;;;;;;;;;;;;;;;;;;;;;;;;;;;;;;
21:32:26;12;40;9999;073;999;09;111111111111000000000000;000000000000000000000000;11101000;000;_;e;10;001111001100000000000000;____;03;014;065;028;005;022;158;0425651173;;;;;;;;;;;;;;;;;;;;;;;;;;;;;;;;;;;;;;;;;;;;;;;;;;
21:34:12;12;41;9999;075;999;09;111111111111000000000000;000000000000000000000000;11101000;000;_;e;10;011101110100000000000000;____;03;031;064;033;019;036;102;0425656120;;;;;;;;;;;;;;;;;;;;;;;;;;;;;;;;;;;;;;;;;;;;;;;;;;
21:34:41;12;42;9999;103;999;09;111111111111000000000000;000000000000000000000000;11101000;000;_;e;10;111100000001000000000000;____;01;046;088;010;044;051;048;0425657423;;;;;;;;;;;;;;;;;;;;;;;;;;;;;;;;;;;;;;;;;;;;;;;;;;
21:37:07;12;43;9999;077;999;09;111111111111000000000000;000000000000000000000000;11101000;000;_;e;10;000111001100000000000000;____;06;045;069;041;043;049;054;0425657424;;;;;;;;;;;;;;;;;;;;;;;;;;;;;;;;;;;;;;;;;;;;;;;;;;
21:45:17;12;44;9999;063;999;09;111111111111000000000000;000000000000000000000000;11101000;000;_;e;10;000100000100000000000000;____;10;002;073;021;002;037;050;0425657430;;;;;;;;;;;;;;;;;;;;;;;;;;;;;;;;;;;;;;;;;;;;;;;;;;
21:49:03;12;45;9999;075;999;09;111111111111000000000000;000000000000000000000000;11101000;000;_;e;10;000011111100000000000000;____;06;028;065;034;026;032;095;0425654582;;;;;;;;;;;;;;;;;;;;;;;;;;;;;;;;;;;;;;;;;;;;;;;;;;
21:49:11;12;46;9999;074;642;09;111111111111000000000000;000000000000000000000000;11101000;000;_;e;10;111001000100000000000000;____;01;036;099;013;-02;045;073;0425654584;;;;;;;;;;;;;;;;;;;;;;;;;;;;;;;;;;;;;;;;;;;;;;;;;;
21:51:10;12;47;9999;074;999;09;111111111111000000000000;000000000000000000000000;11101000;000;_;e;10;001111001100000000000000;____;09;034;062;036;018;034;174;0425657431;;;;;;;;;;;;;;;;;;;;;;;;;;;;;;;;;;;;;;;;;;;;;;;;;;
21:51:19;12;48;9999;069;643;09;111111111111000000000000;000000000000000000000000;11101000;000;_;e;10;000011111000000000000000;____;09;039;043;015;036;040;098;0425657432;;;;;;;;;;;;;;;;;;;;;;;;;;;;;;;;;;;;;;;;;;;;;;;;;;
21:52:31;12;49;9999;058;999;09;111111111111000000000000;000000000000000000000000;11101000;000;_;e;10;110011111100000000000000;____;02;034;097;022;004;042;115;0425656125;;;;;;;;;;;;;;;;;;;;;;;;;;;;;;;;;;;;;;;;;;;;;;;;;;
22:00:25;12;50;9999;078;999;09;111111111111000000000000;000000000000000000000000;11101000;000;_;e;10;010110001100000000000000;____;04;042;070;032;035;043;082;0425656126;;;;;;;;;;;;;;;;;;;;;;;;;;;;;;;;;;;;;;;;;;;;;;;;;;
22:01:16;12;51;9999;077;999;09;111111111111000000000000;000000000000000000000000;11101000;000;_;e;10;000010100000000000000000;____;05;032;056;020;031;036;069;0425656127;;;;;;;;;;;;;;;;;;;;;;;;;;;;;;;;;;;;;;;;;;;;;;;;;;
22:02:32;12;52;9999;050;999;09;111111111111000000000000;000000000000000000000000;11101000;000;_;e;10;011111001100000000000000;____;10;-06;079;010;-09;018;144;0425656128;;;;;;;;;;;;;;;;;;;;;;;;;;;;;;;;;;;;;;;;;;;;;;;;;;
22:08:18;12;53;9999;075;999;09;111111111111000000000000;000000000000000000000000;11101000;000;_;e;10;001111101100000000000000;____;06;032;063;032;030;036;120;0425655464;;;;;;;;;;;;;;;;;;;;;;;;;;;;;;;;;;;;;;;;;;;;;;;;;;
22:15:45;12;54;9999;075;999;09;111111111111000000000000;000000000000000000000000;11101000;000;_;e;10;001111001100000000000000;____;03;029;068;033;022;033;125;0425656132;;;;;;;;;;;;;;;;;;;;;;;;;;;;;;;;;;;;;;;;;;;;;;;;;;
22:30:00;12;55;9999;066;999;09;111111111111000000000000;000000000000000000000000;11101000;000;_;e;10;100000000000000000000000;____;01;037;103;009;037;037;057;0425654591;;;;;;;;;;;;;;;;;;;;;;;;;;;;;;;;;;;;;;;;;;;;;;;;;;
22:31:19;12;56;9999;071;999;09;111111111111000000000000;000000000000000000000000;11101000;000;_;e;10;000011111000000000000000;____;05;053;042;011;050;056;060;0425654592;;;;;;;;;;;;;;;;;;;;;;;;;;;;;;;;;;;;;;;;;;;;;;;;;;
22:47:55;12;57;9999;075;999;09;111111111111000000000000;000000000000000000000000;11101000;000;_;e;10;111101010100000000000000;____;04;042;082;021;037;042;089;0425655547;;;;;;;;;;;;;;;;;;;;;;;;;;;;;;;;;;;;;;;;;;;;;;;;;;
22:49:55;12;58;9999;054;999;09;111111111111000000000000;000000000000000000000000;11101000;000;_;e;10;110000000000000000000000;____;01;032;100;012;031;032;019;0425653996;;;;;;;;;;;;;;;;;;;;;;;;;;;;;;;;;;;;;;;;;;;;;;;;;;
22:52:25;12;59;9999;061;999;09;111111111111000000000000;000000000000000000000000;11101000;000;_;e;10;000000000001000000000000;____;12;002;077;004;002;002;005;0425655548;;;;;;;;;;;;;;;;;;;;;;;;;;;;;;;;;;;;;;;;;;;;;;;;;;
22:57:02;12;60;9999;074;999;09;111111111111000000000000;000000000000000000000000;11101000;000;_;e;10;111011100100000000000000;____;02;038;068;038;026;039;103;0425654824;;;;;;;;;;;;;;;;;;;;;;;;;;;;;;;;;;;;;;;;;;;;;;;;;;
22:59:02;12;61;9999;075;999;09;111111111111000000000000;000000000000000000000000;11101000;000;_;e;10;001111001100000000000000;____;04;040;058;040;034;040;152;0425654825;;;;;;;;;;;;;;;;;;;;;;;;;;;;;;;;;;;;;;;;;;;;;;;;;;
23:05:46;12;62;9999;059;999;09;111111111111000000000000;000000000000000000000000;11101000;000;_;e;10;100000000101000000000000;____;01;024;100;004;008;024;024;0425654827;;;;;;;;;;;;;;;;;;;;;;;;;;;;;;;;;;;;;;;;;;;;;;;;;;
