RDT400 Server V3.30
Site: 
System: Barcode scanner PLC02 (Sick); System type: OPS
Date: 29-12-2024  00:00:53
Date    ;ID;CT;IDX ;TLE;TGA;V ;DEVICE LIST             ;ERROR LIST              ;OUTPUT  ;ENR;R;CODE1 ID;LENGTH;READ LIST;RES;CLV ID;XPOS;YPOS;ZPOS;XMIN;XMAX;CS;CODE CONTENT;XPOS;YPOS;ZPOS;XMIN;XMAX;CS;CODE CONTENT;CODE2 ID;LENGTH;READ LIST;RES;CLV ID;XPOS;YPOS;ZPOS;XMIN;XMAX;CS;CODE CONTENT;XPOS;YPOS;ZPOS;XMIN;XMAX;CS;CODE CONTENT;CODE3 ID;LENGTH;READ LIST;RES;CLV ID;XPOS;YPOS;ZPOS;XMIN;XMAX;CS;CODE CONTENT;XPOS;YPOS;ZPOS;XMIN;XMAX;CS;CODE CONTENT;INFO1;INFO2;CUSTOM1;CUSTOM2;
04:20:03;12;31;9999;074;999;09;111111111111000000000000;000000000000000000000000;11101000;000;_;e;10;001111001100000000000000;____;10;044;066;036;044;048;157;0425709903;;;;;;;;;;;;;;;;;;;;;;;;;;;;;;;;;;;;;;;;;;;;;;;;;;
04:20:44;12;32;9999;077;999;09;111111111111000000000000;000000000000000000000000;11101000;000;_;e;10;000111101100000000000000;____;05;034;052;026;032;038;135;0425709439;;;;;;;;;;;;;;;;;;;;;;;;;;;;;;;;;;;;;;;;;;;;;;;;;;
04:22:09;12;33;9999;075;999;09;111111111111000000000000;000000000000000000000000;11101000;000;_;e;10;000011010000000000000000;____;08;044;043;021;043;044;029;0425709440;;;;;;;;;;;;;;;;;;;;;;;;;;;;;;;;;;;;;;;;;;;;;;;;;;
04:29:11;12;34;9999;061;999;09;111111111111000000000000;000000000000000000000000;11101000;000;_;e;10;000101001100000000000000;____;10;005;084;025;005;016;051;0425710644;;;;;;;;;;;;;;;;;;;;;;;;;;;;;;;;;;;;;;;;;;;;;;;;;;
04:32:39;12;35;9999;075;999;09;111111111111000000000000;000000000000000000000000;11101000;000;_;e;10;010011100000000000000000;____;07;051;058;032;048;052;082;0425710466;;;;;;;;;;;;;;;;;;;;;;;;;;;;;;;;;;;;;;;;;;;;;;;;;;
04:44:12;12;36;9999;075;999;09;111111111111000000000000;000000000000000000000000;11101000;000;_;e;10;001111001100000000000000;____;10;037;065;041;035;044;224;0425709445;;;;;;;;;;;;;;;;;;;;;;;;;;;;;;;;;;;;;;;;;;;;;;;;;;
04:45:57;12;37;9999;067;999;09;111111111111000000000000;000000000000000000000000;11101000;000;_;e;10;001111001100000000000000;____;03;-09;066;012;-11;007;095;0425709447;;;;;;;;;;;;;;;;;;;;;;;;;;;;;;;;;;;;;;;;;;;;;;;;;;
04:46:18;12;38;9999;076;999;08;111111111111000000000000;000000000000000000000000;11101000;000;_;e;10;101100000101000000000000;____;03;042;098;029;003;042;025;0425707844;;;;;;;;;;;;;;;;;;;;;;;;;;;;;;;;;;;;;;;;;;;;;;;;;;
04:46:23;12;39;9999;067;306;09;111111111111000000000000;000000000000000000000000;11101000;000;_;e;10;000011000101000000000000;____;10;-03;075;003;-03;035;079;0425709446;;;;;;;;;;;;;;;;;;;;;;;;;;;;;;;;;;;;;;;;;;;;;;;;;;
04:53:20;12;40;9999;074;999;09;111111111111000000000000;000000000000000000000000;11101000;000;_;e;10;000100000000000000000000;____;04;054;072;030;054;054;009;0425710475;;;;;;;;;;;;;;;;;;;;;;;;;;;;;;;;;;;;;;;;;;;;;;;;;;
05:01:29;12;41;9999;076;999;09;111111111111000000000000;000000000000000000000000;11101000;000;_;e;10;101000001001000000000000;____;09;071;071;007;049;072;052;0425710127;;;;;;;;;;;;;;;;;;;;;;;;;;;;;;;;;;;;;;;;;;;;;;;;;;
05:09:34;12;42;9999;063;999;09;111111111111000000000000;000000000000000000000000;11101000;000;_;e;10;001100001100000000000000;____;03;026;085;041;026;028;044;0425707852;;;;;;;;;;;;;;;;;;;;;;;;;;;;;;;;;;;;;;;;;;;;;;;;;;
05:10:17;12;43;9999;075;999;09;111111111111000000000000;000000000000000000000000;11101000;000;_;e;10;110000000000000000000000;____;02;041;099;013;041;043;039;0425707851;;;;;;;;;;;;;;;;;;;;;;;;;;;;;;;;;;;;;;;;;;;;;;;;;;
05:12:08;12;44;9999;066;999;09;111111111111000000000000;000000000000000000000000;11101000;000;_;e;10;011111011000000000000000;____;04;038;072;044;033;045;053;0425709454;;;;;;;;;;;;;;;;;;;;;;;;;;;;;;;;;;;;;;;;;;;;;;;;;;
05:13:11;12;45;9999;069;999;08;111111111111000000000000;000000000000000000000000;11101000;000;_;e;10;110000001000000000000000;____;02;035;100;019;034;037;033;0425710660;;;;;;;;;;;;;;;;;;;;;;;;;;;;;;;;;;;;;;;;;;;;;;;;;;
05:13:49;12;46;9999;066;999;08;111111111111000000000000;000000000000000000000000;11101000;000;_;e;10;001111111111000000000000;____;10;-03;065;010;-05;041;152;0425709396;;;;;;;;;;;;;;;;;;;;;;;;;;;;;;;;;;;;;;;;;;;;;;;;;;
05:13:58;12;47;9999;075;675;09;111111111111000000000000;000000000000000000000000;11101000;000;_;e;10;111100000000000000000000;____;03;048;083;025;046;050;064;0425710274;;;;;;;;;;;;;;;;;;;;;;;;;;;;;;;;;;;;;;;;;;;;;;;;;;
05:14:16;12;48;9999;076;999;09;111111111111000000000000;000000000000000000000000;11101000;000;_;e;10;000111000000000000000000;____;05;050;045;020;049;052;072;0425710481;;;;;;;;;;;;;;;;;;;;;;;;;;;;;;;;;;;;;;;;;;;;;;;;;;
05:14:28;12;49;9999;078;953;09;111111111111000000000000;000000000000000000000000;11101000;000;_;e;10;000011110000000000000000;____;06;027;059;020;027;031;065;0425707853;;;;;;;;;;;;;;;;;;;;;;;;;;;;;;;;;;;;;;;;;;;;;;;;;;
05:15:15;12;50;9999;052;999;09;111111111111000000000000;000000000000000000000000;11101000;000;_;e;10;000110010100000000000000;____;04;018;058;021;-02;018;016;0425710661;;;;;;;;;;;;;;;;;;;;;;;;;;;;;;;;;;;;;;;;;;;;;;;;;;
05:15:23;12;51;9999;081;682;09;111111111111000000000000;000000000000000000000000;11101000;000;_;e;10;111100000100000000000000;____;03;034;080;050;027;039;088;0425710276;;;;;;;;;;;;;;;;;;;;;;;;;;;;;;;;;;;;;;;;;;;;;;;;;;
05:15:49;12;52;9999;076;999;09;111111111111000000000000;000000000000000000000000;11101000;000;_;e;10;011111000000000000000000;____;06;043;076;040;016;055;067;0425707854;;;;;;;;;;;;;;;;;;;;;;;;;;;;;;;;;;;;;;;;;;;;;;;;;;
05:16:32;12;53;9999;078;999;09;111111111111000000000000;000000000000000000000000;11101000;000;_;e;10;001100000000000000000000;____;03;035;078;047;034;036;064;0425707855;;;;;;;;;;;;;;;;;;;;;;;;;;;;;;;;;;;;;;;;;;;;;;;;;;
05:16:40;12;54;9999;071;597;09;111111111111000000000000;000000000000000000000000;11101000;000;_;e;10;000000001100000000000000;____;09;027;080;029;024;028;006;0425709398;;;;;;;;;;;;;;;;;;;;;;;;;;;;;;;;;;;;;;;;;;;;;;;;;;
05:16:44;12;55;9999;074;273;09;111111111111000000000000;000000000000000000000000;11101000;000;_;e;10;001101110000000000000000;____;08;027;048;022;025;030;060;0425709397;;;;;;;;;;;;;;;;;;;;;;;;;;;;;;;;;;;;;;;;;;;;;;;;;;
05:16:53;12;56;9999;077;678;08;111111111111000000000000;000000000000000000000000;11101000;000;_;e;10;001011001100000000000000;____;10;044;063;056;044;048;107;0425710663;;;;;;;;;;;;;;;;;;;;;;;;;;;;;;;;;;;;;;;;;;;;;;;;;;
05:17:40;12;57;9999;052;999;09;111111111111000000000000;000000000000000000000000;11101000;000;_;e;10;000011110000000000000000;____;07;033;041;015;029;033;054;0425710581;;;;;;;;;;;;;;;;;;;;;;;;;;;;;;;;;;;;;;;;;;;;;;;;;;
05:18:27;12;58;9999;066;999;09;111111111111000000000000;000000000000000000000000;11101000;000;_;e;10;000110000100000000000000;____;10;009;074;029;002;026;076;0425710665;;;;;;;;;;;;;;;;;;;;;;;;;;;;;;;;;;;;;;;;;;;;;;;;;;
05:18:44;12;59;9999;078;999;09;111111111111000000000000;000000000000000000000000;11101000;000;_;e;10;001100100000000000000000;____;04;035;058;033;031;037;043;0425709399;;;;;;;;;;;;;;;;;;;;;;;;;;;;;;;;;;;;;;;;;;;;;;;;;;
05:19:14;12;60;9999;062;999;08;111111111111000000000000;000000000000000000000000;11101000;000;_;e;10;010000111000000000000000;____;08;-06;069;024;-08;022;045;0425707859;;;;;;;;;;;;;;;;;;;;;;;;;;;;;;;;;;;;;;;;;;;;;;;;;;
05:19:52;12;61;9999;057;999;09;111111111111000000000000;000000000000000000000000;11101000;000;_;e;10;111101001100000000000000;____;10;-07;082;004;-11;011;098;0425710666;;;;;;;;;;;;;;;;;;;;;;;;;;;;;;;;;;;;;;;;;;;;;;;;;;
05:21:14;12;62;9999;076;999;09;111111111111000000000000;000000000000000000000000;11101000;000;_;e;10;001010001100000000000000;____;03;073;074;024;057;081;056;0425710582;;;;;;;;;;;;;;;;;;;;;;;;;;;;;;;;;;;;;;;;;;;;;;;;;;
05:21:34;12;63;9999;049;999;09;111111111111000000000000;000000000000000000000000;11101000;000;_;e;10;100000000001000000000000;____;01;034;099;019;020;035;035;0425710279;;;;;;;;;;;;;;;;;;;;;;;;;;;;;;;;;;;;;;;;;;;;;;;;;;
05:23:07;12;64;9999;067;999;08;111111111111000000000000;000000000000000000000000;11101000;000;_;e;10;101100001100000000000000;____;01;041;100;021;001;045;068;0425710669;;;;;;;;;;;;;;;;;;;;;;;;;;;;;;;;;;;;;;;;;;;;;;;;;;
05:24:03;12;65;9999;067;999;09;111111111111000000000000;000000000000000000000000;11101000;000;_;e;10;010110000101000000000000;____;10;004;088;006;-10;009;160;0425709459;;;;;;;;;;;;;;;;;;;;;;;;;;;;;;;;;;;;;;;;;;;;;;;;;;
05:25:23;12;66;9999;062;999;09;111111111111000000000000;000000000000000000000000;11101000;000;_;e;10;001001100101000000000000;____;12;001;075;004;001;032;019;0425710487;;;;;;;;;;;;;;;;;;;;;;;;;;;;;;;;;;;;;;;;;;;;;;;;;;
05:29:44;12;67;9999;072;999;09;111111111111000000000000;000000000000000000000000;11101000;000;_;e;10;110000000001000000000000;____;01;033;100;013;033;055;063;0425710672;;;;;;;;;;;;;;;;;;;;;;;;;;;;;;;;;;;;;;;;;;;;;;;;;;
05:30:27;12;68;9999;073;999;08;111111111111000000000000;000000000000000000000000;11101000;000;_;e;10;010000000000000000000000;____;02;054;101;013;054;054;008;0425710673;;;;;;;;;;;;;;;;;;;;;;;;;;;;;;;;;;;;;;;;;;;;;;;;;;
05:33:51;12;69;9999;075;999;09;111111111111000000000000;000000000000000000000000;11101000;000;_;e;10;001100000100000000000000;____;03;048;045;018;037;052;024;0425709467;;;;;;;;;;;;;;;;;;;;;;;;;;;;;;;;;;;;;;;;;;;;;;;;;;
05:34:25;12;70;9999;073;999;09;111111111111000000000000;000000000000000000000000;11101000;000;_;e;10;001111010100000000000000;____;04;045;038;016;039;045;063;0425710675;;;;;;;;;;;;;;;;;;;;;;;;;;;;;;;;;;;;;;;;;;;;;;;;;;
05:35:53;12;71;9999;042;999;09;111111111111000000000000;000000000000000000000000;11101000;000;_;e;10;110000000000000000000000;____;01;024;101;011;023;025;065;0425710492;;;;;;;;;;;;;;;;;;;;;;;;;;;;;;;;;;;;;;;;;;;;;;;;;;
05:36:31;12;72;9999;051;999;09;111111111111000000000000;000000000000000000000000;11101000;000;_;e;10;001101001101000000000000;____;03;-09;065;013;-09;012;127;0425710494;;;;;;;;;;;;;;;;;;;;;;;;;;;;;;;;;;;;;;;;;;;;;;;;;;
05:37:31;12;73;9999;057;999;09;111111111111000000000000;000000000000000000000000;11101000;000;_;e;10;100000000000000000000000;____;01;038;099;017;038;039;038;0425710284;;;;;;;;;;;;;;;;;;;;;;;;;;;;;;;;;;;;;;;;;;;;;;;;;;
05:41:12;12;74;9999;076;999;09;111111111111000000000000;000000000000000000000000;11010000;000;_;;;;;;;;;;;;;;;;;;;;;;;;;;;;;;;;;;;;;;;;;;;;;;;;;;;;;;;;;;;;;;
05:41:42;12;75;9999;053;999;09;111111111111000000000000;000000000000000000000000;11101000;000;_;e;10;001100001101000000000000;____;09;-06;079;025;-07;013;117;0425710498;;;;;;;;;;;;;;;;;;;;;;;;;;;;;;;;;;;;;;;;;;;;;;;;;;
05:43:03;12;76;9999;062;999;09;111111111111000000000000;000000000000000000000000;11101000;000;_;e;10;110000000100000000000000;____;10;-01;078;014;-01;027;035;0425710678;;;;;;;;;;;;;;;;;;;;;;;;;;;;;;;;;;;;;;;;;;;;;;;;;;
05:46:37;12;77;9999;078;999;09;111111111111000000000000;000000000000000000000000;11101000;000;_;e;10;110011101100000000000000;____;07;041;040;038;035;083;086;0425710141;;;;;;;;;;;;;;;;;;;;;;;;;;;;;;;;;;;;;;;;;;;;;;;;;;
05:46:57;12;78;9999;068;999;09;111111111111000000000000;000000000000000000000000;11101000;000;_;e;10;110000000100000000000000;____;02;037;102;007;006;039;027;0425709477;;;;;;;;;;;;;;;;;;;;;;;;;;;;;;;;;;;;;;;;;;;;;;;;;;
05:49:17;12;79;9999;056;999;09;111111111111000000000000;000000000000000000000000;11101000;000;_;e;10;001100001100000000000000;____;10;007;082;026;001;011;127;0425710685;;;;;;;;;;;;;;;;;;;;;;;;;;;;;;;;;;;;;;;;;;;;;;;;;;
05:49:52;12;80;9999;078;999;09;111111111111000000000000;000000000000000000000000;11101000;000;_;e;10;000111000100000000000000;____;06;034;049;024;033;038;031;0425710142;;;;;;;;;;;;;;;;;;;;;;;;;;;;;;;;;;;;;;;;;;;;;;;;;;
05:50:13;12;81;9999;070;999;09;111111111111000000000000;000000000000000000000000;11101000;000;_;e;10;100000000100000000000000;____;10;013;080;004;013;038;006;0425709479;;;;;;;;;;;;;;;;;;;;;;;;;;;;;;;;;;;;;;;;;;;;;;;;;;
05:50:51;12;82;9999;075;999;09;111111111111000000000000;000000000000000000000000;11101000;000;_;e;10;001001000000000000000000;____;06;051;067;041;030;051;009;0425710584;;;;;;;;;;;;;;;;;;;;;;;;;;;;;;;;;;;;;;;;;;;;;;;;;;
05:51:33;12;83;9999;071;999;09;111111111111000000000000;000000000000000000000000;11101000;000;_;e;10;110000000000000000000000;____;01;036;101;014;032;037;046;0425709483;;;;;;;;;;;;;;;;;;;;;;;;;;;;;;;;;;;;;;;;;;;;;;;;;;
05:52:12;12;84;9999;076;999;09;111111111111000000000000;000000000000000000000000;11101000;000;_;e;10;101011000101000000000000;____;10;051;095;027;013;057;036;0425709914;;;;;;;;;;;;;;;;;;;;;;;;;;;;;;;;;;;;;;;;;;;;;;;;;;
05:53:11;12;85;9999;056;999;09;111111111111000000000000;000000000000000000000000;11101000;000;_;e;10;101101000100000000000000;____;10;007;086;028;001;021;090;0425710287;;;;;;;;;;;;;;;;;;;;;;;;;;;;;;;;;;;;;;;;;;;;;;;;;;
05:56:23;12;86;9999;056;999;09;111111111111000000000000;000000000000000000000000;11101000;000;_;e;10;000100001100000000000000;____;10;000;075;026;000;007;072;0425710288;;;;;;;;;;;;;;;;;;;;;;;;;;;;;;;;;;;;;;;;;;;;;;;;;;
05:57:02;12;87;9999;079;999;09;111111111111000000000000;000000000000000000000000;11101000;000;_;e;10;001110001100000000000000;____;04;044;078;032;042;048;050;0425707870;;;;;;;;;;;;;;;;;;;;;;;;;;;;;;;;;;;;;;;;;;;;;;;;;;
05:58:09;12;88;9999;065;999;09;111111111111000000000000;000000000000000000000000;11101000;000;_;e;10;101111000101000000000000;____;10;-03;067;003;-04;021;123;0425710289;;;;;;;;;;;;;;;;;;;;;;;;;;;;;;;;;;;;;;;;;;;;;;;;;;
05:58:27;12;89;9999;045;999;09;111111111111000000000000;000000000000000000000000;11101000;000;_;e;10;001110011100000000000000;____;09;-08;076;026;-09;022;089;0425710687;;;;;;;;;;;;;;;;;;;;;;;;;;;;;;;;;;;;;;;;;;;;;;;;;;
05:59:23;12;90;9999;077;999;09;111111111111000000000000;000000000000000000000000;11101000;000;_;e;10;001111000100000000000000;____;03;039;085;029;035;042;083;0425710585;;;;;;;;;;;;;;;;;;;;;;;;;;;;;;;;;;;;;;;;;;;;;;;;;;
05:59:39;12;91;9999;076;999;09;111111111111000000000000;000000000000000000000000;11101000;000;_;e;10;001100111000000000000000;____;07;051;044;032;048;054;126;0425710057;;;;;;;;;;;;;;;;;;;;;;;;;;;;;;;;;;;;;;;;;;;;;;;;;;
06:00:28;12;92;9999;066;999;09;111111111111000000000000;000000000000000000000000;11101000;000;_;e;10;000001001001000000000000;____;09;056;046;002;037;056;023;0425710690;;;;;;;;;;;;;;;;;;;;;;;;;;;;;;;;;;;;;;;;;;;;;;;;;;
06:00:30;12;93;9999;081;112;09;111111111111000000000000;000000000000000000000000;11010000;000;_;;;;;;;;;;;;;;;;;;;;;;;;;;;;;;;;;;;;;;;;;;;;;;;;;;;;;;;;;;;;;;
06:00:34;12;94;9999;075;292;09;111111111111000000000000;000000000000000000000000;11101000;000;_;e;10;110011101100000000000000;____;07;046;056;040;019;048;055;0425710059;;;;;;;;;;;;;;;;;;;;;;;;;;;;;;;;;;;;;;;;;;;;;;;;;;
06:00:52;12;95;9999;055;999;09;111111111111000000000000;000000000000000000000000;11101000;000;_;e;10;011110000100000000000000;____;10;-09;080;016;-09;032;074;0425710689;;;;;;;;;;;;;;;;;;;;;;;;;;;;;;;;;;;;;;;;;;;;;;;;;;
06:02:04;12;96;9999;068;999;08;111111111111000000000000;000000000000000000000000;11101000;000;_;e;10;010000001100000000000000;____;10;-01;081;009;-01;028;019;0425710149;;;;;;;;;;;;;;;;;;;;;;;;;;;;;;;;;;;;;;;;;;;;;;;;;;
06:02:12;12;97;9999;065;652;09;111111111111000000000000;000000000000000000000000;11101000;000;_;e;10;001111000101000000000000;____;10;-10;080;010;-10;019;105;0425710292;;;;;;;;;;;;;;;;;;;;;;;;;;;;;;;;;;;;;;;;;;;;;;;;;;
06:02:42;12;98;9999;061;999;09;111111111111000000000000;000000000000000000000000;11101000;000;_;e;10;111100110000000000000000;____;02;-02;085;017;-05;004;079;0425710691;;;;;;;;;;;;;;;;;;;;;;;;;;;;;;;;;;;;;;;;;;;;;;;;;;
06:03:55;12;99;9999;063;999;09;111111111111000000000000;000000000000000000000000;11101000;000;_;e;10;110000000000000000000000;____;01;035;101;012;035;036;063;0425710693;;;;;;;;;;;;;;;;;;;;;;;;;;;;;;;;;;;;;;;;;;;;;;;;;;
06:04:04;12;01;9999;077;697;09;111111111111000000000000;000000000000000000000000;11101000;000;_;e;10;001100000000000000000000;____;03;039;080;030;027;040;033;0425707873;;;;;;;;;;;;;;;;;;;;;;;;;;;;;;;;;;;;;;;;;;;;;;;;;;
06:04:16;12;02;9999;063;940;09;111111111111000000000000;000000000000000000000000;11101000;000;_;e;10;000000000100000000000000;____;10;-02;079;011;-02;-02;045;0425712355;;;;;;;;;;;;;;;;;;;;;;;;;;;;;;;;;;;;;;;;;;;;;;;;;;
06:04:20;12;03;9999;058;292;09;111111111111000000000000;000000000000000000000000;11101000;000;_;e;10;001111001100000000000000;____;04;054;078;021;040;057;092;0425709489;;;;;;;;;;;;;;;;;;;;;;;;;;;;;;;;;;;;;;;;;;;;;;;;;;
06:04:24;12;04;9999;063;276;09;111111111111000000000000;000000000000000000000000;11101000;000;_;e;10;001111111010000000000000;____;03;027;039;015;016;036;127;0425710293;;;;;;;;;;;;;;;;;;;;;;;;;;;;;;;;;;;;;;;;;;;;;;;;;;
06:04:32;12;05;9999;075;667;09;111111111111000000000000;000000000000000000000000;11101000;000;_;e;10;001110000000000000000000;____;04;035;080;025;033;037;046;0425710060;;;;;;;;;;;;;;;;;;;;;;;;;;;;;;;;;;;;;;;;;;;;;;;;;;
06:04:42;12;06;9999;048;732;09;111111111111000000000000;000000000000000000000000;11101000;000;_;e;10;000101000101000000000000;____;10;-01;083;002;-02;012;059;0425710695;;;;;;;;;;;;;;;;;;;;;;;;;;;;;;;;;;;;;;;;;;;;;;;;;;
06:04:46;12;07;9999;074;351;09;111111111111000000000000;000000000000000000000000;11101000;000;_;e;10;001001001100000000000000;____;10;019;057;011;018;051;065;0425709488;;;;;;;;;;;;;;;;;;;;;;;;;;;;;;;;;;;;;;;;;;;;;;;;;;
06:06:06;12;08;9999;048;999;09;111111111111000000000000;000000000000000000000000;11101000;000;_;e;10;001111001111000000000000;____;03;-10;071;019;-13;030;176;0425709490;;;;;;;;;;;;;;;;;;;;;;;;;;;;;;;;;;;;;;;;;;;;;;;;;;
06:06:24;12;09;9999;058;999;09;111111111111000000000000;000000000000000000000000;11101000;000;_;e;10;011000001100000000000000;____;02;028;100;003;012;036;039;0425707094;;;;;;;;;;;;;;;;;;;;;;;;;;;;;;;;;;;;;;;;;;;;;;;;;;
06:07:58;12;10;9999;053;999;09;111111111111000000000000;000000000000000000000000;11101000;000;_;e;10;000110000100000000000000;____;10;-05;077;004;-06;-03;074;0425707095;;;;;;;;;;;;;;;;;;;;;;;;;;;;;;;;;;;;;;;;;;;;;;;;;;
06:08:26;12;11;9999;051;999;09;111111111111000000000000;000000000000000000000000;11101000;000;_;e;10;001100001000000000000000;____;03;027;094;036;025;031;046;0425710152;;;;;;;;;;;;;;;;;;;;;;;;;;;;;;;;;;;;;;;;;;;;;;;;;;
06:10:14;12;12;9999;074;999;09;111111111111000000000000;000000000000000000000000;11101000;000;_;e;10;111000000100000000000000;____;01;038;100;009;002;046;050;0425710153;;;;;;;;;;;;;;;;;;;;;;;;;;;;;;;;;;;;;;;;;;;;;;;;;;
06:11:47;12;13;9999;061;999;09;111111111111000000000000;000000000000000000000000;11101000;000;_;e;10;000000000101000000000000;____;10;-05;067;012;-07;-04;072;0425710155;;;;;;;;;;;;;;;;;;;;;;;;;;;;;;;;;;;;;;;;;;;;;;;;;;
06:13:24;12;14;9999;077;999;09;111111111111000000000000;000000000000000000000000;11101000;000;_;e;10;110010000101000000000000;____;01;043;098;021;010;059;075;0425710587;;;;;;;;;;;;;;;;;;;;;;;;;;;;;;;;;;;;;;;;;;;;;;;;;;
06:15:02;12;15;9999;074;999;09;111111111111000000000000;000000000000000000000000;11101000;000;_;e;10;000011100100000000000000;____;06;021;055;031;021;026;087;0425710061;;;;;;;;;;;;;;;;;;;;;;;;;;;;;;;;;;;;;;;;;;;;;;;;;;
06:15:16;12;16;9999;063;999;09;111111111111000000000000;000000000000000000000000;11101000;000;_;e;10;111000000000000000000000;____;01;038;102;012;022;039;056;0425710699;;;;;;;;;;;;;;;;;;;;;;;;;;;;;;;;;;;;;;;;;;;;;;;;;;
06:15:45;12;17;9999;076;999;09;111111111111000000000000;000000000000000000000000;11101000;000;_;e;10;001100001100000000000000;____;04;021;083;025;005;024;163;0425709936;;;;;;;;;;;;;;;;;;;;;;;;;;;;;;;;;;;;;;;;;;;;;;;;;;
06:15:57;12;18;9999;091;999;09;111111111111000000000000;000000000000000000000000;11101000;000;_;e;10;000000001111000000000000;____;09;086;061;013;080;089;029;0425707875;;;;;;;;;;;;;;;;;;;;;;;;;;;;;;;;;;;;;;;;;;;;;;;;;;
06:16:07;12;19;9999;043;696;09;111111111111000000000000;000000000000000000000000;11101000;000;_;e;10;010000000000000000000000;____;02;025;100;017;025;025;028;0425707698;;;;;;;;;;;;;;;;;;;;;;;;;;;;;;;;;;;;;;;;;;;;;;;;;;
06:17:27;12;20;9999;075;999;09;111111111111000000000000;000000000000000000000000;11101000;000;_;e;10;110000000100000000000000;____;02;046;096;020;033;048;016;0425707876;;;;;;;;;;;;;;;;;;;;;;;;;;;;;;;;;;;;;;;;;;;;;;;;;;
06:17:31;12;21;9999;065;275;09;111111111111000000000000;000000000000000000000000;11101000;000;_;e;10;110000000000000000000000;____;01;035;099;016;035;037;065;0425701601;;;;;;;;;;;;;;;;;;;;;;;;;;;;;;;;;;;;;;;;;;;;;;;;;;
06:19:15;12;22;9999;070;999;09;111111111111000000000000;000000000000000000000000;11101000;000;_;e;10;000111100101000000000000;____;10;-03;062;010;-08;026;109;0425710161;;;;;;;;;;;;;;;;;;;;;;;;;;;;;;;;;;;;;;;;;;;;;;;;;;
06:19:23;12;23;9999;076;639;09;111111111111000000000000;000000000000000000000000;11101000;000;_;e;10;001111110100000000000000;____;06;042;055;023;041;044;082;0425710062;;;;;;;;;;;;;;;;;;;;;;;;;;;;;;;;;;;;;;;;;;;;;;;;;;
06:21:04;12;24;9999;076;999;09;111111111111000000000000;000000000000000000000000;11101000;000;_;e;10;111100000000000000000000;____;02;031;089;023;028;033;058;0425710591;;;;;;;;;;;;;;;;;;;;;;;;;;;;;;;;;;;;;;;;;;;;;;;;;;
06:22:03;12;25;9999;062;999;09;111111111111000000000000;000000000000000000000000;11101000;000;_;e;10;000000001100000000000000;____;10;011;076;004;000;013;023;0425701604;;;;;;;;;;;;;;;;;;;;;;;;;;;;;;;;;;;;;;;;;;;;;;;;;;
06:22:34;12;26;9999;075;999;09;111111111111000000000000;000000000000000000000000;11101000;000;_;e;10;001000000100000000000000;____;03;019;059;037;019;023;077;0425707879;;;;;;;;;;;;;;;;;;;;;;;;;;;;;;;;;;;;;;;;;;;;;;;;;;
06:23:46;12;27;9999;078;999;09;111111111111000000000000;000000000000000000000000;11101000;000;_;e;10;001111001100000000000000;____;03;044;062;032;039;046;096;0425701605;;;;;;;;;;;;;;;;;;;;;;;;;;;;;;;;;;;;;;;;;;;;;;;;;;
06:25:11;12;28;9999;076;999;09;111111111111000000000000;000000000000000000000000;11101000;000;_;e;10;110000000000000000000000;____;01;040;100;009;039;042;057;0425710594;;;;;;;;;;;;;;;;;;;;;;;;;;;;;;;;;;;;;;;;;;;;;;;;;;
06:25:19;12;29;9999;074;639;09;111111111111000000000000;000000000000000000000000;11101000;000;_;e;10;011100001100000000000000;____;03;046;074;034;044;047;103;0425701606;;;;;;;;;;;;;;;;;;;;;;;;;;;;;;;;;;;;;;;;;;;;;;;;;;
06:26:29;12;30;9999;077;999;09;111111111111000000000000;000000000000000000000000;11001000;000;_;e;10;001101000111000000000000;____;03;046;083;018;023;051;057;0425709939;028;067;004;018;050;037;0050120109;;;;;;;;;;;;;;;;;;;;;;;;;;;;;;;;;;;;;;;;;;;
06:27:40;12;31;9999;056;999;09;111111111111000000000000;000000000000000000000000;11101000;000;_;e;10;000100001101000000000000;____;10;-09;085;013;-09;020;074;0425709494;;;;;;;;;;;;;;;;;;;;;;;;;;;;;;;;;;;;;;;;;;;;;;;;;;
06:30:34;12;32;9999;074;999;09;111111111111000000000000;000000000000000000000000;11101000;000;_;e;10;000111111000000000000000;____;06;042;061;029;042;045;079;0425709941;;;;;;;;;;;;;;;;;;;;;;;;;;;;;;;;;;;;;;;;;;;;;;;;;;
06:31:33;12;33;9999;062;999;09;111111111111000000000000;000000000000000000000000;11101000;000;_;e;10;110000000000000000000000;____;01;037;099;010;035;037;049;0425701709;;;;;;;;;;;;;;;;;;;;;;;;;;;;;;;;;;;;;;;;;;;;;;;;;;
06:32:16;12;34;9999;065;999;09;111111111111000000000000;000000000000000000000000;11101000;000;_;e;10;100000000000000000000000;____;01;038;101;008;038;039;035;0425701710;;;;;;;;;;;;;;;;;;;;;;;;;;;;;;;;;;;;;;;;;;;;;;;;;;
06:32:25;12;35;9999;077;777;09;111111111111000000000000;000000000000000000000000;11101000;000;_;e;10;110000001000000000000000;____;01;047;101;013;043;073;033;0425710166;;;;;;;;;;;;;;;;;;;;;;;;;;;;;;;;;;;;;;;;;;;;;;;;;;
06:36:11;12;36;9999;071;999;09;111111111111000000000000;000000000000000000000000;11101000;000;_;e;10;010110001101000000000000;____;10;-02;083;010;-05;027;051;0425707881;;;;;;;;;;;;;;;;;;;;;;;;;;;;;;;;;;;;;;;;;;;;;;;;;;
06:37:05;12;37;9999;067;999;09;111111111111000000000000;000000000000000000000000;11101000;000;_;e;10;110000000000000000000000;____;01;030;097;014;030;049;063;0425701611;;;;;;;;;;;;;;;;;;;;;;;;;;;;;;;;;;;;;;;;;;;;;;;;;;
06:37:18;12;38;9999;075;999;09;111111111111000000000000;000000000000000000000000;11101000;000;_;e;10;111000000000000000000000;____;01;043;100;023;041;062;047;0425710171;;;;;;;;;;;;;;;;;;;;;;;;;;;;;;;;;;;;;;;;;;;;;;;;;;
06:37:22;12;39;9999;075;277;09;111111111111000000000000;000000000000000000000000;11101000;000;_;e;10;000101000000000000000000;____;04;051;071;033;051;052;054;0425710299;;;;;;;;;;;;;;;;;;;;;;;;;;;;;;;;;;;;;;;;;;;;;;;;;;
06:37:32;12;40;9999;075;760;09;111111111111000000000000;000000000000000000000000;11101000;000;_;e;10;000011101100000000000000;____;05;042;063;028;042;048;105;0425710170;;;;;;;;;;;;;;;;;;;;;;;;;;;;;;;;;;;;;;;;;;;;;;;;;;
06:37:44;12;41;9999;075;979;09;111111111111000000000000;000000000000000000000000;11101000;000;_;e;10;001111001100000000000000;____;10;061;064;021;036;065;179;0425707883;;;;;;;;;;;;;;;;;;;;;;;;;;;;;;;;;;;;;;;;;;;;;;;;;;
06:38:56;12;42;9999;053;999;09;111111111111000000000000;000000000000000000000000;11101000;000;_;e;10;000110110000000000000000;____;08;026;059;014;025;042;040;0425710173;;;;;;;;;;;;;;;;;;;;;;;;;;;;;;;;;;;;;;;;;;;;;;;;;;
06:40:25;12;43;9999;051;999;09;111111111111000000000000;000000000000000000000000;11101000;000;_;e;10;000110000000000000000000;____;04;027;073;019;024;027;010;0425701614;;;;;;;;;;;;;;;;;;;;;;;;;;;;;;;;;;;;;;;;;;;;;;;;;;
06:41:38;12;44;9999;075;999;09;111111111111000000000000;000000000000000000000000;11101000;000;_;e;10;010100100100000000000000;____;10;023;081;029;014;042;063;0425701713;;;;;;;;;;;;;;;;;;;;;;;;;;;;;;;;;;;;;;;;;;;;;;;;;;
06:43:20;12;45;9999;056;999;09;111111111111000000000000;000000000000000000000000;11101000;000;_;e;10;001101001101000000000000;____;04;002;070;010;-08;002;087;0425701715;;;;;;;;;;;;;;;;;;;;;;;;;;;;;;;;;;;;;;;;;;;;;;;;;;
06:44:29;12;46;9999;058;999;09;111111111111000000000000;000000000000000000000000;11101000;000;_;e;10;001001000000000000000000;____;03;020;040;026;019;020;020;9999013266;;;;;;;;;;;;;;;;;;;;;;;;;;;;;;;;;;;;;;;;;;;;;;;;;;
06:45:27;12;47;9999;054;999;09;111111111111000000000000;000000000000000000000000;11101000;000;_;e;10;000000000101000000000000;____;10;-02;083;014;-06;000;036;0425701716;;;;;;;;;;;;;;;;;;;;;;;;;;;;;;;;;;;;;;;;;;;;;;;;;;
06:46:18;12;48;9999;049;999;09;111111111111000000000000;000000000000000000000000;11101000;000;_;e;10;100000000000000000000000;____;01;034;100;020;033;034;010;0425707885;;;;;;;;;;;;;;;;;;;;;;;;;;;;;;;;;;;;;;;;;;;;;;;;;;
06:50:29;12;49;9999;074;999;09;111111111111000000000000;000000000000000000000000;11101000;000;_;e;10;001111001100000000000000;____;03;069;067;019;065;072;127;0425710174;;;;;;;;;;;;;;;;;;;;;;;;;;;;;;;;;;;;;;;;;;;;;;;;;;
06:51:04;12;50;9999;068;999;09;111111111111000000000000;000000000000000000000000;11101000;000;_;e;10;001000001100000000000000;____;03;051;083;025;002;051;010;0425707888;;;;;;;;;;;;;;;;;;;;;;;;;;;;;;;;;;;;;;;;;;;;;;;;;;
06:52:29;12;51;9999;075;999;09;111111111111000000000000;000000000000000000000000;11101000;000;_;e;10;011111001101000000000000;____;10;-06;078;004;-10;045;205;0425701721;;;;;;;;;;;;;;;;;;;;;;;;;;;;;;;;;;;;;;;;;;;;;;;;;;
06:53:15;12;52;9999;047;999;09;111111111111000000000000;000000000000000000000000;11101000;000;_;e;10;001111000101000000000000;____;03;-09;067;008;-11;011;096;0425701722;;;;;;;;;;;;;;;;;;;;;;;;;;;;;;;;;;;;;;;;;;;;;;;;;;
06:55:48;12;53;9999;055;999;09;111111111111000000000000;000000000000000000000000;11101000;000;_;e;10;000000001100000000000000;____;10;009;078;024;009;011;008;0425709945;;;;;;;;;;;;;;;;;;;;;;;;;;;;;;;;;;;;;;;;;;;;;;;;;;
06:58:02;12;54;9999;074;999;09;111111111111000000000000;000000000000000000000000;11101000;000;_;e;10;111100000100000000000000;____;04;040;079;015;024;040;074;0425701637;;;;;;;;;;;;;;;;;;;;;;;;;;;;;;;;;;;;;;;;;;;;;;;;;;
06:58:06;12;55;9999;085;265;08;111111111111000000000000;000000000000000000000000;11101000;000;_;e;10;110000000000000000000000;____;01;052;100;019;051;054;028;0425713200;;;;;;;;;;;;;;;;;;;;;;;;;;;;;;;;;;;;;;;;;;;;;;;;;;
07:00:43;12;56;9999;072;999;09;111111111111000000000000;000000000000000000000000;11101000;000;_;e;10;111001001000000000000000;____;02;043;100;021;039;051;090;0425713201;;;;;;;;;;;;;;;;;;;;;;;;;;;;;;;;;;;;;;;;;;;;;;;;;;
07:02:33;12;57;9999;066;999;09;111111111111000000000000;000000000000000000000000;11101000;000;_;e;10;001000000101000000000000;____;12;002;082;004;001;017;016;0425701640;;;;;;;;;;;;;;;;;;;;;;;;;;;;;;;;;;;;;;;;;;;;;;;;;;
07:03:37;12;58;9999;067;999;09;111111111111000000000000;000000000000000000000000;11101000;000;_;e;10;110000000001000000000000;____;01;032;097;007;029;041;058;0425713206;;;;;;;;;;;;;;;;;;;;;;;;;;;;;;;;;;;;;;;;;;;;;;;;;;
07:06:31;12;59;9999;064;999;09;111111111111000000000000;000000000000000000000000;11101000;000;_;e;10;001110001100000000000000;____;09;033;079;047;006;047;152;0425710183;;;;;;;;;;;;;;;;;;;;;;;;;;;;;;;;;;;;;;;;;;;;;;;;;;
07:06:49;12;60;9999;076;999;09;111111111111000000000000;000000000000000000000000;11101000;000;_;e;10;001111001100000000000000;____;10;050;080;024;045;051;112;0425701723;;;;;;;;;;;;;;;;;;;;;;;;;;;;;;;;;;;;;;;;;;;;;;;;;;
07:07:30;12;61;9999;054;999;09;111111111111000000000000;000000000000000000000000;11101000;000;_;e;10;110000000000000000000000;____;02;026;102;011;026;029;006;0425710184;;;;;;;;;;;;;;;;;;;;;;;;;;;;;;;;;;;;;;;;;;;;;;;;;;
07:07:39;12;62;9999;075;702;09;111111111111000000000000;000000000000000000000000;11101000;000;_;e;10;010100000001000000000000;____;02;036;099;011;024;036;033;0425710185;;;;;;;;;;;;;;;;;;;;;;;;;;;;;;;;;;;;;;;;;;;;;;;;;;
07:10:21;12;63;9999;062;999;09;111111111111000000000000;000000000000000000000000;11101000;000;_;e;10;011100001000000000000000;____;03;028;087;040;009;040;069;0425710186;;;;;;;;;;;;;;;;;;;;;;;;;;;;;;;;;;;;;;;;;;;;;;;;;;
07:11:08;12;64;9999;075;999;09;111111111111000000000000;000000000000000000000000;11101000;000;_;e;10;110111101100000000000000;____;01;040;077;042;033;047;131;0425701647;;;;;;;;;;;;;;;;;;;;;;;;;;;;;;;;;;;;;;;;;;;;;;;;;;
07:11:29;12;65;9999;065;999;09;111111111111000000000000;000000000000000000000000;11101000;000;_;e;10;110000000001000000000000;____;01;028;101;009;026;038;054;0425701725;;;;;;;;;;;;;;;;;;;;;;;;;;;;;;;;;;;;;;;;;;;;;;;;;;
07:12:47;12;66;9999;073;999;09;111111111111000000000000;000000000000000000000000;11101000;000;_;e;10;001111110100000000000000;____;04;043;036;017;039;051;076;0425701726;;;;;;;;;;;;;;;;;;;;;;;;;;;;;;;;;;;;;;;;;;;;;;;;;;
07:22:10;12;67;9999;064;999;09;111111111111000000000000;000000000000000000000000;11101000;000;_;e;10;110000000000000000000000;____;01;032;101;014;032;038;023;0425713211;;;;;;;;;;;;;;;;;;;;;;;;;;;;;;;;;;;;;;;;;;;;;;;;;;
07:22:49;12;68;9999;062;999;09;111111111111000000000000;000000000000000000000000;11101000;000;_;e;10;110000000000000000000000;____;02;039;101;016;034;039;051;0425713212;;;;;;;;;;;;;;;;;;;;;;;;;;;;;;;;;;;;;;;;;;;;;;;;;;
07:25:01;12;69;9999;054;999;09;111111111111000000000000;000000000000000000000000;11101000;000;_;e;10;000000000001000000000000;____;12;003;077;004;000;003;007;0425713306;;;;;;;;;;;;;;;;;;;;;;;;;;;;;;;;;;;;;;;;;;;;;;;;;;
07:25:10;12;70;9999;078;681;09;111111111111000000000000;000000000000000000000000;11101000;000;_;e;10;001110000100000000000000;____;04;035;068;025;030;037;117;0425713305;;;;;;;;;;;;;;;;;;;;;;;;;;;;;;;;;;;;;;;;;;;;;;;;;;
07:28:47;12;71;9999;074;999;09;111111111111000000000000;000000000000000000000000;11001000;000;_;e;10;000011000001000000000000;____;05;044;050;019;043;044;037;0425713310;046;067;004;045;046;011;0050113938;;;;;;;;;;;;;;;;;;;;;;;;;;;;;;;;;;;;;;;;;;;
07:38:29;12;72;9999;078;999;09;111111111111000000000000;000000000000000000000000;11101000;000;_;e;10;001101001100000000000000;____;09;065;076;016;065;072;123;0425701659;;;;;;;;;;;;;;;;;;;;;;;;;;;;;;;;;;;;;;;;;;;;;;;;;;
08:04:26;12;73;9999;072;999;08;111111111111000000000000;000000000000000000000000;11101000;000;_;e;10;001101000100000000000000;____;10;002;073;025;002;038;048;0425713508;;;;;;;;;;;;;;;;;;;;;;;;;;;;;;;;;;;;;;;;;;;;;;;;;;
08:08:04;12;74;9999;057;999;09;111111111111000000000000;000000000000000000000000;11101000;000;_;e;10;001111001100000000000000;____;09;027;069;039;024;028;145;0425714300;;;;;;;;;;;;;;;;;;;;;;;;;;;;;;;;;;;;;;;;;;;;;;;;;;
08:12:16;12;75;9999;078;999;09;111111111111000000000000;000000000000000000000000;11101000;000;_;e;10;110000000000000000000000;____;01;043;098;012;020;044;035;0425713235;;;;;;;;;;;;;;;;;;;;;;;;;;;;;;;;;;;;;;;;;;;;;;;;;;
08:13:10;12;76;9999;075;999;09;111111111111000000000000;000000000000000000000000;11101000;000;_;e;10;001101001101000000000000;____;09;085;075;024;022;086;073;0425713242;;;;;;;;;;;;;;;;;;;;;;;;;;;;;;;;;;;;;;;;;;;;;;;;;;
08:13:27;12;77;9999;067;999;09;111111111111000000000000;000000000000000000000000;11101000;000;_;e;10;011110001100000000000000;____;10;001;075;028;-13;017;081;0425713241;;;;;;;;;;;;;;;;;;;;;;;;;;;;;;;;;;;;;;;;;;;;;;;;;;
08:13:53;12;78;9999;073;999;09;111111111111000000000000;000000000000000000000000;11101000;000;_;e;10;100100000000000000000000;____;01;044;099;007;040;045;060;0425713243;;;;;;;;;;;;;;;;;;;;;;;;;;;;;;;;;;;;;;;;;;;;;;;;;;
08:14:56;12;79;9999;075;999;09;111111111111000000000000;000000000000000000000000;11101000;000;_;e;10;111100000100000000000000;____;03;046;088;027;026;048;045;0425713244;;;;;;;;;;;;;;;;;;;;;;;;;;;;;;;;;;;;;;;;;;;;;;;;;;
08:17:08;12;80;9999;073;999;09;111111111111000000000000;000000000000000000000000;11101000;000;_;e;10;001111001100000000000000;____;10;070;065;020;027;073;099;0425713513;;;;;;;;;;;;;;;;;;;;;;;;;;;;;;;;;;;;;;;;;;;;;;;;;;
08:27:51;12;81;9999;071;999;09;111111111111000000000000;000000000000000000000000;11101000;000;_;e;10;010000000000000000000000;____;02;026;097;007;026;026;003;0425713525;;;;;;;;;;;;;;;;;;;;;;;;;;;;;;;;;;;;;;;;;;;;;;;;;;
08:28:13;12;82;9999;077;999;09;111111111111000000000000;000000000000000000000000;11101000;000;_;e;10;111110000000000000000000;____;04;038;083;018;033;040;091;0425713527;;;;;;;;;;;;;;;;;;;;;;;;;;;;;;;;;;;;;;;;;;;;;;;;;;
08:35:43;12;83;9999;037;999;09;111111111111000000000000;000000000000000000000000;11010000;000;_;;;;;;;;;;;;;;;;;;;;;;;;;;;;;;;;;;;;;;;;;;;;;;;;;;;;;;;;;;;;;;
08:41:40;12;84;9999;075;999;08;111111111111000000000000;000000000000000000000000;11101000;000;_;e;10;111100000000000000000000;____;03;036;083;043;030;045;052;0425713263;;;;;;;;;;;;;;;;;;;;;;;;;;;;;;;;;;;;;;;;;;;;;;;;;;
09:02:02;12;85;9999;075;999;09;111111111111000000000000;000000000000000000000000;11101000;000;_;e;10;000000110000000000000000;____;07;045;041;008;042;046;036;0425713273;;;;;;;;;;;;;;;;;;;;;;;;;;;;;;;;;;;;;;;;;;;;;;;;;;
09:04:25;12;86;9999;064;999;09;111111111111000000000000;000000000000000000000000;11101000;000;_;e;10;101111001100000000000000;____;10;030;078;042;006;033;165;0425713274;;;;;;;;;;;;;;;;;;;;;;;;;;;;;;;;;;;;;;;;;;;;;;;;;;
09:06:20;12;87;9999;064;999;09;111111111111000000000000;000000000000000000000000;11101000;000;_;e;10;111000000000000000000000;____;01;036;100;011;035;049;024;0425713383;;;;;;;;;;;;;;;;;;;;;;;;;;;;;;;;;;;;;;;;;;;;;;;;;;
09:07:28;12;88;9999;075;999;09;111111111111000000000000;000000000000000000000000;11101000;000;_;e;10;111110000100000000000000;____;02;044;090;024;005;046;102;0425714307;;;;;;;;;;;;;;;;;;;;;;;;;;;;;;;;;;;;;;;;;;;;;;;;;;
09:08:06;12;89;9999;045;999;09;111111111111000000000000;000000000000000000000000;11101000;000;_;e;10;010000000001000000000000;____;12;042;062;004;028;042;040;0425714308;;;;;;;;;;;;;;;;;;;;;;;;;;;;;;;;;;;;;;;;;;;;;;;;;;
09:24:52;12;90;9999;056;999;09;111111111111000000000000;000000000000000000000000;11101000;000;_;e;10;000100000101000000000000;____;04;062;071;023;061;062;080;0425713385;;;;;;;;;;;;;;;;;;;;;;;;;;;;;;;;;;;;;;;;;;;;;;;;;;
10:41:27;12;91;9999;063;999;09;111111111111000000000000;000000000000000000000000;11101000;000;_;e;10;001111000100000000000000;____;10;025;079;043;024;029;111;0425712358;;;;;;;;;;;;;;;;;;;;;;;;;;;;;;;;;;;;;;;;;;;;;;;;;;
10:44:25;12;92;9999;076;999;09;111111111111000000000000;000000000000000000000000;11101000;000;_;e;10;001111001100000000000000;____;06;027;054;030;027;032;121;0425712359;;;;;;;;;;;;;;;;;;;;;;;;;;;;;;;;;;;;;;;;;;;;;;;;;;
10:50:05;12;93;9999;064;999;09;111111111111000000000000;000000000000000000000000;11101000;000;_;e;10;110000000000000000000000;____;02;031;098;016;031;033;053;0425714342;;;;;;;;;;;;;;;;;;;;;;;;;;;;;;;;;;;;;;;;;;;;;;;;;;
10:53:38;12;94;9999;068;999;09;111111111111000000000000;000000000000000000000000;11101000;000;_;e;10;001111001101000000000000;____;03;-03;063;012;-07;038;098;0425710188;;;;;;;;;;;;;;;;;;;;;;;;;;;;;;;;;;;;;;;;;;;;;;;;;;
11:03:42;12;95;9999;059;999;09;111111111111000000000000;000000000000000000000000;11101000;000;_;e;10;000000001100000000000000;____;10;000;081;018;-01;012;029;0425713403;;;;;;;;;;;;;;;;;;;;;;;;;;;;;;;;;;;;;;;;;;;;;;;;;;
11:24:34;12;96;9999;073;999;08;111111111111000000000000;000000000000000000000000;11101000;000;_;e;10;110000001100000000000000;____;02;041;099;015;009;042;042;0425710192;;;;;;;;;;;;;;;;;;;;;;;;;;;;;;;;;;;;;;;;;;;;;;;;;;
11:45:31;12;97;9999;065;999;08;111111111111000000000000;000000000000000000000000;11101000;000;_;e;10;001101001000000000000000;____;09;067;077;003;024;068;094;0425713434;;;;;;;;;;;;;;;;;;;;;;;;;;;;;;;;;;;;;;;;;;;;;;;;;;
12:05:38;12;98;9999;059;999;08;111111111111000000000000;000000000000000000000000;11101000;000;_;e;10;110000000000000000000000;____;02;027;096;013;023;027;059;0425712379;;;;;;;;;;;;;;;;;;;;;;;;;;;;;;;;;;;;;;;;;;;;;;;;;;
12:11:16;12;99;9999;086;999;09;111111111111000000000000;000000000000000000000000;11101000;000;_;e;10;001000000001000000000000;____;12;040;088;004;039;061;029;0425713452;;;;;;;;;;;;;;;;;;;;;;;;;;;;;;;;;;;;;;;;;;;;;;;;;;
12:13:25;12;01;9999;068;999;09;111111111111000000000000;000000000000000000000000;11101000;000;_;e;10;111101001100000000000000;____;03;005;078;011;-05;037;106;0425712385;;;;;;;;;;;;;;;;;;;;;;;;;;;;;;;;;;;;;;;;;;;;;;;;;;
12:18:52;12;02;9999;059;999;09;111111111111000000000000;000000000000000000000000;11101000;000;_;e;10;001000000001000000000000;____;03;020;082;025;003;020;008;0425713454;;;;;;;;;;;;;;;;;;;;;;;;;;;;;;;;;;;;;;;;;;;;;;;;;;
12:20:34;12;03;9999;070;999;09;111111111111000000000000;000000000000000000000000;11101000;000;_;e;10;110000000000000000000000;____;02;039;100;007;038;039;032;0425712387;;;;;;;;;;;;;;;;;;;;;;;;;;;;;;;;;;;;;;;;;;;;;;;;;;
12:20:51;12;04;9999;077;999;08;111111111111000000000000;000000000000000000000000;11101000;000;_;e;10;001110001100000000000000;____;10;-02;081;007;-12;042;126;0425701033;;;;;;;;;;;;;;;;;;;;;;;;;;;;;;;;;;;;;;;;;;;;;;;;;;
12:23:07;12;05;9999;054;999;09;111111111111000000000000;000000000000000000000000;11101000;000;_;e;10;000100000101000000000000;____;10;-02;077;007;-07;-01;062;0425701038;;;;;;;;;;;;;;;;;;;;;;;;;;;;;;;;;;;;;;;;;;;;;;;;;;
12:24:41;12;06;9999;074;999;09;111111111111000000000000;000000000000000000000000;11101000;000;_;e;10;001110000100000000000000;____;04;036;087;017;028;037;067;0425713457;;;;;;;;;;;;;;;;;;;;;;;;;;;;;;;;;;;;;;;;;;;;;;;;;;
12:26:19;12;07;9999;075;999;09;111111111111000000000000;000000000000000000000000;11101000;000;_;e;10;110000000000000000000000;____;01;042;100;011;041;043;071;0425713458;;;;;;;;;;;;;;;;;;;;;;;;;;;;;;;;;;;;;;;;;;;;;;;;;;
12:57:30;12;08;9999;082;999;08;111111111111000000000000;000000000000000000000000;11101000;000;_;e;10;000000000001000000000000;____;12;005;068;004;003;005;005;0425701080;;;;;;;;;;;;;;;;;;;;;;;;;;;;;;;;;;;;;;;;;;;;;;;;;;
12:59:39;12;09;9999;076;999;09;111111111111000000000000;000000000000000000000000;11101000;000;_;e;10;001101001100000000000000;____;06;046;068;030;045;052;152;0425701081;;;;;;;;;;;;;;;;;;;;;;;;;;;;;;;;;;;;;;;;;;;;;;;;;;
13:08:48;12;10;9999;070;999;09;111111111111000000000000;000000000000000000000000;11101000;000;_;e;10;001100000001000000000000;____;03;027;078;049;027;055;055;0425700840;;;;;;;;;;;;;;;;;;;;;;;;;;;;;;;;;;;;;;;;;;;;;;;;;;
13:10:13;12;11;9999;075;999;09;111111111111000000000000;000000000000000000000000;11101000;000;_;e;10;000011110100000000000000;____;06;056;059;021;055;059;047;0425701088;;;;;;;;;;;;;;;;;;;;;;;;;;;;;;;;;;;;;;;;;;;;;;;;;;
13:19:17;12;12;9999;052;999;09;111111111111000000000000;000000000000000000000000;11101000;000;_;e;10;101111001100000000000000;____;10;002;076;018;-06;013;113;0425701093;;;;;;;;;;;;;;;;;;;;;;;;;;;;;;;;;;;;;;;;;;;;;;;;;;
13:22:20;12;13;9999;065;999;09;111111111111000000000000;000000000000000000000000;11101000;000;_;e;10;000001110000000000000000;____;07;041;046;013;039;043;035;0425701676;;;;;;;;;;;;;;;;;;;;;;;;;;;;;;;;;;;;;;;;;;;;;;;;;;
13:24:10;12;14;9999;055;999;09;111111111111000000000000;000000000000000000000000;11101000;000;_;e;10;000001110000000000000000;____;07;039;059;015;038;040;090;0425701096;;;;;;;;;;;;;;;;;;;;;;;;;;;;;;;;;;;;;;;;;;;;;;;;;;
13:33:45;12;15;9999;076;999;09;111111111111000000000000;000000000000000000000000;11101000;000;_;e;10;001110000000000000000000;____;05;029;084;034;007;035;055;0425701099;;;;;;;;;;;;;;;;;;;;;;;;;;;;;;;;;;;;;;;;;;;;;;;;;;
13:59:25;12;16;9999;076;999;09;111111111111000000000000;000000000000000000000000;11101000;000;_;e;10;000010110000000000000000;____;07;042;045;029;040;043;070;0425716609;;;;;;;;;;;;;;;;;;;;;;;;;;;;;;;;;;;;;;;;;;;;;;;;;;
13:59:53;12;17;9999;059;999;09;111111111111000000000000;000000000000000000000000;11101000;000;_;e;10;001111001101000000000000;____;10;067;086;011;055;069;178;0425714354;;;;;;;;;;;;;;;;;;;;;;;;;;;;;;;;;;;;;;;;;;;;;;;;;;
14:03:43;12;18;9999;075;999;09;111111111111000000000000;000000000000000000000000;11101000;000;_;e;10;111110000100000000000000;____;04;045;092;017;036;048;083;0425701785;;;;;;;;;;;;;;;;;;;;;;;;;;;;;;;;;;;;;;;;;;;;;;;;;;
14:05:34;12;19;9999;062;999;09;111111111111000000000000;000000000000000000000000;11101000;000;_;e;10;101000001000000000000000;____;09;067;078;004;064;068;103;0425701787;;;;;;;;;;;;;;;;;;;;;;;;;;;;;;;;;;;;;;;;;;;;;;;;;;
14:41:03;12;20;9999;075;999;08;111111111111000000000000;000000000000000000000000;11101000;000;_;e;10;000001100000000000000000;____;07;043;050;026;027;043;019;0425714376;;;;;;;;;;;;;;;;;;;;;;;;;;;;;;;;;;;;;;;;;;;;;;;;;;
15:07:55;12;21;9999;072;999;09;111111111111000000000000;000000000000000000000000;11101000;000;_;e;10;000111001101000000000000;____;10;-02;070;008;-07;032;099;0425716630;;;;;;;;;;;;;;;;;;;;;;;;;;;;;;;;;;;;;;;;;;;;;;;;;;
15:08:40;12;22;9999;066;999;09;111111111111000000000000;000000000000000000000000;11101000;000;_;e;10;110000000001000000000000;____;01;031;098;007;029;032;035;0425714387;;;;;;;;;;;;;;;;;;;;;;;;;;;;;;;;;;;;;;;;;;;;;;;;;;
15:24:28;12;23;9999;052;999;09;111111111111000000000000;000000000000000000000000;11101000;000;_;e;10;001010000100000000000000;____;10;-06;074;007;-08;-06;035;0425713485;;;;;;;;;;;;;;;;;;;;;;;;;;;;;;;;;;;;;;;;;;;;;;;;;;
15:33:18;12;24;9999;078;999;09;111111111111000000000000;000000000000000000000000;11101000;000;_;e;10;111100000000000000000000;____;04;029;077;031;023;030;079;0425717702;;;;;;;;;;;;;;;;;;;;;;;;;;;;;;;;;;;;;;;;;;;;;;;;;;
15:35:25;12;25;9999;068;999;09;111111111111000000000000;000000000000000000000000;11101000;000;_;e;10;110000000000000000000000;____;01;035;098;010;035;036;065;0425713494;;;;;;;;;;;;;;;;;;;;;;;;;;;;;;;;;;;;;;;;;;;;;;;;;;
15:36:46;12;26;9999;073;999;09;111111111111000000000000;000000000000000000000000;11101000;000;_;e;10;100000000000000000000000;____;01;030;100;025;029;031;010;0425713496;;;;;;;;;;;;;;;;;;;;;;;;;;;;;;;;;;;;;;;;;;;;;;;;;;
15:43:47;12;27;9999;067;999;08;111111111111000000000000;000000000000000000000000;11101000;000;_;e;10;111001000001000000000000;____;01;064;083;010;031;065;036;0425716634;;;;;;;;;;;;;;;;;;;;;;;;;;;;;;;;;;;;;;;;;;;;;;;;;;
15:45:39;12;28;9999;049;999;09;111111111111000000000000;000000000000000000000000;11101000;000;_;e;10;001111001111000000000000;____;10;065;060;006;035;067;113;0425701680;;;;;;;;;;;;;;;;;;;;;;;;;;;;;;;;;;;;;;;;;;;;;;;;;;
15:51:30;12;29;9999;076;999;09;111111111111000000000000;000000000000000000000000;11101000;000;_;e;10;000001010000000000000000;____;08;028;041;021;025;028;009;0425717707;;;;;;;;;;;;;;;;;;;;;;;;;;;;;;;;;;;;;;;;;;;;;;;;;;
15:52:13;12;30;9999;070;999;08;111111111111000000000000;000000000000000000000000;11101000;000;_;e;10;110000000000000000000000;____;01;036;099;006;019;037;034;0425701682;;;;;;;;;;;;;;;;;;;;;;;;;;;;;;;;;;;;;;;;;;;;;;;;;;
15:55:50;12;31;9999;068;999;09;111111111111000000000000;000000000000000000000000;11101000;000;_;e;10;110011111100000000000000;____;06;029;079;047;022;031;124;0425717713;;;;;;;;;;;;;;;;;;;;;;;;;;;;;;;;;;;;;;;;;;;;;;;;;;
15:59:14;12;32;9999;076;999;09;111111111111000000000000;000000000000000000000000;11101000;000;_;e;10;001101001000000000000000;____;04;038;077;027;019;039;074;0425717719;;;;;;;;;;;;;;;;;;;;;;;;;;;;;;;;;;;;;;;;;;;;;;;;;;
16:00:09;12;33;9999;076;999;09;111111111111000000000000;000000000000000000000000;11101000;000;_;e;10;001011110000000000000000;____;07;057;047;023;039;057;047;0425717515;;;;;;;;;;;;;;;;;;;;;;;;;;;;;;;;;;;;;;;;;;;;;;;;;;
16:06:19;12;34;9999;066;999;09;111111111111000000000000;000000000000000000000000;11101000;000;_;e;10;101101001001000000000000;____;09;074;083;007;070;075;103;0425717517;;;;;;;;;;;;;;;;;;;;;;;;;;;;;;;;;;;;;;;;;;;;;;;;;;
16:07:26;12;35;9999;056;999;09;111111111111000000000000;000000000000000000000000;11101000;000;_;e;10;100000000000000000000000;____;01;037;101;012;037;037;043;0425717519;;;;;;;;;;;;;;;;;;;;;;;;;;;;;;;;;;;;;;;;;;;;;;;;;;
16:10:17;12;36;9999;079;999;09;111111111111000000000000;000000000000000000000000;11101000;000;_;e;10;001000001101000000000000;____;09;086;071;014;053;087;058;0425701684;;;;;;;;;;;;;;;;;;;;;;;;;;;;;;;;;;;;;;;;;;;;;;;;;;
16:27:52;12;37;9999;072;999;09;111111111111000000000000;000000000000000000000000;11101000;000;_;e;10;000011110000000000000000;____;07;050;044;020;047;055;076;0425701691;;;;;;;;;;;;;;;;;;;;;;;;;;;;;;;;;;;;;;;;;;;;;;;;;;
16:29:16;12;38;9999;075;999;09;111111111111000000000000;000000000000000000000000;11101000;000;_;e;10;001111001100000000000000;____;10;019;064;024;013;021;137;0425713561;;;;;;;;;;;;;;;;;;;;;;;;;;;;;;;;;;;;;;;;;;;;;;;;;;
16:30:45;12;39;9999;069;999;09;111111111111000000000000;000000000000000000000000;11101000;000;_;e;10;001111001100000000000000;____;09;077;075;009;069;080;097;0425713563;;;;;;;;;;;;;;;;;;;;;;;;;;;;;;;;;;;;;;;;;;;;;;;;;;
16:33:44;12;40;9999;078;999;09;111111111111000000000000;000000000000000000000000;11101000;000;_;e;10;011111000100000000000000;____;03;020;074;032;017;030;083;0425713565;;;;;;;;;;;;;;;;;;;;;;;;;;;;;;;;;;;;;;;;;;;;;;;;;;
16:34:22;12;41;9999;056;999;09;111111111111000000000000;000000000000000000000000;11101000;000;_;e;10;000110000000000000000000;____;05;-11;074;021;-11;-02;012;0425717531;;;;;;;;;;;;;;;;;;;;;;;;;;;;;;;;;;;;;;;;;;;;;;;;;;
16:44:01;12;42;9999;075;999;09;111111111111000000000000;000000000000000000000000;11001000;000;_;e;10;000000010001000000000000;____;12;026;067;004;025;048;035;0050123641;040;043;022;040;040;020;0425719000;;;;;;;;;;;;;;;;;;;;;;;;;;;;;;;;;;;;;;;;;;;
16:47:46;12;43;9999;064;999;09;111111111111000000000000;000000000000000000000000;11010000;000;_;;;;;;;;;;;;;;;;;;;;;;;;;;;;;;;;;;;;;;;;;;;;;;;;;;;;;;;;;;;;;;
16:47:46;12;44;9999;008;006;09;111111111111000000000000;000000000000000000000000;11010000;000;_;;;;;;;;;;;;;;;;;;;;;;;;;;;;;;;;;;;;;;;;;;;;;;;;;;;;;;;;;;;;;;
16:49:02;12;45;9999;076;999;08;111111111111000000000000;000000000000000000000000;11101000;000;_;e;10;111000000000000000000000;____;01;044;098;006;017;050;021;0425718707;;;;;;;;;;;;;;;;;;;;;;;;;;;;;;;;;;;;;;;;;;;;;;;;;;
16:51:23;12;46;9999;067;999;09;111111111111000000000000;000000000000000000000000;11101000;000;_;e;10;010000000000000000000000;____;02;013;098;006;013;013;003;0425713571;;;;;;;;;;;;;;;;;;;;;;;;;;;;;;;;;;;;;;;;;;;;;;;;;;
16:54:09;12;47;9999;082;999;09;111111111111000000000000;000000000000000000000000;11101000;000;_;e;10;001000000001000000000000;____;03;062;095;024;047;062;024;0425717731;;;;;;;;;;;;;;;;;;;;;;;;;;;;;;;;;;;;;;;;;;;;;;;;;;
16:54:47;12;48;9999;067;999;09;111111111111000000000000;000000000000000000000000;11010000;000;_;;;;;;;;;;;;;;;;;;;;;;;;;;;;;;;;;;;;;;;;;;;;;;;;;;;;;;;;;;;;;;
16:55:17;12;49;9999;052;999;09;111111111111000000000000;000000000000000000000000;11101000;000;_;e;10;010111011000000000000000;____;02;050;083;005;021;053;028;0425717537;;;;;;;;;;;;;;;;;;;;;;;;;;;;;;;;;;;;;;;;;;;;;;;;;;
16:55:51;12;50;9999;080;999;09;111111111111000000000000;000000000000000000000000;11101000;000;_;e;10;110000000000000000000000;____;01;046;100;019;045;047;067;0425717733;;;;;;;;;;;;;;;;;;;;;;;;;;;;;;;;;;;;;;;;;;;;;;;;;;
16:58:32;12;51;9999;058;999;09;111111111111000000000000;000000000000000000000000;11101000;000;_;e;10;000000000010000000000000;____;11;004;045;004;003;004;016;0425718804;;;;;;;;;;;;;;;;;;;;;;;;;;;;;;;;;;;;;;;;;;;;;;;;;;
16:59:28;12;52;9999;074;999;09;111111111111000000000000;000000000000000000000000;11101000;000;_;e;10;000111001000000000000000;____;09;006;077;017;002;027;045;0425718422;;;;;;;;;;;;;;;;;;;;;;;;;;;;;;;;;;;;;;;;;;;;;;;;;;
17:01:22;12;53;9999;076;999;08;111111111111000000000000;000000000000000000000000;11101000;000;_;e;10;001111001100000000000000;____;04;039;068;035;035;040;165;0425718425;;;;;;;;;;;;;;;;;;;;;;;;;;;;;;;;;;;;;;;;;;;;;;;;;;
17:04:21;12;54;9999;083;999;09;111111111111000000000000;000000000000000000000000;11101000;000;_;e;10;001001001000000000000000;____;09;079;075;004;079;082;091;0425713578;;;;;;;;;;;;;;;;;;;;;;;;;;;;;;;;;;;;;;;;;;;;;;;;;;
17:05:12;12;55;9999;074;999;09;111111111111000000000000;000000000000000000000000;11101000;000;_;e;10;001111001101000000000000;____;09;081;072;020;049;087;167;0425718706;;;;;;;;;;;;;;;;;;;;;;;;;;;;;;;;;;;;;;;;;;;;;;;;;;
17:06:54;12;56;9999;076;999;09;111111111111000000000000;000000000000000000000000;11101000;000;_;e;10;111000000000000000000000;____;01;037;091;025;037;039;069;0425718427;;;;;;;;;;;;;;;;;;;;;;;;;;;;;;;;;;;;;;;;;;;;;;;;;;
17:14:08;12;57;9999;075;999;09;111111111111000000000000;000000000000000000000000;11101000;000;_;e;10;011100001000000000000000;____;04;043;062;034;041;044;044;0425717539;;;;;;;;;;;;;;;;;;;;;;;;;;;;;;;;;;;;;;;;;;;;;;;;;;
17:17:44;12;58;9999;066;999;09;111111111111000000000000;000000000000000000000000;11101000;000;_;e;10;110000000000000000000000;____;01;046;100;012;044;046;045;0425718716;;;;;;;;;;;;;;;;;;;;;;;;;;;;;;;;;;;;;;;;;;;;;;;;;;
17:18:57;12;59;9999;069;999;09;111111111111000000000000;000000000000000000000000;11010000;000;_;;;;;;;;;;;;;;;;;;;;;;;;;;;;;;;;;;;;;;;;;;;;;;;;;;;;;;;;;;;;;;
17:22:21;12;60;9999;074;999;08;111111111111000000000000;000000000000000000000000;11101000;000;_;e;10;110000000100000000000000;____;01;039;101;016;013;043;054;0425718808;;;;;;;;;;;;;;;;;;;;;;;;;;;;;;;;;;;;;;;;;;;;;;;;;;
17:23:42;12;61;9999;068;999;09;111111111111000000000000;000000000000000000000000;11101000;000;_;e;10;011111001100000000000000;____;04;006;067;027;001;041;103;0425718717;;;;;;;;;;;;;;;;;;;;;;;;;;;;;;;;;;;;;;;;;;;;;;;;;;
17:24:33;12;62;9999;066;999;09;111111111111000000000000;000000000000000000000000;11101000;000;_;e;10;111100001000000000000000;____;01;066;080;004;048;070;111;0425718718;;;;;;;;;;;;;;;;;;;;;;;;;;;;;;;;;;;;;;;;;;;;;;;;;;
17:25:54;12;63;9999;075;999;09;111111111111000000000000;000000000000000000000000;11101000;000;_;e;10;111010000100000000000000;____;05;025;066;048;022;030;048;0425713588;;;;;;;;;;;;;;;;;;;;;;;;;;;;;;;;;;;;;;;;;;;;;;;;;;
17:27:36;12;64;9999;067;999;09;111111111111000000000000;000000000000000000000000;11101000;000;_;e;10;000110000101000000000000;____;10;-03;080;003;-17;-02;085;0425713589;;;;;;;;;;;;;;;;;;;;;;;;;;;;;;;;;;;;;;;;;;;;;;;;;;
17:35:11;12;65;9999;073;999;09;111111111111000000000000;000000000000000000000000;11101000;000;_;e;10;001110000101000000000000;____;03;-06;074;021;-09;002;100;0425709961;;;;;;;;;;;;;;;;;;;;;;;;;;;;;;;;;;;;;;;;;;;;;;;;;;
17:35:41;12;66;9999;076;999;09;111111111111000000000000;000000000000000000000000;11101000;000;_;e;10;011100001100000000000000;____;04;031;080;024;029;035;092;0425718450;;;;;;;;;;;;;;;;;;;;;;;;;;;;;;;;;;;;;;;;;;;;;;;;;;
17:37:23;12;67;9999;075;999;09;111111111111000000000000;000000000000000000000000;11101000;000;_;e;10;001100001000000000000000;____;04;041;073;031;019;043;057;0425718451;;;;;;;;;;;;;;;;;;;;;;;;;;;;;;;;;;;;;;;;;;;;;;;;;;
17:38:05;12;68;9999;059;999;09;111111111111000000000000;000000000000000000000000;11101000;000;_;e;10;000000000101000000000000;____;10;000;078;003;-12;003;029;0425718452;;;;;;;;;;;;;;;;;;;;;;;;;;;;;;;;;;;;;;;;;;;;;;;;;;
17:41:29;12;69;9999;075;999;09;111111111111000000000000;000000000000000000000000;11101000;000;_;e;10;001111011100000000000000;____;10;030;062;031;027;032;152;0425709964;;;;;;;;;;;;;;;;;;;;;;;;;;;;;;;;;;;;;;;;;;;;;;;;;;
17:44:32;12;70;9999;067;999;09;111111111111000000000000;000000000000000000000000;11101000;000;_;e;10;000000001100000000000000;____;09;005;073;034;004;010;028;0425718819;;;;;;;;;;;;;;;;;;;;;;;;;;;;;;;;;;;;;;;;;;;;;;;;;;
17:46:14;12;71;9999;069;999;09;111111111111000000000000;000000000000000000000000;11101000;000;_;e;10;011100000100000000000000;____;10;-07;085;017;-07;012;066;0425718820;;;;;;;;;;;;;;;;;;;;;;;;;;;;;;;;;;;;;;;;;;;;;;;;;;
17:47:22;12;72;9999;063;999;09;111111111111000000000000;000000000000000000000000;11101000;000;_;e;10;111010000100000000000000;____;02;037;099;025;-07;039;055;0425718821;;;;;;;;;;;;;;;;;;;;;;;;;;;;;;;;;;;;;;;;;;;;;;;;;;
17:48:09;12;73;9999;076;999;09;111111111111000000000000;000000000000000000000000;11101000;000;_;e;10;001111001100000000000000;____;10;040;074;029;036;045;141;0425713597;;;;;;;;;;;;;;;;;;;;;;;;;;;;;;;;;;;;;;;;;;;;;;;;;;
17:49:22;12;74;9999;080;999;09;111111111111000000000000;000000000000000000000000;11101000;000;_;e;10;000011111000000000000000;____;08;046;057;024;034;050;047;0425719008;;;;;;;;;;;;;;;;;;;;;;;;;;;;;;;;;;;;;;;;;;;;;;;;;;
17:54:07;12;75;9999;083;999;09;111111111111000000000000;000000000000000000000000;11101000;000;_;e;10;111011000100000000000000;____;10;003;089;006;-10;061;253;0425713599;;;;;;;;;;;;;;;;;;;;;;;;;;;;;;;;;;;;;;;;;;;;;;;;;;
17:55:36;12;76;9999;074;999;09;111111111111000000000000;000000000000000000000000;11101000;000;_;e;10;001000001000000000000000;____;09;005;076;033;002;005;044;0425718825;;;;;;;;;;;;;;;;;;;;;;;;;;;;;;;;;;;;;;;;;;;;;;;;;;
17:56:40;12;77;9999;075;999;09;111111111111000000000000;000000000000000000000000;11101000;000;_;e;10;111100001100000000000000;____;04;046;077;027;033;075;066;0425709980;;;;;;;;;;;;;;;;;;;;;;;;;;;;;;;;;;;;;;;;;;;;;;;;;;
18:09:25;12;78;9999;075;999;09;111111111111000000000000;000000000000000000000000;11101000;000;_;e;10;000101000000000000000000;____;04;045;083;030;045;046;024;0425716638;;;;;;;;;;;;;;;;;;;;;;;;;;;;;;;;;;;;;;;;;;;;;;;;;;
18:09:38;12;79;9999;077;999;09;111111111111000000000000;000000000000000000000000;11101000;000;_;e;10;001111001100000000000000;____;03;050;069;036;045;052;176;0425719015;;;;;;;;;;;;;;;;;;;;;;;;;;;;;;;;;;;;;;;;;;;;;;;;;;
18:10:08;12;80;9999;065;999;09;111111111111000000000000;000000000000000000000000;11101000;000;_;e;10;001111101100000000000000;____;05;028;047;010;024;033;147;0425718831;;;;;;;;;;;;;;;;;;;;;;;;;;;;;;;;;;;;;;;;;;;;;;;;;;
18:10:38;12;81;9999;082;999;09;111111111111000000000000;000000000000000000000000;11101000;000;_;e;10;100001000000000000000000;____;01;039;098;015;038;049;047;0425700851;;;;;;;;;;;;;;;;;;;;;;;;;;;;;;;;;;;;;;;;;;;;;;;;;;
18:13:25;12;82;9999;078;999;09;111111111111000000000000;000000000000000000000000;11101000;000;_;e;10;001000000000000000000000;____;03;034;085;049;033;035;038;0425709987;;;;;;;;;;;;;;;;;;;;;;;;;;;;;;;;;;;;;;;;;;;;;;;;;;
18:14:03;12;83;9999;075;999;09;111111111111000000000000;000000000000000000000000;11001000;000;_;e;10;001111001111000000000000;____;09;039;064;043;024;039;079;0425700852;028;063;004;027;051;033;0050120499;;;;;;;;;;;;;;;;;;;;;;;;;;;;;;;;;;;;;;;;;;;
18:19:00;12;84;9999;076;999;09;111111111111000000000000;000000000000000000000000;11101000;000;_;e;10;000001101101000000000000;____;10;006;056;024;006;022;065;0425718477;;;;;;;;;;;;;;;;;;;;;;;;;;;;;;;;;;;;;;;;;;;;;;;;;;
18:19:29;12;85;9999;062;999;09;111111111111000000000000;000000000000000000000000;11101000;000;_;e;10;011110000101000000000000;____;10;-01;089;005;-12;022;175;0425718835;;;;;;;;;;;;;;;;;;;;;;;;;;;;;;;;;;;;;;;;;;;;;;;;;;
18:20:54;12;86;9999;075;999;09;111111111111000000000000;000000000000000000000000;11101000;000;_;e;10;100110001100000000000000;____;10;012;070;029;004;028;064;0425718839;;;;;;;;;;;;;;;;;;;;;;;;;;;;;;;;;;;;;;;;;;;;;;;;;;
18:24:12;12;87;9999;049;999;09;111111111111000000000000;000000000000000000000000;11101000;000;_;e;10;110011000100000000000000;____;01;031;100;021;019;041;083;0425718842;;;;;;;;;;;;;;;;;;;;;;;;;;;;;;;;;;;;;;;;;;;;;;;;;;
18:30:15;12;88;9999;062;999;09;111111111111000000000000;000000000000000000000000;11101000;000;_;e;10;111110001100000000000000;____;01;033;100;021;003;039;129;0425719800;;;;;;;;;;;;;;;;;;;;;;;;;;;;;;;;;;;;;;;;;;;;;;;;;;
18:35:04;12;89;9999;060;999;09;111111111111000000000000;000000000000000000000000;11101000;000;_;e;10;100100001101000000000000;____;12;006;082;004;004;029;030;0425718481;;;;;;;;;;;;;;;;;;;;;;;;;;;;;;;;;;;;;;;;;;;;;;;;;;
18:35:13;12;90;9999;076;716;09;111111111111000000000000;000000000000000000000000;11101000;000;_;e;10;111100100000000000000000;____;02;042;077;036;036;043;079;0425719803;;;;;;;;;;;;;;;;;;;;;;;;;;;;;;;;;;;;;;;;;;;;;;;;;;
18:36:08;12;91;9999;052;999;09;111111111111000000000000;000000000000000000000000;11101000;000;_;e;10;001111001100000000000000;____;03;022;074;035;005;026;078;0425718483;;;;;;;;;;;;;;;;;;;;;;;;;;;;;;;;;;;;;;;;;;;;;;;;;;
18:47:55;12;92;9999;056;999;09;111111111111000000000000;000000000000000000000000;11101000;000;_;e;10;001111000100000000000000;____;10;002;080;004;-02;008;121;0425718846;;;;;;;;;;;;;;;;;;;;;;;;;;;;;;;;;;;;;;;;;;;;;;;;;;
18:54:36;12;93;9999;061;999;09;111111111111000000000000;000000000000000000000000;11101000;000;_;e;10;010100001100000000000000;____;10;000;075;018;000;021;028;0425716651;;;;;;;;;;;;;;;;;;;;;;;;;;;;;;;;;;;;;;;;;;;;;;;;;;
19:07:13;12;94;9999;077;999;09;111111111111000000000000;000000000000000000000000;11101000;000;_;e;10;001101001100000000000000;____;09;046;066;043;041;046;096;0425719041;;;;;;;;;;;;;;;;;;;;;;;;;;;;;;;;;;;;;;;;;;;;;;;;;;
19:10:22;12;95;9999;054;999;09;111111111111000000000000;000000000000000000000000;11101000;000;_;e;10;001000001100000000000000;____;10;-06;075;017;-06;017;044;0425716663;;;;;;;;;;;;;;;;;;;;;;;;;;;;;;;;;;;;;;;;;;;;;;;;;;
19:11:34;12;96;9999;065;999;09;111111111111000000000000;000000000000000000000000;11101000;000;_;e;10;001111001100000000000000;____;10;002;068;025;000;022;146;0425716664;;;;;;;;;;;;;;;;;;;;;;;;;;;;;;;;;;;;;;;;;;;;;;;;;;
19:12:16;12;97;9999;059;999;09;111111111111000000000000;000000000000000000000000;11101000;000;_;e;10;000110000100000000000000;____;10;-01;080;019;-01;032;034;0425719821;;;;;;;;;;;;;;;;;;;;;;;;;;;;;;;;;;;;;;;;;;;;;;;;;;
19:14:28;12;98;9999;057;999;09;111111111111000000000000;000000000000000000000000;11101000;000;_;e;10;000000001100000000000000;____;10;001;078;012;001;019;026;0425719824;;;;;;;;;;;;;;;;;;;;;;;;;;;;;;;;;;;;;;;;;;;;;;;;;;
19:32:44;12;99;9999;074;999;08;111111111111000000000000;000000000000000000000000;11101000;000;_;e;10;001101001100000000000000;____;09;078;066;028;031;078;051;0425697509;;;;;;;;;;;;;;;;;;;;;;;;;;;;;;;;;;;;;;;;;;;;;;;;;;
19:34:07;12;01;9999;075;999;09;111111111111000000000000;000000000000000000000000;11101000;000;_;e;10;111100000000000000000000;____;02;046;080;023;040;049;045;0425697511;;;;;;;;;;;;;;;;;;;;;;;;;;;;;;;;;;;;;;;;;;;;;;;;;;
19:38:52;12;02;9999;074;999;09;111111111111000000000000;000000000000000000000000;11101000;000;_;e;10;011100000100000000000000;____;04;034;073;024;032;037;084;0425719827;;;;;;;;;;;;;;;;;;;;;;;;;;;;;;;;;;;;;;;;;;;;;;;;;;
19:58:13;12;03;9999;074;999;09;111111111111000000000000;000000000000000000000000;11101000;000;_;e;10;111110000100000000000000;____;04;035;080;021;030;037;046;0425717544;;;;;;;;;;;;;;;;;;;;;;;;;;;;;;;;;;;;;;;;;;;;;;;;;;
20:01:35;12;04;9999;072;999;09;111111111111000000000000;000000000000000000000000;11101000;000;_;e;10;110000000000000000000000;____;02;038;100;012;038;040;045;0425721300;;;;;;;;;;;;;;;;;;;;;;;;;;;;;;;;;;;;;;;;;;;;;;;;;;
20:21:09;12;05;9999;074;999;08;111111111111000000000000;000000000000000000000000;11101000;000;_;e;10;011100010000000000000000;____;02;027;081;023;026;031;099;0425721010;;;;;;;;;;;;;;;;;;;;;;;;;;;;;;;;;;;;;;;;;;;;;;;;;;
20:22:58;12;06;9999;076;999;09;111111111111000000000000;000000000000000000000000;11101000;000;_;e;10;001100101100000000000000;____;10;032;079;033;032;070;090;0425721014;;;;;;;;;;;;;;;;;;;;;;;;;;;;;;;;;;;;;;;;;;;;;;;;;;
20:24:11;12;07;9999;075;999;09;111111111111000000000000;000000000000000000000000;11001000;000;_;e;10;111111001100000000000000;____;04;009;075;033;007;013;105;0425721015;069;100;022;067;071;040;0954836459;;;;;;;;;;;;;;;;;;;;;;;;;;;;;;;;;;;;;;;;;;;
20:24:23;12;08;9999;076;999;09;111111111111000000000000;000000000000000000000000;11101000;000;_;e;10;001110110100000000000000;____;03;024;065;034;004;028;099;0425721018;;;;;;;;;;;;;;;;;;;;;;;;;;;;;;;;;;;;;;;;;;;;;;;;;;
20:24:49;12;09;9999;081;999;09;111111111111000000000000;000000000000000000000000;11101000;000;_;e;10;001111001100000000000000;____;04;034;077;033;031;037;139;0425721016;;;;;;;;;;;;;;;;;;;;;;;;;;;;;;;;;;;;;;;;;;;;;;;;;;
20:25:48;12;10;9999;055;999;09;111111111111000000000000;000000000000000000000000;11101000;000;_;e;10;001110001100000000000000;____;10;001;078;020;000;020;079;0425721302;;;;;;;;;;;;;;;;;;;;;;;;;;;;;;;;;;;;;;;;;;;;;;;;;;
20:31:37;12;11;9999;059;999;09;111111111111000000000000;000000000000000000000000;11101000;000;_;e;10;001001001000000000000000;____;09;061;078;008;032;061;045;0425720607;;;;;;;;;;;;;;;;;;;;;;;;;;;;;;;;;;;;;;;;;;;;;;;;;;
20:32:24;12;12;9999;074;999;09;111111111111000000000000;000000000000000000000000;11101000;000;_;e;10;111100001100000000000000;____;04;036;085;032;033;038;071;0425720606;;;;;;;;;;;;;;;;;;;;;;;;;;;;;;;;;;;;;;;;;;;;;;;;;;
20:33:19;12;13;9999;075;999;09;111111111111000000000000;000000000000000000000000;11101000;000;_;e;10;111100000100000000000000;____;02;028;096;020;028;043;111;0425720608;;;;;;;;;;;;;;;;;;;;;;;;;;;;;;;;;;;;;;;;;;;;;;;;;;
20:34:06;12;14;9999;054;999;09;111111111111000000000000;000000000000000000000000;11101000;000;_;e;10;000000110100000000000000;____;08;032;056;011;015;036;037;0425721305;;;;;;;;;;;;;;;;;;;;;;;;;;;;;;;;;;;;;;;;;;;;;;;;;;
20:34:44;12;15;9999;067;999;09;111111111111000000000000;000000000000000000000000;11101000;000;_;e;10;110000001101000000000000;____;02;040;098;019;017;042;043;0425721503;;;;;;;;;;;;;;;;;;;;;;;;;;;;;;;;;;;;;;;;;;;;;;;;;;
20:37:06;12;16;9999;053;999;09;111111111111000000000000;000000000000000000000000;11101000;000;_;e;10;000011101001000000000000;____;05;034;053;002;033;036;082;0425720609;;;;;;;;;;;;;;;;;;;;;;;;;;;;;;;;;;;;;;;;;;;;;;;;;;
20:38:04;12;17;9999;075;999;09;111111111111000000000000;000000000000000000000000;11101000;000;_;e;10;001110001100000000000000;____;04;048;069;029;043;052;096;0425697530;;;;;;;;;;;;;;;;;;;;;;;;;;;;;;;;;;;;;;;;;;;;;;;;;;
20:39:30;12;18;9999;074;999;09;111111111111000000000000;000000000000000000000000;11101000;000;_;e;10;001101000100000000000000;____;04;039;084;019;038;043;048;0425721309;;;;;;;;;;;;;;;;;;;;;;;;;;;;;;;;;;;;;;;;;;;;;;;;;;
20:39:35;12;19;9999;074;303;09;111111111111000000000000;000000000000000000000000;11010000;000;_;;;;;;;;;;;;;;;;;;;;;;;;;;;;;;;;;;;;;;;;;;;;;;;;;;;;;;;;;;;;;;
20:40:09;12;20;9999;076;999;09;111111111111000000000000;000000000000000000000000;11101000;000;_;e;10;110111010000000000000000;____;02;054;075;027;046;065;109;0425721311;;;;;;;;;;;;;;;;;;;;;;;;;;;;;;;;;;;;;;;;;;;;;;;;;;
20:40:13;12;21;9999;068;245;09;111111111111000000000000;000000000000000000000000;11101000;000;_;e;10;110110000100000000000000;____;01;030;101;027;-17;035;057;0425721310;;;;;;;;;;;;;;;;;;;;;;;;;;;;;;;;;;;;;;;;;;;;;;;;;;
20:40:55;12;22;9999;056;999;09;111111111111000000000000;000000000000000000000000;11101000;000;_;e;10;001111001101000000000000;____;09;-05;079;011;-15;039;171;0425697531;;;;;;;;;;;;;;;;;;;;;;;;;;;;;;;;;;;;;;;;;;;;;;;;;;
20:41:07;12;23;9999;075;992;09;111111111111000000000000;000000000000000000000000;11101000;000;_;e;10;101111001000000000000000;____;05;031;093;015;031;062;089;0425721312;;;;;;;;;;;;;;;;;;;;;;;;;;;;;;;;;;;;;;;;;;;;;;;;;;
20:41:15;12;24;9999;061;588;09;111111111111000000000000;000000000000000000000000;11101000;000;_;e;10;000000000100000000000000;____;10;-03;077;016;-03;001;039;0425697532;;;;;;;;;;;;;;;;;;;;;;;;;;;;;;;;;;;;;;;;;;;;;;;;;;
20:41:45;12;25;9999;074;999;09;111111111111000000000000;000000000000000000000000;11101000;000;_;e;10;001111001100000000000000;____;09;042;083;022;033;045;125;0425721313;;;;;;;;;;;;;;;;;;;;;;;;;;;;;;;;;;;;;;;;;;;;;;;;;;
20:42:08;12;26;9999;077;999;09;111111111111000000000000;000000000000000000000000;11101000;000;_;e;10;101111001000000000000000;____;04;036;075;041;033;040;069;0425721507;;;;;;;;;;;;;;;;;;;;;;;;;;;;;;;;;;;;;;;;;;;;;;;;;;
20:42:32;12;27;9999;064;999;09;111111111111000000000000;000000000000000000000000;11101000;000;_;e;10;110000000000000000000000;____;01;032;100;012;032;034;047;0425697534;;;;;;;;;;;;;;;;;;;;;;;;;;;;;;;;;;;;;;;;;;;;;;;;;;
20:43:10;12;28;9999;061;999;09;111111111111000000000000;000000000000000000000000;11101000;000;_;e;10;001110001100000000000000;____;03;037;049;011;035;042;089;0425697535;;;;;;;;;;;;;;;;;;;;;;;;;;;;;;;;;;;;;;;;;;;;;;;;;;
20:43:40;12;29;9999;074;999;09;111111111111000000000000;000000000000000000000000;11101000;000;_;e;10;001101001000000000000000;____;09;086;069;039;078;087;091;0425720612;;;;;;;;;;;;;;;;;;;;;;;;;;;;;;;;;;;;;;;;;;;;;;;;;;
20:44:57;12;30;9999;075;999;09;111111111111000000000000;000000000000000000000000;11101000;000;_;e;10;111100110000000000000000;____;07;038;063;037;035;042;094;0425721703;;;;;;;;;;;;;;;;;;;;;;;;;;;;;;;;;;;;;;;;;;;;;;;;;;
20:48:34;12;31;9999;057;999;09;111111111111000000000000;000000000000000000000000;11101000;000;_;e;10;001110001100000000000000;____;10;-05;081;007;-10;043;155;0425697537;;;;;;;;;;;;;;;;;;;;;;;;;;;;;;;;;;;;;;;;;;;;;;;;;;
20:49:55;12;32;9999;050;999;09;111111111111000000000000;000000000000000000000000;11101000;000;_;e;10;100100000100000000000000;____;10;000;091;022;-02;000;021;0425721513;;;;;;;;;;;;;;;;;;;;;;;;;;;;;;;;;;;;;;;;;;;;;;;;;;
20:52:24;12;33;9999;067;999;09;111111111111000000000000;000000000000000000000000;11101000;000;_;e;10;001101001100000000000000;____;10;-06;078;006;-07;015;080;0425697539;;;;;;;;;;;;;;;;;;;;;;;;;;;;;;;;;;;;;;;;;;;;;;;;;;
20:53:36;12;34;9999;068;999;09;111111111111000000000000;000000000000000000000000;11101000;000;_;e;10;010100000100000000000000;____;10;007;078;019;007;034;036;0425721317;;;;;;;;;;;;;;;;;;;;;;;;;;;;;;;;;;;;;;;;;;;;;;;;;;
20:56:06;12;35;9999;057;999;09;111111111111000000000000;000000000000000000000000;11101000;000;_;e;10;010100100000000000000000;____;02;-04;088;023;-04;-03;056;0425721318;;;;;;;;;;;;;;;;;;;;;;;;;;;;;;;;;;;;;;;;;;;;;;;;;;
20:56:21;12;36;9999;052;999;09;111111111111000000000000;000000000000000000000000;11101000;000;_;e;10;001110000101000000000000;____;10;-05;077;002;-18;-03;067;0425721712;;;;;;;;;;;;;;;;;;;;;;;;;;;;;;;;;;;;;;;;;;;;;;;;;;
20:57:04;12;37;9999;056;999;09;111111111111000000000000;000000000000000000000000;11101000;000;_;e;10;000000000111000000000000;____;10;003;063;013;-04;007;027;0425721713;;;;;;;;;;;;;;;;;;;;;;;;;;;;;;;;;;;;;;;;;;;;;;;;;;
20:57:26;12;38;9999;076;999;09;111111111111000000000000;000000000000000000000000;11101000;000;_;e;10;010000001000000000000000;____;09;009;082;012;009;017;026;0425721319;;;;;;;;;;;;;;;;;;;;;;;;;;;;;;;;;;;;;;;;;;;;;;;;;;
20:57:58;12;39;9999;051;999;09;111111111111000000000000;000000000000000000000000;11101000;000;_;e;10;000000000100000000000000;____;10;005;083;019;005;005;003;0425717553;;;;;;;;;;;;;;;;;;;;;;;;;;;;;;;;;;;;;;;;;;;;;;;;;;
20:59:20;12;40;9999;077;999;09;111111111111000000000000;000000000000000000000000;11101000;000;_;e;10;110000000000000000000000;____;02;055;088;015;055;056;063;0425721709;;;;;;;;;;;;;;;;;;;;;;;;;;;;;;;;;;;;;;;;;;;;;;;;;;
20:59:42;12;41;9999;074;999;09;111111111111000000000000;000000000000000000000000;11101000;000;_;e;10;000100001100000000000000;____;04;016;075;004;015;045;079;0425721517;;;;;;;;;;;;;;;;;;;;;;;;;;;;;;;;;;;;;;;;;;;;;;;;;;
21:00:21;12;42;9999;069;999;09;111111111111000000000000;000000000000000000000000;11101000;000;_;e;10;001111001101000000000000;____;06;-05;068;023;-13;-01;101;0425721320;;;;;;;;;;;;;;;;;;;;;;;;;;;;;;;;;;;;;;;;;;;;;;;;;;
21:00:37;12;43;9999;074;999;08;111111111111000000000000;000000000000000000000000;11101000;000;_;e;10;101111001100000000000000;____;10;024;065;048;022;028;113;0425717555;;;;;;;;;;;;;;;;;;;;;;;;;;;;;;;;;;;;;;;;;;;;;;;;;;
21:01:28;12;44;9999;074;999;09;111111111111000000000000;000000000000000000000000;11101000;000;_;e;10;001111001100000000000000;____;10;025;061;028;022;028;139;0425717556;;;;;;;;;;;;;;;;;;;;;;;;;;;;;;;;;;;;;;;;;;;;;;;;;;
21:01:50;12;45;9999;076;999;09;111111111111000000000000;000000000000000000000000;11101000;000;_;e;10;001011110100000000000000;____;06;036;054;019;036;044;067;0425721715;;;;;;;;;;;;;;;;;;;;;;;;;;;;;;;;;;;;;;;;;;;;;;;;;;
21:02:02;12;46;9999;075;960;09;111111111111000000000000;000000000000000000000000;11101000;000;_;e;10;000011110000000000000000;____;07;046;039;021;034;047;100;0425717558;;;;;;;;;;;;;;;;;;;;;;;;;;;;;;;;;;;;;;;;;;;;;;;;;;
21:03:44;12;47;9999;076;999;09;111111111111000000000000;000000000000000000000000;11101000;000;_;e;10;000011110100000000000000;____;06;032;058;033;032;035;106;0425717560;;;;;;;;;;;;;;;;;;;;;;;;;;;;;;;;;;;;;;;;;;;;;;;;;;
21:04:48;12;48;9999;075;999;09;111111111111000000000000;000000000000000000000000;11101000;000;_;e;10;001111000000000000000000;____;05;040;049;027;040;043;061;0425717562;;;;;;;;;;;;;;;;;;;;;;;;;;;;;;;;;;;;;;;;;;;;;;;;;;
21:05:05;12;49;9999;075;999;09;111111111111000000000000;000000000000000000000000;11101000;000;_;e;10;011111100100000000000000;____;06;028;056;031;020;030;089;0425717564;;;;;;;;;;;;;;;;;;;;;;;;;;;;;;;;;;;;;;;;;;;;;;;;;;
21:05:09;12;50;9999;078;282;09;111111111111000000000000;000000000000000000000000;11101000;000;_;e;10;001111000100000000000000;____;04;040;077;029;039;045;066;0425721721;;;;;;;;;;;;;;;;;;;;;;;;;;;;;;;;;;;;;;;;;;;;;;;;;;
21:05:14;12;51;9999;080;294;09;111111111111000000000000;000000000000000000000000;11101000;000;_;e;10;000011111100000000000000;____;06;025;048;029;025;038;111;0425717565;;;;;;;;;;;;;;;;;;;;;;;;;;;;;;;;;;;;;;;;;;;;;;;;;;
21:05:17;12;52;9999;067;227;09;111111111111000000000000;000000000000000000000000;11101000;000;_;e;10;111000000000000000000000;____;02;039;099;013;036;041;051;0425721720;;;;;;;;;;;;;;;;;;;;;;;;;;;;;;;;;;;;;;;;;;;;;;;;;;
21:05:35;12;53;9999;075;999;09;111111111111000000000000;000000000000000000000000;11101000;000;_;e;10;001110001100000000000000;____;03;031;076;023;030;034;051;0425717566;;;;;;;;;;;;;;;;;;;;;;;;;;;;;;;;;;;;;;;;;;;;;;;;;;
21:06:13;12;54;9999;078;999;09;111111111111000000000000;000000000000000000000000;11101000;000;_;e;10;101111001100000000000000;____;10;029;078;034;025;039;156;0425721723;;;;;;;;;;;;;;;;;;;;;;;;;;;;;;;;;;;;;;;;;;;;;;;;;;
21:06:43;12;55;9999;071;999;09;111111111111000000000000;000000000000000000000000;11101000;000;_;e;10;001110001101000000000000;____;04;-01;078;008;-09;017;087;0425721034;;;;;;;;;;;;;;;;;;;;;;;;;;;;;;;;;;;;;;;;;;;;;;;;;;
21:06:47;12;56;9999;074;288;09;111111111111000000000000;000000000000000000000000;11101000;000;_;e;10;001011000100000000000000;____;03;038;054;023;037;046;065;0425717567;;;;;;;;;;;;;;;;;;;;;;;;;;;;;;;;;;;;;;;;;;;;;;;;;;
21:06:52;12;57;9999;074;285;09;111111111111000000000000;000000000000000000000000;11101000;000;_;e;10;011110000000000000000000;____;03;049;080;020;016;050;050;0425717568;;;;;;;;;;;;;;;;;;;;;;;;;;;;;;;;;;;;;;;;;;;;;;;;;;
21:07:17;12;58;9999;067;999;09;111111111111000000000000;000000000000000000000000;11101000;000;_;e;10;110000001000000000000000;____;01;035;100;011;034;063;066;0425721725;;;;;;;;;;;;;;;;;;;;;;;;;;;;;;;;;;;;;;;;;;;;;;;;;;
21:07:34;12;59;9999;066;999;09;111111111111000000000000;000000000000000000000000;11101000;000;_;e;10;000100000100000000000000;____;10;-02;080;020;-02;002;041;0425721035;;;;;;;;;;;;;;;;;;;;;;;;;;;;;;;;;;;;;;;;;;;;;;;;;;
21:07:55;12;60;9999;058;999;09;111111111111000000000000;000000000000000000000000;11101000;000;_;e;10;001100110100000000000000;____;08;030;055;030;028;031;060;0425721727;;;;;;;;;;;;;;;;;;;;;;;;;;;;;;;;;;;;;;;;;;;;;;;;;;
21:08:13;12;61;9999;070;999;08;111111111111000000000000;000000000000000000000000;11101000;000;_;e;10;000111101100000000000000;____;05;027;059;044;002;032;069;0425721036;;;;;;;;;;;;;;;;;;;;;;;;;;;;;;;;;;;;;;;;;;;;;;;;;;
21:08:22;12;62;9999;043;699;09;111111111111000000000000;000000000000000000000000;11101000;000;_;e;10;110000001100000000000000;____;01;021;101;013;010;021;076;0425721519;;;;;;;;;;;;;;;;;;;;;;;;;;;;;;;;;;;;;;;;;;;;;;;;;;
21:08:25;12;63;9999;075;275;09;111111111111000000000000;000000000000000000000000;11101000;000;_;e;10;001111001100000000000000;____;04;035;074;028;032;037;056;0425717571;;;;;;;;;;;;;;;;;;;;;;;;;;;;;;;;;;;;;;;;;;;;;;;;;;
21:08:34;12;64;9999;076;636;09;111111111111000000000000;000000000000000000000000;11101000;000;_;e;10;101100001000000000000000;____;03;031;086;023;029;033;072;0425717570;;;;;;;;;;;;;;;;;;;;;;;;;;;;;;;;;;;;;;;;;;;;;;;;;;
21:09:51;12;65;9999;074;999;09;111111111111000000000000;000000000000000000000000;11101000;000;_;e;10;001111001100000000000000;____;03;034;069;032;032;038;118;0425721730;;;;;;;;;;;;;;;;;;;;;;;;;;;;;;;;;;;;;;;;;;;;;;;;;;
21:11:57;12;66;9999;076;999;09;111111111111000000000000;000000000000000000000000;11101000;000;_;e;10;110001001000000000000000;____;01;038;095;022;037;057;047;0425721731;;;;;;;;;;;;;;;;;;;;;;;;;;;;;;;;;;;;;;;;;;;;;;;;;;
21:13:23;12;67;9999;059;999;09;111111111111000000000000;000000000000000000000000;11101000;000;_;e;10;010000000000000000000000;____;02;001;094;008;001;004;005;0425721321;;;;;;;;;;;;;;;;;;;;;;;;;;;;;;;;;;;;;;;;;;;;;;;;;;
21:13:35;12;68;9999;074;999;09;111111111111000000000000;000000000000000000000000;11101000;000;_;e;10;001111001100000000000000;____;09;054;076;025;047;055;106;0425721732;;;;;;;;;;;;;;;;;;;;;;;;;;;;;;;;;;;;;;;;;;;;;;;;;;
21:15:01;12;69;9999;062;999;09;111111111111000000000000;000000000000000000000000;11101000;000;_;e;10;001111001100000000000000;____;04;046;053;024;039;046;070;0425717576;;;;;;;;;;;;;;;;;;;;;;;;;;;;;;;;;;;;;;;;;;;;;;;;;;
21:17:24;12;70;9999;069;999;09;111111111111000000000000;000000000000000000000000;11101000;000;_;e;10;110000000100000000000000;____;02;037;100;010;024;037;037;0425721736;;;;;;;;;;;;;;;;;;;;;;;;;;;;;;;;;;;;;;;;;;;;;;;;;;
21:18:45;12;71;9999;075;999;09;111111111111000000000000;000000000000000000000000;11101000;000;_;e;10;001111000100000000000000;____;04;041;076;027;036;047;052;0425721322;;;;;;;;;;;;;;;;;;;;;;;;;;;;;;;;;;;;;;;;;;;;;;;;;;
21:19:03;12;72;9999;053;999;09;111111111111000000000000;000000000000000000000000;11101000;000;_;e;10;100000000100000000000000;____;01;-06;094;025;-06;020;038;0425721738;;;;;;;;;;;;;;;;;;;;;;;;;;;;;;;;;;;;;;;;;;;;;;;;;;
21:19:16;12;73;9999;079;999;09;111111111111000000000000;000000000000000000000000;11101000;000;_;e;10;011111001000000000000000;____;05;038;072;032;027;052;091;0425720620;;;;;;;;;;;;;;;;;;;;;;;;;;;;;;;;;;;;;;;;;;;;;;;;;;
21:19:46;12;74;9999;054;999;09;111111111111000000000000;000000000000000000000000;11101000;000;_;e;10;000100000101000000000000;____;10;005;080;005;005;007;084;0425721740;;;;;;;;;;;;;;;;;;;;;;;;;;;;;;;;;;;;;;;;;;;;;;;;;;
21:20:10;12;75;9999;074;999;09;111111111111000000000000;000000000000000000000000;11101000;000;_;e;10;001000000100000000000000;____;03;039;088;007;024;040;034;0425721323;;;;;;;;;;;;;;;;;;;;;;;;;;;;;;;;;;;;;;;;;;;;;;;;;;
21:20:24;12;76;9999;067;999;09;111111111111000000000000;000000000000000000000000;11101000;000;_;e;10;111110001000000000000000;____;01;034;100;026;028;038;047;0425721739;;;;;;;;;;;;;;;;;;;;;;;;;;;;;;;;;;;;;;;;;;;;;;;;;;
21:20:49;12;77;9999;059;999;09;111111111111000000000000;000000000000000000000000;11101000;000;_;e;10;001110110100000000000000;____;04;042;046;018;038;043;053;0425720622;;;;;;;;;;;;;;;;;;;;;;;;;;;;;;;;;;;;;;;;;;;;;;;;;;
21:20:57;12;78;9999;066;653;09;111111111111000000000000;000000000000000000000000;11101000;000;_;e;10;001111001100000000000000;____;09;022;080;043;019;046;126;0425720621;;;;;;;;;;;;;;;;;;;;;;;;;;;;;;;;;;;;;;;;;;;;;;;;;;
21:21:03;12;79;9999;069;425;09;111111111111000000000000;000000000000000000000000;11101000;000;_;e;10;001100001100000000000000;____;10;-06;075;007;-08;001;089;0425721520;;;;;;;;;;;;;;;;;;;;;;;;;;;;;;;;;;;;;;;;;;;;;;;;;;
21:21:32;12;80;9999;075;999;09;111111111111000000000000;000000000000000000000000;11101000;000;_;e;10;001010000100000000000000;____;10;074;078;022;070;075;043;0425720623;;;;;;;;;;;;;;;;;;;;;;;;;;;;;;;;;;;;;;;;;;;;;;;;;;
21:22:28;12;81;9999;073;999;09;111111111111000000000000;000000000000000000000000;11101000;000;_;e;10;100111101100000000000000;____;05;044;066;026;003;050;085;0425720624;;;;;;;;;;;;;;;;;;;;;;;;;;;;;;;;;;;;;;;;;;;;;;;;;;
21:22:32;12;82;9999;054;220;09;111111111111000000000000;000000000000000000000000;11101000;000;_;e;10;111100001000000000000000;____;03;048;085;007;046;067;100;0425721742;;;;;;;;;;;;;;;;;;;;;;;;;;;;;;;;;;;;;;;;;;;;;;;;;;
21:22:56;12;83;9999;063;999;09;111111111111000000000000;000000000000000000000000;11101000;000;_;e;10;111000001100000000000000;____;09;065;078;011;050;068;076;0425720625;;;;;;;;;;;;;;;;;;;;;;;;;;;;;;;;;;;;;;;;;;;;;;;;;;
21:24:10;12;84;9999;074;999;09;111111111111000000000000;000000000000000000000000;11101000;000;_;e;10;001100000000000000000000;____;04;044;077;027;033;044;012;0425721325;;;;;;;;;;;;;;;;;;;;;;;;;;;;;;;;;;;;;;;;;;;;;;;;;;
21:24:13;12;85;9999;069;258;09;111111111111000000000000;000000000000000000000000;11101000;000;_;e;10;110000000000000000000000;____;01;025;095;026;025;030;056;0425697545;;;;;;;;;;;;;;;;;;;;;;;;;;;;;;;;;;;;;;;;;;;;;;;;;;
21:24:36;12;86;9999;074;999;09;111111111111000000000000;000000000000000000000000;11101000;000;_;e;10;000011101100000000000000;____;05;047;055;033;045;050;072;0425721743;;;;;;;;;;;;;;;;;;;;;;;;;;;;;;;;;;;;;;;;;;;;;;;;;;
21:25:56;12;87;9999;048;999;08;111111111111000000000000;000000000000000000000000;11101000;000;_;e;10;001100000101000000000000;____;04;-10;081;013;-12;010;089;0425721745;;;;;;;;;;;;;;;;;;;;;;;;;;;;;;;;;;;;;;;;;;;;;;;;;;
21:28:58;12;88;9999;059;999;09;111111111111000000000000;000000000000000000000000;11101000;000;_;e;10;001100101100000000000000;____;10;030;076;034;029;036;141;0425720627;;;;;;;;;;;;;;;;;;;;;;;;;;;;;;;;;;;;;;;;;;;;;;;;;;
21:29:12;12;89;9999;079;999;09;111111111111000000000000;000000000000000000000000;11101000;000;_;e;10;001111001100000000000000;____;04;024;072;028;020;027;126;0425721747;;;;;;;;;;;;;;;;;;;;;;;;;;;;;;;;;;;;;;;;;;;;;;;;;;
21:29:49;12;90;9999;068;999;09;111111111111000000000000;000000000000000000000000;11101000;000;_;e;10;111000000000000000000000;____;01;043;092;011;043;047;040;0425721748;;;;;;;;;;;;;;;;;;;;;;;;;;;;;;;;;;;;;;;;;;;;;;;;;;
21:32:09;12;91;9999;049;999;09;111111111111000000000000;000000000000000000000000;11101000;000;_;e;10;011101001101000000000000;____;10;-07;083;013;-11;017;139;0425721526;;;;;;;;;;;;;;;;;;;;;;;;;;;;;;;;;;;;;;;;;;;;;;;;;;
21:32:31;12;92;9999;075;999;09;111111111111000000000000;000000000000000000000000;11101000;000;_;e;10;111000000000000000000000;____;01;048;104;037;048;094;070;0425721040;;;;;;;;;;;;;;;;;;;;;;;;;;;;;;;;;;;;;;;;;;;;;;;;;;
21:34:10;12;93;9999;075;999;09;111111111111000000000000;000000000000000000000000;11101000;000;_;e;10;100100001100000000000000;____;04;039;068;039;032;049;067;0425721525;;;;;;;;;;;;;;;;;;;;;;;;;;;;;;;;;;;;;;;;;;;;;;;;;;
21:34:14;12;94;9999;075;286;08;111111111111000000000000;000000000000000000000000;11101000;000;_;e;10;110100000000000000000000;____;01;047;100;022;031;048;044;0425721041;;;;;;;;;;;;;;;;;;;;;;;;;;;;;;;;;;;;;;;;;;;;;;;;;;
21:35:12;12;95;9999;065;999;08;111111111111000000000000;000000000000000000000000;11101000;000;_;e;10;111001000000000000000000;____;02;001;090;016;-01;041;035;0425721045;;;;;;;;;;;;;;;;;;;;;;;;;;;;;;;;;;;;;;;;;;;;;;;;;;
21:36:43;12;96;9999;064;999;09;111111111111000000000000;000000000000000000000000;11101000;000;_;e;10;000100000100000000000000;____;10;007;081;017;007;008;059;0425721044;;;;;;;;;;;;;;;;;;;;;;;;;;;;;;;;;;;;;;;;;;;;;;;;;;
21:38:03;12;97;9999;074;999;09;111111111111000000000000;000000000000000000000000;11101000;000;_;e;10;110111101000000000000000;____;02;057;082;042;042;057;081;0425721751;;;;;;;;;;;;;;;;;;;;;;;;;;;;;;;;;;;;;;;;;;;;;;;;;;
21:39:49;12;98;9999;050;999;09;111111111111000000000000;000000000000000000000000;11101000;000;_;e;10;011001001100000000000000;____;09;064;080;012;032;064;052;0425720631;;;;;;;;;;;;;;;;;;;;;;;;;;;;;;;;;;;;;;;;;;;;;;;;;;
21:41:31;12;99;9999;078;999;09;111111111111000000000000;000000000000000000000000;11101000;000;_;e;10;001110000100000000000000;____;10;014;058;012;012;034;035;0425721531;;;;;;;;;;;;;;;;;;;;;;;;;;;;;;;;;;;;;;;;;;;;;;;;;;
21:41:35;12;01;9999;061;205;09;111111111111000000000000;000000000000000000000000;11101000;000;_;e;10;110100000000000000000000;____;01;041;100;019;041;046;054;0425717586;;;;;;;;;;;;;;;;;;;;;;;;;;;;;;;;;;;;;;;;;;;;;;;;;;
21:44:08;12;02;9999;077;999;09;111111111111000000000000;000000000000000000000000;11101000;000;_;e;10;000111001110000000000000;____;05;038;040;019;034;044;104;0425720637;;;;;;;;;;;;;;;;;;;;;;;;;;;;;;;;;;;;;;;;;;;;;;;;;;
21:47:50;12;03;9999;076;999;09;111111111111000000000000;000000000000000000000000;11101000;000;_;e;10;100010000000000000000000;____;01;009;081;029;008;013;059;0425721046;;;;;;;;;;;;;;;;;;;;;;;;;;;;;;;;;;;;;;;;;;;;;;;;;;
21:48:28;12;04;9999;074;999;09;111111111111000000000000;000000000000000000000000;11101000;000;_;e;10;001111000100000000000000;____;04;034;075;048;030;036;047;0425721047;;;;;;;;;;;;;;;;;;;;;;;;;;;;;;;;;;;;;;;;;;;;;;;;;;
21:49:06;12;05;9999;067;999;09;111111111111000000000000;000000000000000000000000;11101000;000;_;e;10;110000010000000000000000;____;02;-06;088;015;-06;-01;041;0425721048;;;;;;;;;;;;;;;;;;;;;;;;;;;;;;;;;;;;;;;;;;;;;;;;;;
21:51:39;12;06;9999;067;999;09;111111111111000000000000;000000000000000000000000;11101000;000;_;e;10;000100000100000000000000;____;10;002;081;004;002;003;098;0425720638;;;;;;;;;;;;;;;;;;;;;;;;;;;;;;;;;;;;;;;;;;;;;;;;;;
21:51:56;12;07;9999;064;999;09;111111111111000000000000;000000000000000000000000;11101000;000;_;e;10;000110001100000000000000;____;10;000;075;020;000;030;049;0425717588;;;;;;;;;;;;;;;;;;;;;;;;;;;;;;;;;;;;;;;;;;;;;;;;;;
21:58:23;12;08;9999;070;999;09;111111111111000000000000;000000000000000000000000;11101000;000;_;e;10;110000000001000000000000;____;12;025;090;004;024;026;022;0425721533;;;;;;;;;;;;;;;;;;;;;;;;;;;;;;;;;;;;;;;;;;;;;;;;;;
22:00:52;12;09;9999;076;999;09;111111111111000000000000;000000000000000000000000;11101000;000;_;e;10;110100000000000000000000;____;01;031;103;008;027;032;037;0425721052;;;;;;;;;;;;;;;;;;;;;;;;;;;;;;;;;;;;;;;;;;;;;;;;;;
22:01:05;12;10;9999;074;989;09;111111111111000000000000;000000000000000000000000;11101000;000;_;e;10;110000000000000000000000;____;02;031;085;027;027;032;047;0425721534;;;;;;;;;;;;;;;;;;;;;;;;;;;;;;;;;;;;;;;;;;;;;;;;;;
22:01:25;12;11;9999;049;999;09;111111111111000000000000;000000000000000000000000;11101000;000;_;e;10;000011000000000000000000;____;06;-05;053;010;-05;-04;028;0425721536;;;;;;;;;;;;;;;;;;;;;;;;;;;;;;;;;;;;;;;;;;;;;;;;;;
22:02:00;12;12;9999;073;999;09;111111111111000000000000;000000000000000000000000;11101000;000;_;e;10;001110000111000000000000;____;10;-02;070;009;-03;025;113;0425721535;;;;;;;;;;;;;;;;;;;;;;;;;;;;;;;;;;;;;;;;;;;;;;;;;;
22:09:26;12;13;9999;071;999;09;111111111111000000000000;000000000000000000000000;11101000;000;_;e;10;000110000101000000000000;____;10;001;070;010;-03;016;039;0425721053;;;;;;;;;;;;;;;;;;;;;;;;;;;;;;;;;;;;;;;;;;;;;;;;;;
22:10:42;12;14;9999;072;999;09;111111111111000000000000;000000000000000000000000;11101000;000;_;e;10;000000001101000000000000;____;09;069;068;017;042;073;009;0425721055;;;;;;;;;;;;;;;;;;;;;;;;;;;;;;;;;;;;;;;;;;;;;;;;;;
22:14:23;12;15;9999;079;999;09;111111111111000000000000;000000000000000000000000;11101000;000;_;e;10;000000111100000000000000;____;07;040;041;028;039;044;059;0425721337;;;;;;;;;;;;;;;;;;;;;;;;;;;;;;;;;;;;;;;;;;;;;;;;;;
22:15:36;12;16;9999;058;999;09;111111111111000000000000;000000000000000000000000;11101000;000;_;e;10;001111000101000000000000;____;10;-04;080;001;-06;001;123;0425721338;;;;;;;;;;;;;;;;;;;;;;;;;;;;;;;;;;;;;;;;;;;;;;;;;;
22:23:49;12;17;9999;077;999;09;111111111111000000000000;000000000000000000000000;11101000;000;_;e;10;110000000000000000000000;____;01;043;098;013;043;045;067;0425721763;;;;;;;;;;;;;;;;;;;;;;;;;;;;;;;;;;;;;;;;;;;;;;;;;;
22:25:05;12;18;9999;075;999;09;111111111111000000000000;000000000000000000000000;11101000;000;_;e;10;111100000100000000000000;____;02;038;090;023;022;039;077;0425721764;;;;;;;;;;;;;;;;;;;;;;;;;;;;;;;;;;;;;;;;;;;;;;;;;;
22:32:32;12;19;9999;075;999;09;111111111111000000000000;000000000000000000000000;11101000;000;_;e;10;011110001100000000000000;____;03;004;073;031;004;037;101;0425721056;;;;;;;;;;;;;;;;;;;;;;;;;;;;;;;;;;;;;;;;;;;;;;;;;;
