RDT400 Server V3.30
Site: 
System: Barcode scanner PLC06_178 (Sick); System type: OPS
Date: 07-12-2024  00:00:38
Date    ;ID;CT;IDX ;TLE;TGA;V ;DEVICE LIST             ;ERROR LIST              ;OUTPUT  ;ENR;R;CODE1 ID;LENGTH;READ LIST;RES;CLV ID;XPOS;YPOS;ZPOS;XMIN;XMAX;CS;CODE CONTENT;XPOS;YPOS;ZPOS;XMIN;XMAX;CS;CODE CONTENT;CODE2 ID;LENGTH;READ LIST;RES;CLV ID;XPOS;YPOS;ZPOS;XMIN;XMAX;CS;CODE CONTENT;XPOS;YPOS;ZPOS;XMIN;XMAX;CS;CODE CONTENT;CODE3 ID;LENGTH;READ LIST;RES;CLV ID;XPOS;YPOS;ZPOS;XMIN;XMAX;CS;CODE CONTENT;XPOS;YPOS;ZPOS;XMIN;XMAX;CS;CODE CONTENT;INFO1;INFO2;CUSTOM1;CUSTOM2;
00:04:22;17;44;9999;045;999;11;111111111111000000000000;000000000000000000000000;11101000;000;_;e;10;000111001000000000000000;____;04;002;041;034;-07;003;074;0316107686;;;;;;;;;;;;;;;;;;;;;;;;;;;;;;;;;;;;;;;;;;;;;;;;;;
00:04:24;17;45;9999;050;161;11;111111111111000000000000;000000000000000000000000;11101000;000;_;e;10;000110000100000000000000;____;05;-19;040;036;-20;-17;044;0316107687;;;;;;;;;;;;;;;;;;;;;;;;;;;;;;;;;;;;;;;;;;;;;;;;;;
00:04:26;17;46;9999;044;167;11;111111111111000000000000;000000000000000000000000;11101000;000;_;e;10;010111001000000000000000;____;06;-13;042;029;-14;-07;038;0316107688;;;;;;;;;;;;;;;;;;;;;;;;;;;;;;;;;;;;;;;;;;;;;;;;;;
00:04:29;17;47;9999;045;149;06;111111111111000000000000;000000000000000000000000;11101000;000;_;e;10;000001001100000000000000;____;06;-16;037;035;-18;-13;031;0316107689;;;;;;;;;;;;;;;;;;;;;;;;;;;;;;;;;;;;;;;;;;;;;;;;;;
00:04:31;17;48;9999;070;144;11;111111111111000000000000;000000000000000000000000;11101000;000;_;e;10;100100000010000000000000;____;01;017;057;002;014;020;025;0316107690;;;;;;;;;;;;;;;;;;;;;;;;;;;;;;;;;;;;;;;;;;;;;;;;;;
00:04:34;17;49;9999;051;152;04;111111111111000000000000;000000000000000000000000;11101000;000;_;e;10;000110001000000000000000;____;05;-05;043;031;-07;-03;080;0316107691;;;;;;;;;;;;;;;;;;;;;;;;;;;;;;;;;;;;;;;;;;;;;;;;;;
00:04:36;17;50;9999;064;140;11;111111111111000000000000;000000000000000000000000;11101000;000;_;e;10;000010000000000000000000;____;05;003;032;036;003;003;005;0316107692;;;;;;;;;;;;;;;;;;;;;;;;;;;;;;;;;;;;;;;;;;;;;;;;;;
00:04:41;17;51;9999;076;350;11;111111111111000000000000;000000000000000000000000;11101000;000;_;e;10;100100000000000000000000;____;01;032;062;029;031;032;023;0316107693;;;;;;;;;;;;;;;;;;;;;;;;;;;;;;;;;;;;;;;;;;;;;;;;;;
00:04:45;17;52;9999;076;341;11;111111111111000000000000;000000000000000000000000;11101000;000;_;e;10;000011111000000000000000;____;07;032;029;008;002;036;075;0316107694;;;;;;;;;;;;;;;;;;;;;;;;;;;;;;;;;;;;;;;;;;;;;;;;;;
00:04:48;17;53;9999;060;232;11;111111111111000000000000;000000000000000000000000;11101000;000;_;e;10;000011101000000000000000;____;05;025;025;019;018;025;090;0316107698;;;;;;;;;;;;;;;;;;;;;;;;;;;;;;;;;;;;;;;;;;;;;;;;;;
00:04:50;17;54;9999;081;174;11;111111111111000000000000;000000000000000000000000;11101000;000;_;e;10;000011010000000000000000;____;06;011;026;031;011;016;052;0316107696;;;;;;;;;;;;;;;;;;;;;;;;;;;;;;;;;;;;;;;;;;;;;;;;;;
00:04:52;17;55;9999;078;162;11;111111111111000000000000;000000000000000000000000;11101000;000;_;e;10;110101001001000000000000;____;01;045;063;009;025;045;030;0316107697;;;;;;;;;;;;;;;;;;;;;;;;;;;;;;;;;;;;;;;;;;;;;;;;;;
00:04:56;17;56;9999;061;153;01;111111111111000000000000;000000000000000000000000;11001000;000;_;e;10;000001011000000000000000;____;08;-20;019;007;-20;-01;015;0316107764;017;051;024;-15;017;009;0262519228;;;;;;;;;;;;;;;;;;;;;;;;;;;;;;;;;;;;;;;;;;;
00:04:58;17;57;9999;075;172;11;111111111111000000000000;000000000000000000000000;11101000;000;_;e;10;100111001000000000000000;____;06;007;038;038;007;023;054;0316107695;;;;;;;;;;;;;;;;;;;;;;;;;;;;;;;;;;;;;;;;;;;;;;;;;;
00:05:00;17;58;9999;073;153;11;111111111111000000000000;000000000000000000000000;11101000;000;_;e;10;000011001000000000000000;____;06;020;015;013;009;029;031;0316107765;;;;;;;;;;;;;;;;;;;;;;;;;;;;;;;;;;;;;;;;;;;;;;;;;;
00:05:02;17;59;9999;080;169;11;111111111111000000000000;000000000000000000000000;11101000;000;_;e;10;001111001100000000000000;____;04;-11;053;032;-14;-07;068;0316107699;;;;;;;;;;;;;;;;;;;;;;;;;;;;;;;;;;;;;;;;;;;;;;;;;;
00:05:07;17;60;9999;068;241;11;111111111111000000000000;000000000000000000000000;11101000;000;_;e;10;000010001100000000000000;____;05;022;023;039;019;026;050;0316107766;;;;;;;;;;;;;;;;;;;;;;;;;;;;;;;;;;;;;;;;;;;;;;;;;;
00:05:09;17;61;9999;058;152;11;111111111111000000000000;000000000000000000000000;11101000;000;_;e;10;000100000000000000000000;____;04;024;030;018;023;024;006;0316107769;;;;;;;;;;;;;;;;;;;;;;;;;;;;;;;;;;;;;;;;;;;;;;;;;;
00:05:12;17;62;9999;066;143;03;111111111111000000000000;000000000000000000000000;11101000;000;_;e;10;000011001000000000000000;____;09;023;026;028;015;023;058;0316107767;;;;;;;;;;;;;;;;;;;;;;;;;;;;;;;;;;;;;;;;;;;;;;;;;;
00:05:15;17;63;9999;049;210;11;111111111111000000000000;000000000000000000000000;11101000;000;_;e;10;000000001000000000000000;____;09;-06;033;037;-06;-05;005;0316107770;;;;;;;;;;;;;;;;;;;;;;;;;;;;;;;;;;;;;;;;;;;;;;;;;;
00:05:17;17;64;9999;073;152;11;111111111111000000000000;000000000000000000000000;11101000;000;_;e;10;000010101010000000000000;____;11;046;020;004;006;047;029;0316107768;;;;;;;;;;;;;;;;;;;;;;;;;;;;;;;;;;;;;;;;;;;;;;;;;;
00:05:19;17;65;9999;060;134;09;111111111111000000000000;000000000000000000000000;11101000;000;_;e;10;000110001001000000000000;____;12;028;046;004;023;028;022;0316107772;;;;;;;;;;;;;;;;;;;;;;;;;;;;;;;;;;;;;;;;;;;;;;;;;;
00:05:21;17;66;9999;071;163;11;111111111111000000000000;000000000000000000000000;11101000;000;_;e;10;000000000100000000000000;____;10;-11;036;030;-11;-11;002;0316107771;;;;;;;;;;;;;;;;;;;;;;;;;;;;;;;;;;;;;;;;;;;;;;;;;;
00:05:24;17;67;9999;059;180;11;111111111111000000000000;000000000000000000000000;11101000;000;_;e;10;000101100000000000000000;____;07;000;000;014;-04;005;028;0316107773;;;;;;;;;;;;;;;;;;;;;;;;;;;;;;;;;;;;;;;;;;;;;;;;;;
00:05:28;17;68;9999;061;179;00;111111111111000000000000;000000000000000000000000;11101000;000;_;e;10;000000111000000000000000;____;07;013;003;006;-09;015;040;0316107774;;;;;;;;;;;;;;;;;;;;;;;;;;;;;;;;;;;;;;;;;;;;;;;;;;
00:05:31;17;69;9999;062;243;11;111111111111000000000000;000000000000000000000000;11010000;000;_;;;;;;;;;;;;;;;;;;;;;;;;;;;;;;;;;;;;;;;;;;;;;;;;;;;;;;;;;;;;;;
00:05:33;17;70;9999;080;137;11;111111111111000000000000;000000000000000000000000;11101000;000;_;e;10;000110000000000000000000;____;04;027;043;027;027;027;008;0316107777;;;;;;;;;;;;;;;;;;;;;;;;;;;;;;;;;;;;;;;;;;;;;;;;;;
00:05:38;17;71;9999;074;142;00;111111111111000000000000;000000000000000000000000;11101000;000;_;e;10;000101000000000000000000;____;06;020;035;032;020;028;058;0316107778;;;;;;;;;;;;;;;;;;;;;;;;;;;;;;;;;;;;;;;;;;;;;;;;;;
00:05:40;17;72;9999;058;230;11;111111111111000000000000;000000000000000000000000;11101000;000;_;e;10;000110000010000000000000;____;11;024;017;004;017;024;029;0316107779;;;;;;;;;;;;;;;;;;;;;;;;;;;;;;;;;;;;;;;;;;;;;;;;;;
00:05:42;17;73;9999;066;152;11;111111111111000000000000;000000000000000000000000;11101000;000;_;e;10;000010100000000000000000;____;07;029;001;021;-07;032;029;0316107780;;;;;;;;;;;;;;;;;;;;;;;;;;;;;;;;;;;;;;;;;;;;;;;;;;
04:35:02;17;74;9999;051;999;11;111111111111000000000000;000000000000000000000000;11101000;000;_;e;10;000100000000000000000000;____;04;000;080;008;-01;000;014;0555594700;;;;;;;;;;;;;;;;;;;;;;;;;;;;;;;;;;;;;;;;;;;;;;;;;;
05:04:16;17;75;9999;071;999;11;111111111111000000000000;000000000000000000000000;11010000;000;_;;;;;;;;;;;;;;;;;;;;;;;;;;;;;;;;;;;;;;;;;;;;;;;;;;;;;;;;;;;;;;
05:04:18;17;76;9999;081;153;11;111111111111000000000000;000000000000000000000000;11101000;000;_;e;10;000001000000000000000000;____;06;002;048;023;002;002;002;0555599000;;;;;;;;;;;;;;;;;;;;;;;;;;;;;;;;;;;;;;;;;;;;;;;;;;
05:04:21;17;77;9999;078;156;05;111111111111000000000000;000000000000000000000000;11101000;000;_;e;10;000000110000000000000000;____;07;015;033;007;012;016;020;0425482413;;;;;;;;;;;;;;;;;;;;;;;;;;;;;;;;;;;;;;;;;;;;;;;;;;
05:04:25;17;78;9999;081;163;01;111111111111000000000000;000000000000000000000000;11101000;000;_;e;10;000111001000000000000000;____;04;007;053;028;001;014;229;0425482410;;;;;;;;;;;;;;;;;;;;;;;;;;;;;;;;;;;;;;;;;;;;;;;;;;
05:04:27;17;79;9999;083;146;11;111111111111000000000000;000000000000000000000000;11101000;000;_;e;10;110100001000000000000000;____;02;011;095;016;010;015;047;0425482412;;;;;;;;;;;;;;;;;;;;;;;;;;;;;;;;;;;;;;;;;;;;;;;;;;
05:04:29;17;80;9999;057;160;11;111111111111000000000000;000000000000000000000000;11010000;000;_;;;;;;;;;;;;;;;;;;;;;;;;;;;;;;;;;;;;;;;;;;;;;;;;;;;;;;;;;;;;;;
05:04:32;17;81;9999;077;132;06;111111111111000000000000;000000000000000000000000;11101000;000;_;e;10;100100000000000000000000;____;01;010;056;027;007;012;016;0425482411;;;;;;;;;;;;;;;;;;;;;;;;;;;;;;;;;;;;;;;;;;;;;;;;;;
05:04:34;17;82;9999;079;158;11;111111111111000000000000;000000000000000000000000;11101000;000;_;e;10;000110111000000000000000;____;08;-11;036;005;-11;011;053;0425505432;;;;;;;;;;;;;;;;;;;;;;;;;;;;;;;;;;;;;;;;;;;;;;;;;;
05:04:50;17;83;9999;082;999;11;111111111111000000000000;000000000000000000000000;11101000;000;_;e;10;000001000000000000000000;____;06;-15;038;015;-15;-15;002;0425505311;;;;;;;;;;;;;;;;;;;;;;;;;;;;;;;;;;;;;;;;;;;;;;;;;;
05:04:53;17;84;9999;080;239;11;111111111111000000000000;000000000000000000000000;11010000;000;_;;;;;;;;;;;;;;;;;;;;;;;;;;;;;;;;;;;;;;;;;;;;;;;;;;;;;;;;;;;;;;
05:04:55;17;85;9999;077;135;11;111111111111000000000000;000000000000000000000000;11101000;000;_;e;10;000101001100000000000000;____;04;011;061;036;009;016;044;0425505433;;;;;;;;;;;;;;;;;;;;;;;;;;;;;;;;;;;;;;;;;;;;;;;;;;
05:04:58;17;86;9999;082;159;02;111111111111000000000000;000000000000000000000000;11101000;000;_;e;10;000110000100000000000000;____;04;-04;070;026;-04;005;035;0425505313;;;;;;;;;;;;;;;;;;;;;;;;;;;;;;;;;;;;;;;;;;;;;;;;;;
05:05:00;17;87;9999;059;173;11;111111111111000000000000;000000000000000000000000;11101000;000;_;e;10;000000100000000000000000;____;07;008;040;011;008;008;004;0425506408;;;;;;;;;;;;;;;;;;;;;;;;;;;;;;;;;;;;;;;;;;;;;;;;;;
05:05:03;17;88;9999;082;150;07;111111111111000000000000;000000000000000000000000;11101000;000;_;e;10;000111001000000000000000;____;05;021;048;032;020;031;054;0425505317;;;;;;;;;;;;;;;;;;;;;;;;;;;;;;;;;;;;;;;;;;;;;;;;;;
05:05:06;17;89;9999;078;157;11;111111111111000000000000;000000000000000000000000;11101000;000;_;e;10;000010000100000000000000;____;10;-08;047;023;-10;-05;006;0425505314;;;;;;;;;;;;;;;;;;;;;;;;;;;;;;;;;;;;;;;;;;;;;;;;;;
05:05:10;17;90;9999;079;359;11;111111111111000000000000;000000000000000000000000;11101000;000;_;e;10;010011001111000000000000;____;06;-13;058;000;-19;003;047;0425505316;;;;;;;;;;;;;;;;;;;;;;;;;;;;;;;;;;;;;;;;;;;;;;;;;;
05:05:12;17;91;9999;057;242;11;111111111111000000000000;000000000000000000000000;11101000;000;_;e;10;100000000000000000000000;____;01;013;103;009;010;013;046;0425505318;;;;;;;;;;;;;;;;;;;;;;;;;;;;;;;;;;;;;;;;;;;;;;;;;;
05:05:15;17;92;9999;066;169;11;111111111111000000000000;000000000000000000000000;11101000;000;_;e;10;110100000000000000000000;____;04;-19;088;002;-20;-15;063;0425506409;;;;;;;;;;;;;;;;;;;;;;;;;;;;;;;;;;;;;;;;;;;;;;;;;;
05:05:24;17;93;9999;077;961;11;111111111111000000000000;000000000000000000000000;11101000;000;_;e;10;000100000000000000000000;____;04;-14;055;015;-14;-14;008;0425505315;;;;;;;;;;;;;;;;;;;;;;;;;;;;;;;;;;;;;;;;;;;;;;;;;;
05:05:27;17;94;9999;080;237;11;111111111111000000000000;000000000000000000000000;11101000;000;_;e;10;000110000000000000000000;____;04;018;069;029;017;018;033;0425505437;;;;;;;;;;;;;;;;;;;;;;;;;;;;;;;;;;;;;;;;;;;;;;;;;;
05:05:29;17;95;9999;076;173;11;111111111111000000000000;000000000000000000000000;11101000;000;_;e;10;100100101100000000000000;____;04;000;076;027;000;036;034;0425505435;;;;;;;;;;;;;;;;;;;;;;;;;;;;;;;;;;;;;;;;;;;;;;;;;;
05:05:31;17;96;9999;067;159;11;111111111111000000000000;000000000000000000000000;11101000;000;_;e;10;110000000000000000000000;____;01;009;086;014;005;009;028;0425505319;;;;;;;;;;;;;;;;;;;;;;;;;;;;;;;;;;;;;;;;;;;;;;;;;;
05:05:36;17;97;9999;077;173;00;111111111111000000000000;000000000000000000000000;11101000;000;_;e;10;000000000001000000000000;____;12;003;060;004;003;005;009;0425490655;;;;;;;;;;;;;;;;;;;;;;;;;;;;;;;;;;;;;;;;;;;;;;;;;;
05:05:38;17;98;9999;083;190;11;111111111111000000000000;000000000000000000000000;11101000;000;_;e;10;000000100010000000000000;____;07;025;028;006;000;029;021;0425505438;;;;;;;;;;;;;;;;;;;;;;;;;;;;;;;;;;;;;;;;;;;;;;;;;;
05:05:40;17;99;9999;075;150;11;111111111111000000000000;000000000000000000000000;11101000;000;_;e;10;010100000001000000000000;____;04;-14;072;012;-16;-12;035;0555594700;;;;;;;;;;;;;;;;;;;;;;;;;;;;;;;;;;;;;;;;;;;;;;;;;;
05:05:46;17;01;9999;048;143;00;111111111111000000000000;000000000000000000000000;11101000;000;_;e;10;000111001100000000000000;____;05;006;051;034;-08;011;076;0425505322;;;;;;;;;;;;;;;;;;;;;;;;;;;;;;;;;;;;;;;;;;;;;;;;;;
05:05:49;17;02;9999;088;242;11;111111111111000000000000;000000000000000000000000;11101000;000;_;e;10;000111001000000000000000;____;05;023;049;036;023;026;085;0425505323;;;;;;;;;;;;;;;;;;;;;;;;;;;;;;;;;;;;;;;;;;;;;;;;;;
05:05:53;17;03;9999;048;339;11;111111111111000000000000;000000000000000000000000;11101000;000;_;e;10;000001001100000000000000;____;06;000;049;023;-05;000;037;0425490657;;;;;;;;;;;;;;;;;;;;;;;;;;;;;;;;;;;;;;;;;;;;;;;;;;
05:05:56;17;04;9999;045;237;11;111111111111000000000000;000000000000000000000000;11101000;000;_;e;10;000110001000000000000000;____;09;027;041;012;027;031;056;0425505324;;;;;;;;;;;;;;;;;;;;;;;;;;;;;;;;;;;;;;;;;;;;;;;;;;
05:05:58;17;05;9999;077;198;11;111111111111000000000000;000000000000000000000000;11101000;000;_;e;10;010100000000000000000000;____;04;008;082;019;006;008;059;0425490656;;;;;;;;;;;;;;;;;;;;;;;;;;;;;;;;;;;;;;;;;;;;;;;;;;
05:06:00;17;06;9999;056;166;11;111111111111000000000000;000000000000000000000000;11010000;000;_;;;;;;;;;;;;;;;;;;;;;;;;;;;;;;;;;;;;;;;;;;;;;;;;;;;;;;;;;;;;;;
05:06:14;17;07;9999;081;999;11;111111111111000000000000;000000000000000000000000;11101000;000;_;e;10;000001100000000000000000;____;07;005;023;014;-08;005;022;0425505326;;;;;;;;;;;;;;;;;;;;;;;;;;;;;;;;;;;;;;;;;;;;;;;;;;
05:34:43;17;08;9999;076;999;11;111111111111000000000000;000000000000000000000000;11101000;000;_;e;10;110100000000000000000000;____;01;031;065;009;022;032;035;0425504723;;;;;;;;;;;;;;;;;;;;;;;;;;;;;;;;;;;;;;;;;;;;;;;;;;
05:34:46;17;09;9999;081;162;11;111111111111000000000000;000000000000000000000000;11101000;000;_;e;10;000111001000000000000000;____;04;002;036;031;-01;015;029;0425504724;;;;;;;;;;;;;;;;;;;;;;;;;;;;;;;;;;;;;;;;;;;;;;;;;;
05:34:48;17;10;9999;051;152;11;111111111111000000000000;000000000000000000000000;11101000;000;_;e;10;000011001011000000000000;____;09;023;043;003;021;025;049;0425506134;;;;;;;;;;;;;;;;;;;;;;;;;;;;;;;;;;;;;;;;;;;;;;;;;;
05:34:51;17;11;9999;062;133;10;111111111111000000000000;000000000000000000000000;11101000;000;_;e;10;000001110000000000000000;____;08;016;001;006;000;020;031;0425504725;;;;;;;;;;;;;;;;;;;;;;;;;;;;;;;;;;;;;;;;;;;;;;;;;;
05:34:53;17;12;9999;056;149;11;111111111111000000000000;000000000000000000000000;11101000;000;_;e;10;110100000000000000000000;____;02;-11;071;013;-11;-07;031;0425504726;;;;;;;;;;;;;;;;;;;;;;;;;;;;;;;;;;;;;;;;;;;;;;;;;;
05:34:56;17;13;9999;060;153;07;111111111111000000000000;000000000000000000000000;11101000;000;_;e;10;000011000010000000000000;____;06;-13;002;030;-14;014;054;0425504727;;;;;;;;;;;;;;;;;;;;;;;;;;;;;;;;;;;;;;;;;;;;;;;;;;
05:34:58;17;14;9999;057;134;11;111111111111000000000000;000000000000000000000000;11101000;000;_;e;10;000011110000000000000000;____;05;027;009;013;002;028;084;0425506135;;;;;;;;;;;;;;;;;;;;;;;;;;;;;;;;;;;;;;;;;;;;;;;;;;
05:35:03;17;15;9999;055;348;11;111111111111000000000000;000000000000000000000000;11101000;000;_;e;10;100100100000000000000000;____;01;012;038;028;009;012;020;0425506136;;;;;;;;;;;;;;;;;;;;;;;;;;;;;;;;;;;;;;;;;;;;;;;;;;
05:35:07;17;16;9999;082;353;11;111111111111000000000000;000000000000000000000000;11101000;000;_;e;10;000111001100000000000000;____;04;009;055;029;008;012;045;0425504728;;;;;;;;;;;;;;;;;;;;;;;;;;;;;;;;;;;;;;;;;;;;;;;;;;
05:35:10;17;17;9999;079;240;11;111111111111000000000000;000000000000000000000000;11101000;000;_;e;10;111110000100000000000000;____;04;021;060;034;009;022;045;0425506137;;;;;;;;;;;;;;;;;;;;;;;;;;;;;;;;;;;;;;;;;;;;;;;;;;
05:35:13;17;18;9999;077;239;11;111111111111000000000000;000000000000000000000000;11101000;000;_;e;10;000001000000000000000000;____;06;004;019;029;004;004;005;0425502551;;;;;;;;;;;;;;;;;;;;;;;;;;;;;;;;;;;;;;;;;;;;;;;;;;
05:35:16;17;19;9999;082;266;11;111111111111000000000000;000000000000000000000000;11101000;000;_;e;10;000111001000000000000000;____;06;006;057;030;003;007;043;0425506138;;;;;;;;;;;;;;;;;;;;;;;;;;;;;;;;;;;;;;;;;;;;;;;;;;
05:35:18;17;20;9999;063;162;11;111111111111000000000000;000000000000000000000000;11101000;000;_;e;10;000000000010000000000000;____;11;-20;027;004;-20;-20;014;0425506139;;;;;;;;;;;;;;;;;;;;;;;;;;;;;;;;;;;;;;;;;;;;;;;;;;
05:35:21;17;21;9999;079;177;11;111111111111000000000000;000000000000000000000000;11101000;000;_;e;10;001111001100000000000000;____;06;006;040;034;004;051;051;0425502552;;;;;;;;;;;;;;;;;;;;;;;;;;;;;;;;;;;;;;;;;;;;;;;;;;
06:04:43;17;22;9999;053;999;11;111111111111000000000000;000000000000000000000000;11101000;000;_;e;10;000000000100000000000000;____;10;010;037;001;010;010;003;0425505059;;;;;;;;;;;;;;;;;;;;;;;;;;;;;;;;;;;;;;;;;;;;;;;;;;
06:04:45;17;23;9999;069;160;11;111111111111000000000000;000000000000000000000000;11101000;000;_;e;10;000100001000000000000000;____;09;019;048;007;017;023;016;0425502661;;;;;;;;;;;;;;;;;;;;;;;;;;;;;;;;;;;;;;;;;;;;;;;;;;
06:04:47;17;24;9999;076;173;11;111111111111000000000000;000000000000000000000000;11101000;000;_;e;10;000011111000000000000000;____;07;044;025;007;014;051;071;0425502662;;;;;;;;;;;;;;;;;;;;;;;;;;;;;;;;;;;;;;;;;;;;;;;;;;
06:34:51;17;25;9999;077;999;11;111111111111000000000000;000000000000000000000000;11101000;000;_;e;10;000000001000000000000000;____;09;053;071;015;053;053;027;0555520307;;;;;;;;;;;;;;;;;;;;;;;;;;;;;;;;;;;;;;;;;;;;;;;;;;
06:34:53;17;26;9999;081;147;11;111111111111000000000000;000000000000000000000000;11101000;000;_;e;10;000111001100000000000000;____;04;-03;061;025;-06;-01;094;0425490203;;;;;;;;;;;;;;;;;;;;;;;;;;;;;;;;;;;;;;;;;;;;;;;;;;
06:34:57;17;27;9999;081;141;00;111111111111000000000000;000000000000000000000000;11101000;000;_;e;10;000111001100000000000000;____;06;013;052;018;007;015;068;0425502491;;;;;;;;;;;;;;;;;;;;;;;;;;;;;;;;;;;;;;;;;;;;;;;;;;
06:35:00;17;28;9999;082;168;11;111111111111000000000000;000000000000000000000000;11101000;000;_;e;10;110000000000000000000000;____;01;-03;081;012;-06;-01;032;0425502493;;;;;;;;;;;;;;;;;;;;;;;;;;;;;;;;;;;;;;;;;;;;;;;;;;
06:35:02;17;29;9999;075;144;11;111111111111000000000000;000000000000000000000000;11101000;000;_;e;10;110000000000000000000000;____;02;-02;094;005;-03;003;026;0425502492;;;;;;;;;;;;;;;;;;;;;;;;;;;;;;;;;;;;;;;;;;;;;;;;;;
06:35:04;17;30;9999;044;169;11;111111111111000000000000;000000000000000000000000;11101000;000;_;e;10;000110001000000000000000;____;09;011;077;026;-04;011;084;0425502494;;;;;;;;;;;;;;;;;;;;;;;;;;;;;;;;;;;;;;;;;;;;;;;;;;
07:34:45;17;31;9999;076;999;11;111111111111000000000000;000000000000000000000000;11101000;000;_;e;10;000011000000000000000000;____;05;003;054;028;003;007;040;0425388671;;;;;;;;;;;;;;;;;;;;;;;;;;;;;;;;;;;;;;;;;;;;;;;;;;
07:34:47;17;32;9999;056;153;11;111111111111000000000000;000000000000000000000000;11101000;000;_;e;10;110100000001000000000000;____;04;-06;097;029;-06;004;037;0425509300;;;;;;;;;;;;;;;;;;;;;;;;;;;;;;;;;;;;;;;;;;;;;;;;;;
07:34:50;17;33;9999;080;158;02;111111111111000000000000;000000000000000000000000;11101000;000;_;e;10;000100000000000000000000;____;04;007;044;032;007;007;004;0425509301;;;;;;;;;;;;;;;;;;;;;;;;;;;;;;;;;;;;;;;;;;;;;;;;;;
07:34:52;17;34;9999;056;167;11;111111111111000000000000;000000000000000000000000;11101000;000;_;e;10;000110001000000000000000;____;04;073;054;005;030;073;010;0425509302;;;;;;;;;;;;;;;;;;;;;;;;;;;;;;;;;;;;;;;;;;;;;;;;;;
07:34:55;17;35;9999;055;218;11;111111111111000000000000;000000000000000000000000;11101000;000;_;e;10;000001011010000000000000;____;09;042;037;006;003;042;050;0425509303;;;;;;;;;;;;;;;;;;;;;;;;;;;;;;;;;;;;;;;;;;;;;;;;;;
07:34:58;17;36;9999;067;166;00;111111111111000000000000;000000000000000000000000;11101000;000;_;e;10;100010001010000000000000;____;09;032;036;002;015;038;042;0425509304;;;;;;;;;;;;;;;;;;;;;;;;;;;;;;;;;;;;;;;;;;;;;;;;;;
07:35:00;17;37;9999;040;214;11;111111111111000000000000;000000000000000000000000;11101000;000;_;e;10;000110000100000000000000;____;04;021;067;022;-13;023;060;0425509305;;;;;;;;;;;;;;;;;;;;;;;;;;;;;;;;;;;;;;;;;;;;;;;;;;
07:35:03;17;38;9999;066;215;11;111111111111000000000000;000000000000000000000000;11101000;000;_;e;10;000111101001000000000000;____;09;047;051;011;026;055;107;0425509306;;;;;;;;;;;;;;;;;;;;;;;;;;;;;;;;;;;;;;;;;;;;;;;;;;
08:04:35;17;39;9999;046;999;11;111111111111000000000000;000000000000000000000000;11101000;000;_;e;10;100000001001000000000000;____;01;014;072;007;009;018;029;0425509800;;;;;;;;;;;;;;;;;;;;;;;;;;;;;;;;;;;;;;;;;;;;;;;;;;
08:04:37;17;40;9999;065;138;11;111111111111000000000000;000000000000000000000000;11101000;000;_;e;10;000111101010000000000000;____;05;037;009;008;029;041;089;0425509801;;;;;;;;;;;;;;;;;;;;;;;;;;;;;;;;;;;;;;;;;;;;;;;;;;
08:04:40;17;41;9999;076;155;04;111111111111000000000000;000000000000000000000000;11101000;000;_;e;10;000111001000000000000000;____;04;010;050;041;008;047;033;0425509802;;;;;;;;;;;;;;;;;;;;;;;;;;;;;;;;;;;;;;;;;;;;;;;;;;
08:04:43;17;42;9999;065;187;11;111111111111000000000000;000000000000000000000000;11101000;000;_;e;10;000000001000000000000000;____;09;049;031;015;045;049;032;0425509803;;;;;;;;;;;;;;;;;;;;;;;;;;;;;;;;;;;;;;;;;;;;;;;;;;
08:04:45;17;43;9999;061;187;11;111111111111000000000000;000000000000000000000000;11101000;000;_;e;10;001111001001000000000000;____;09;037;050;004;005;039;102;0316107854;;;;;;;;;;;;;;;;;;;;;;;;;;;;;;;;;;;;;;;;;;;;;;;;;;
08:04:47;17;44;9999;059;133;11;111111111111000000000000;000000000000000000000000;11101000;000;_;e;10;000111101010000000000000;____;04;018;030;018;-05;019;046;0316107855;;;;;;;;;;;;;;;;;;;;;;;;;;;;;;;;;;;;;;;;;;;;;;;;;;
08:04:52;17;45;9999;080;233;00;111111111111000000000000;000000000000000000000000;11101000;000;_;e;10;000101000000000000000000;____;04;011;073;002;008;033;016;0425509805;;;;;;;;;;;;;;;;;;;;;;;;;;;;;;;;;;;;;;;;;;;;;;;;;;
08:04:54;17;46;9999;066;145;11;111111111111000000000000;000000000000000000000000;11101000;000;_;e;10;000101000010000000000000;____;04;046;017;006;040;047;044;0425509806;;;;;;;;;;;;;;;;;;;;;;;;;;;;;;;;;;;;;;;;;;;;;;;;;;
08:04:59;17;47;9999;065;325;11;111111111111000000000000;000000000000000000000000;11101000;000;_;e;10;000101001001000000000000;____;09;049;053;011;008;050;042;0425509807;;;;;;;;;;;;;;;;;;;;;;;;;;;;;;;;;;;;;;;;;;;;;;;;;;
08:05:05;17;48;9999;086;350;11;111111111111000000000000;000000000000000000000000;11101000;000;_;e;10;000111001000000000000000;____;09;036;044;032;032;037;064;0425509804;;;;;;;;;;;;;;;;;;;;;;;;;;;;;;;;;;;;;;;;;;;;;;;;;;
08:05:08;17;49;9999;068;330;11;111111111111000000000000;000000000000000000000000;11101000;000;_;e;10;000011001001000000000000;____;05;051;054;005;046;052;080;0425509809;;;;;;;;;;;;;;;;;;;;;;;;;;;;;;;;;;;;;;;;;;;;;;;;;;
08:05:11;17;50;9999;046;241;11;111111111111000000000000;000000000000000000000000;11101000;000;_;e;10;000111101000000000000000;____;07;005;022;008;004;023;049;0425509810;;;;;;;;;;;;;;;;;;;;;;;;;;;;;;;;;;;;;;;;;;;;;;;;;;
08:05:13;17;51;9999;071;131;11;111111111111000000000000;000000000000000000000000;11101000;000;_;e;10;000111001000000000000000;____;09;039;042;003;035;040;050;0425509808;;;;;;;;;;;;;;;;;;;;;;;;;;;;;;;;;;;;;;;;;;;;;;;;;;
10:04:52;17;52;9999;064;999;11;111111111111000000000000;000000000000000000000000;11101000;000;_;e;10;000011001001000000000000;____;09;032;048;015;022;034;050;0425505353;;;;;;;;;;;;;;;;;;;;;;;;;;;;;;;;;;;;;;;;;;;;;;;;;;
10:04:54;17;53;9999;052;147;11;111111111111000000000000;000000000000000000000000;11101000;000;_;e;10;000010000000000000000000;____;05;-04;079;027;-04;-04;002;0425505354;;;;;;;;;;;;;;;;;;;;;;;;;;;;;;;;;;;;;;;;;;;;;;;;;;
10:04:56;17;54;9999;056;150;11;111111111111000000000000;000000000000000000000000;11101000;000;_;e;10;000111001001000000000000;____;09;031;046;007;028;035;083;0425505355;;;;;;;;;;;;;;;;;;;;;;;;;;;;;;;;;;;;;;;;;;;;;;;;;;
10:05:00;17;55;9999;060;157;08;111111111111000000000000;000000000000000000000000;11101000;000;_;e;10;000000110000000000000000;____;08;-14;019;006;-14;-11;030;0425505356;;;;;;;;;;;;;;;;;;;;;;;;;;;;;;;;;;;;;;;;;;;;;;;;;;
10:05:02;17;56;9999;085;150;11;111111111111000000000000;000000000000000000000000;11101000;000;_;e;10;101100000000000000000000;____;04;001;058;021;001;007;037;0425505357;;;;;;;;;;;;;;;;;;;;;;;;;;;;;;;;;;;;;;;;;;;;;;;;;;
10:34:46;17;57;9999;076;999;11;111111111111000000000000;000000000000000000000000;11101000;000;_;e;10;000000110100000000000000;____;08;-06;031;009;-08;-05;023;0425505485;;;;;;;;;;;;;;;;;;;;;;;;;;;;;;;;;;;;;;;;;;;;;;;;;;
10:34:48;17;58;9999;082;143;11;111111111111000000000000;000000000000000000000000;11101000;000;_;e;10;000111000100000000000000;____;05;051;037;012;029;051;042;0425505486;;;;;;;;;;;;;;;;;;;;;;;;;;;;;;;;;;;;;;;;;;;;;;;;;;
10:34:50;17;59;9999;058;132;11;111111111111000000000000;000000000000000000000000;11101000;000;_;e;10;000000000010000000000000;____;11;026;029;004;026;026;018;0425505487;;;;;;;;;;;;;;;;;;;;;;;;;;;;;;;;;;;;;;;;;;;;;;;;;;
11:34:35;17;60;9999;070;999;11;111111111111000000000000;000000000000000000000000;11101000;000;_;e;10;110000001001000000000000;____;01;044;081;002;013;047;038;0425398421;;;;;;;;;;;;;;;;;;;;;;;;;;;;;;;;;;;;;;;;;;;;;;;;;;
11:34:37;17;61;9999;076;146;11;111111111111000000000000;000000000000000000000000;11101000;000;_;e;10;000001000010000000000000;____;06;017;049;024;016;025;010;0425506436;;;;;;;;;;;;;;;;;;;;;;;;;;;;;;;;;;;;;;;;;;;;;;;;;;
11:34:39;17;62;9999;059;173;11;111111111111000000000000;000000000000000000000000;11101000;000;_;e;10;000011101001000000000000;____;05;015;051;010;011;018;093;0425506437;;;;;;;;;;;;;;;;;;;;;;;;;;;;;;;;;;;;;;;;;;;;;;;;;;
11:34:41;17;63;9999;039;153;11;111111111111000000000000;000000000000000000000000;11101000;000;_;e;10;000011110000000000000000;____;06;-08;032;000;-09;-06;065;0425506438;;;;;;;;;;;;;;;;;;;;;;;;;;;;;;;;;;;;;;;;;;;;;;;;;;
11:34:43;17;64;9999;055;177;11;111111111111000000000000;000000000000000000000000;11101000;000;_;e;10;000001001001000000000000;____;09;041;071;005;003;042;039;0425506440;;;;;;;;;;;;;;;;;;;;;;;;;;;;;;;;;;;;;;;;;;;;;;;;;;
11:34:45;17;65;9999;078;194;11;111111111111000000000000;000000000000000000000000;11101000;000;_;e;10;100110000000000000000000;____;04;-01;070;031;-12;003;042;0425506441;;;;;;;;;;;;;;;;;;;;;;;;;;;;;;;;;;;;;;;;;;;;;;;;;;
11:34:50;17;66;9999;073;137;09;111111111111000000000000;000000000000000000000000;11101000;000;_;e;10;001001001000000000000000;____;09;025;070;009;006;025;037;0425506439;;;;;;;;;;;;;;;;;;;;;;;;;;;;;;;;;;;;;;;;;;;;;;;;;;
11:34:52;17;67;9999;082;147;11;111111111111000000000000;000000000000000000000000;11101000;000;_;e;10;000010001000000000000000;____;09;056;047;009;052;057;011;0425506442;;;;;;;;;;;;;;;;;;;;;;;;;;;;;;;;;;;;;;;;;;;;;;;;;;
11:34:58;17;68;9999;056;336;11;111111111111000000000000;000000000000000000000000;11101000;000;_;e;10;000101001000000000000000;____;04;017;051;030;009;018;070;0425506443;;;;;;;;;;;;;;;;;;;;;;;;;;;;;;;;;;;;;;;;;;;;;;;;;;
11:35:01;17;69;9999;046;359;11;111111111111000000000000;000000000000000000000000;11010000;000;_;;;;;;;;;;;;;;;;;;;;;;;;;;;;;;;;;;;;;;;;;;;;;;;;;;;;;;;;;;;;;;
11:35:04;17;70;9999;083;240;11;111111111111000000000000;000000000000000000000000;11001000;000;_;e;10;000001000001000000000000;____;12;007;060;004;006;028;023;0050120465;015;035;020;015;016;023;0425506445;;;;;;;;;;;;;;;;;;;;;;;;;;;;;;;;;;;;;;;;;;;
11:35:06;17;71;9999;053;151;11;111111111111000000000000;000000000000000000000000;11101000;000;_;e;10;100001001001000000000000;____;09;029;064;003;024;033;062;0425506446;;;;;;;;;;;;;;;;;;;;;;;;;;;;;;;;;;;;;;;;;;;;;;;;;;
11:35:08;17;72;9999;074;165;11;111111111111000000000000;000000000000000000000000;11101000;000;_;e;10;110100001000000000000000;____;01;008;094;005;002;017;031;0425506447;;;;;;;;;;;;;;;;;;;;;;;;;;;;;;;;;;;;;;;;;;;;;;;;;;
11:35:13;17;73;9999;085;353;11;111111111111000000000000;000000000000000000000000;11101000;000;_;e;10;000010101000000000000000;____;09;038;038;000;038;054;028;0425506448;;;;;;;;;;;;;;;;;;;;;;;;;;;;;;;;;;;;;;;;;;;;;;;;;;
12:04:32;17;74;9999;081;999;11;111111111111000000000000;000000000000000000000000;11101000;000;_;e;10;000011001000000000000000;____;09;020;033;031;007;020;057;0425507600;;;;;;;;;;;;;;;;;;;;;;;;;;;;;;;;;;;;;;;;;;;;;;;;;;
12:04:34;17;75;9999;067;150;11;111111111111000000000000;000000000000000000000000;11010000;000;_;;;;;;;;;;;;;;;;;;;;;;;;;;;;;;;;;;;;;;;;;;;;;;;;;;;;;;;;;;;;;;
12:04:37;17;76;9999;062;170;02;111111111111000000000000;000000000000000000000000;11101000;000;_;e;10;000010000000000000000000;____;05;009;046;018;009;009;002;0425507400;;;;;;;;;;;;;;;;;;;;;;;;;;;;;;;;;;;;;;;;;;;;;;;;;;
12:04:40;17;77;9999;082;173;11;111111111111000000000000;000000000000000000000000;11101000;000;_;e;10;000001000000000000000000;____;06;010;039;027;010;010;003;0425507406;;;;;;;;;;;;;;;;;;;;;;;;;;;;;;;;;;;;;;;;;;;;;;;;;;
12:04:42;17;78;9999;045;147;11;111111111111000000000000;000000000000000000000000;11101000;000;_;e;10;000100000000000000000000;____;04;-05;089;017;-05;-05;019;0425507405;;;;;;;;;;;;;;;;;;;;;;;;;;;;;;;;;;;;;;;;;;;;;;;;;;
12:04:46;17;79;9999;081;203;00;111111111111000000000000;000000000000000000000000;11101000;000;_;e;10;000111000000000000000000;____;04;020;056;039;-04;020;014;0425508300;;;;;;;;;;;;;;;;;;;;;;;;;;;;;;;;;;;;;;;;;;;;;;;;;;
12:04:49;17;80;9999;080;236;11;111111111111000000000000;000000000000000000000000;11101000;000;_;e;10;000111000000000000000000;____;05;003;061;047;003;019;048;0425508301;;;;;;;;;;;;;;;;;;;;;;;;;;;;;;;;;;;;;;;;;;;;;;;;;;
12:04:51;17;81;9999;075;170;11;111111111111000000000000;000000000000000000000000;11101000;000;_;e;10;000010001000000000000000;____;05;030;060;020;028;032;018;0425507402;;;;;;;;;;;;;;;;;;;;;;;;;;;;;;;;;;;;;;;;;;;;;;;;;;
12:04:53;17;82;9999;081;141;11;111111111111000000000000;000000000000000000000000;11101000;000;_;e;10;000101000000000000000000;____;06;033;071;009;005;033;011;0425507403;;;;;;;;;;;;;;;;;;;;;;;;;;;;;;;;;;;;;;;;;;;;;;;;;;
12:04:55;17;83;9999;066;166;11;111111111111000000000000;000000000000000000000000;11101000;000;_;e;10;000001100000000000000000;____;07;006;042;003;-02;010;012;0555546217;;;;;;;;;;;;;;;;;;;;;;;;;;;;;;;;;;;;;;;;;;;;;;;;;;
12:04:58;17;84;9999;044;158;11;111111111111000000000000;000000000000000000000000;11101000;000;_;e;10;000011000000000000000000;____;05;-20;039;020;-20;001;010;0425502567;;;;;;;;;;;;;;;;;;;;;;;;;;;;;;;;;;;;;;;;;;;;;;;;;;
12:05:00;17;85;9999;082;198;11;111111111111000000000000;000000000000000000000000;11101000;000;_;e;10;000110100100000000000000;____;07;-16;022;019;-17;002;041;0425502568;;;;;;;;;;;;;;;;;;;;;;;;;;;;;;;;;;;;;;;;;;;;;;;;;;
12:05:04;17;86;9999;078;144;03;111111111111000000000000;000000000000000000000000;11101000;000;_;e;10;000011001000000000000000;____;09;009;044;029;008;027;026;0425502569;;;;;;;;;;;;;;;;;;;;;;;;;;;;;;;;;;;;;;;;;;;;;;;;;;
12:05:07;17;87;9999;077;156;05;111111111111000000000000;000000000000000000000000;11101000;000;_;e;10;000001001001000000000000;____;09;062;074;009;059;063;050;0425506152;;;;;;;;;;;;;;;;;;;;;;;;;;;;;;;;;;;;;;;;;;;;;;;;;;
12:05:09;17;88;9999;082;159;11;111111111111000000000000;000000000000000000000000;11101000;000;_;e;10;010101001100000000000000;____;04;031;051;036;-02;071;255;0425506153;;;;;;;;;;;;;;;;;;;;;;;;;;;;;;;;;;;;;;;;;;;;;;;;;;
12:05:11;17;89;9999;078;182;11;111111111111000000000000;000000000000000000000000;11101000;000;_;e;10;000110001100000000000000;____;04;023;074;033;022;025;045;0425506156;;;;;;;;;;;;;;;;;;;;;;;;;;;;;;;;;;;;;;;;;;;;;;;;;;
12:05:13;17;90;9999;084;132;11;111111111111000000000000;000000000000000000000000;11101000;000;_;e;10;000100000000000000000000;____;04;016;056;022;016;018;018;0425506154;;;;;;;;;;;;;;;;;;;;;;;;;;;;;;;;;;;;;;;;;;;;;;;;;;
12:05:18;17;91;9999;074;241;11;111111111111000000000000;000000000000000000000000;11101000;000;_;e;10;100100000100000000000000;____;04;032;079;022;024;037;037;0425506155;;;;;;;;;;;;;;;;;;;;;;;;;;;;;;;;;;;;;;;;;;;;;;;;;;
12:05:21;17;92;9999;081;169;11;111111111111000000000000;000000000000000000000000;11101000;000;_;e;10;000111000000000000000000;____;06;019;040;024;005;021;022;0425506157;;;;;;;;;;;;;;;;;;;;;;;;;;;;;;;;;;;;;;;;;;;;;;;;;;
12:05:25;17;93;9999;056;132;00;111111111111000000000000;000000000000000000000000;11101000;000;_;e;10;000000000001000000000000;____;12;-15;056;004;-15;-15;002;0425506158;;;;;;;;;;;;;;;;;;;;;;;;;;;;;;;;;;;;;;;;;;;;;;;;;;
12:05:28;17;94;9999;081;232;11;111111111111000000000000;000000000000000000000000;11101000;000;_;e;10;001011011001000000000000;____;09;046;063;006;029;049;073;0425506159;;;;;;;;;;;;;;;;;;;;;;;;;;;;;;;;;;;;;;;;;;;;;;;;;;
12:05:32;17;95;9999;073;342;11;111111111111000000000000;000000000000000000000000;11101000;000;_;e;10;000011001100000000000000;____;06;010;038;031;009;012;062;0425509719;;;;;;;;;;;;;;;;;;;;;;;;;;;;;;;;;;;;;;;;;;;;;;;;;;
12:05:34;17;96;9999;079;238;11;111111111111000000000000;000000000000000000000000;11101000;000;_;e;10;100001001001000000000000;____;09;049;079;013;048;051;037;0425509721;;;;;;;;;;;;;;;;;;;;;;;;;;;;;;;;;;;;;;;;;;;;;;;;;;
12:05:36;17;97;9999;061;143;11;111111111111000000000000;000000000000000000000000;11010000;000;_;;;;;;;;;;;;;;;;;;;;;;;;;;;;;;;;;;;;;;;;;;;;;;;;;;;;;;;;;;;;;;
12:05:38;17;98;9999;039;166;11;111111111111000000000000;000000000000000000000000;11101000;000;_;e;10;000001001101000000000000;____;09;023;068;010;003;023;039;0425509722;;;;;;;;;;;;;;;;;;;;;;;;;;;;;;;;;;;;;;;;;;;;;;;;;;
13:04:56;17;99;9999;077;999;11;111111111111000000000000;000000000000000000000000;11101000;000;_;e;10;000111000000000000000000;____;06;047;063;000;046;047;020;0425298898;;;;;;;;;;;;;;;;;;;;;;;;;;;;;;;;;;;;;;;;;;;;;;;;;;
13:04:58;17;01;9999;061;186;11;111111111111000000000000;000000000000000000000000;11101000;000;_;e;10;000001000000000000000000;____;06;001;053;023;001;001;003;0309753644;;;;;;;;;;;;;;;;;;;;;;;;;;;;;;;;;;;;;;;;;;;;;;;;;;
13:05:00;17;02;9999;077;150;11;111111111111000000000000;000000000000000000000000;11101000;000;_;e;10;110011000000000000000000;____;06;018;068;030;016;020;019;0425504773;;;;;;;;;;;;;;;;;;;;;;;;;;;;;;;;;;;;;;;;;;;;;;;;;;
13:05:03;17;03;9999;058;153;02;111111111111000000000000;000000000000000000000000;11010000;000;_;;;;;;;;;;;;;;;;;;;;;;;;;;;;;;;;;;;;;;;;;;;;;;;;;;;;;;;;;;;;;;
13:05:06;17;04;9999;074;196;11;111111111111000000000000;000000000000000000000000;11101000;000;_;e;10;110100000000000000000000;____;02;-04;092;010;-04;002;028;0425504775;;;;;;;;;;;;;;;;;;;;;;;;;;;;;;;;;;;;;;;;;;;;;;;;;;
13:05:08;17;05;9999;054;139;11;111111111111000000000000;000000000000000000000000;11101000;000;_;e;10;000000000001000000000000;____;12;030;061;004;029;030;018;0425504777;;;;;;;;;;;;;;;;;;;;;;;;;;;;;;;;;;;;;;;;;;;;;;;;;;
13:05:12;17;06;9999;069;195;00;111111111111000000000000;000000000000000000000000;11101000;000;_;e;10;000011101000000000000000;____;05;020;038;021;015;020;045;0425504774;;;;;;;;;;;;;;;;;;;;;;;;;;;;;;;;;;;;;;;;;;;;;;;;;;
13:05:15;17;07;9999;070;238;11;111111111111000000000000;000000000000000000000000;11101000;000;_;e;10;000101000000000000000000;____;06;-19;055;001;-19;-18;041;0425504778;;;;;;;;;;;;;;;;;;;;;;;;;;;;;;;;;;;;;;;;;;;;;;;;;;
14:34:44;17;08;9999;070;999;11;111111111111000000000000;000000000000000000000000;11101000;000;_;e;10;000010100001000000000000;____;07;032;040;009;031;035;028;0316109454;;;;;;;;;;;;;;;;;;;;;;;;;;;;;;;;;;;;;;;;;;;;;;;;;;
14:34:46;17;09;9999;082;155;11;111111111111000000000000;000000000000000000000000;11101000;000;_;e;10;000111001100000000000000;____;05;009;045;035;002;009;075;0316109456;;;;;;;;;;;;;;;;;;;;;;;;;;;;;;;;;;;;;;;;;;;;;;;;;;
15:46:47;17;10;9999;074;999;11;111111111111000000000000;000000000000000000000000;11101000;000;_;e;10;000111001000000000000000;____;06;003;069;027;-07;004;039;0425458323;;;;;;;;;;;;;;;;;;;;;;;;;;;;;;;;;;;;;;;;;;;;;;;;;;
15:46:49;17;11;9999;074;157;11;111111111111000000000000;000000000000000000000000;11101000;000;_;e;10;000011001000000000000000;____;06;-03;050;017;-05;-03;052;0425458324;;;;;;;;;;;;;;;;;;;;;;;;;;;;;;;;;;;;;;;;;;;;;;;;;;
15:46:51;17;12;9999;044;162;11;111111111111000000000000;000000000000000000000000;11101000;000;_;e;10;000010000000000000000000;____;05;014;020;017;014;014;005;0425458328;;;;;;;;;;;;;;;;;;;;;;;;;;;;;;;;;;;;;;;;;;;;;;;;;;
15:47:02;17;13;9999;082;999;11;111111111111000000000000;000000000000000000000000;11101000;000;_;e;10;000110000100000000000000;____;05;007;042;046;002;008;053;0425458327;;;;;;;;;;;;;;;;;;;;;;;;;;;;;;;;;;;;;;;;;;;;;;;;;;
15:47:05;17;14;9999;078;145;11;111111111111000000000000;000000000000000000000000;11101000;000;_;e;10;000110001100000000000000;____;05;000;047;034;-02;001;088;0425458325;;;;;;;;;;;;;;;;;;;;;;;;;;;;;;;;;;;;;;;;;;;;;;;;;;
15:47:06;17;15;9999;082;138;11;111111111111000000000000;000000000000000000000000;11010000;000;_;;;;;;;;;;;;;;;;;;;;;;;;;;;;;;;;;;;;;;;;;;;;;;;;;;;;;;;;;;;;;;
15:47:12;17;16;9999;086;303;11;111111111111000000000000;000000000000000000000000;11101000;000;_;e;10;000110001000000000000000;____;05;013;047;032;013;019;117;0425505392;;;;;;;;;;;;;;;;;;;;;;;;;;;;;;;;;;;;;;;;;;;;;;;;;;
15:47:14;17;17;9999;080;149;11;111111111111000000000000;000000000000000000000000;11101000;000;_;e;10;100011001000000000000000;____;06;017;060;025;015;019;029;0425509869;;;;;;;;;;;;;;;;;;;;;;;;;;;;;;;;;;;;;;;;;;;;;;;;;;
15:47:16;17;18;9999;043;172;11;111111111111000000000000;000000000000000000000000;11101000;000;_;e;10;000101001000000000000000;____;06;-20;063;025;-20;-16;028;0425509871;;;;;;;;;;;;;;;;;;;;;;;;;;;;;;;;;;;;;;;;;;;;;;;;;;
15:47:21;17;19;9999;077;332;11;111111111111000000000000;000000000000000000000000;11101000;000;_;e;10;000011110010000000000000;____;06;012;022;000;009;016;089;0425509872;;;;;;;;;;;;;;;;;;;;;;;;;;;;;;;;;;;;;;;;;;;;;;;;;;
15:47:25;17;20;9999;068;347;11;111111111111000000000000;000000000000000000000000;11101000;000;_;e;10;101100001001000000000000;____;09;046;079;010;045;049;068;0425509875;;;;;;;;;;;;;;;;;;;;;;;;;;;;;;;;;;;;;;;;;;;;;;;;;;
15:47:28;17;21;9999;052;240;11;111111111111000000000000;000000000000000000000000;11101000;000;_;e;10;000000000001000000000000;____;12;026;058;004;026;026;027;0425509876;;;;;;;;;;;;;;;;;;;;;;;;;;;;;;;;;;;;;;;;;;;;;;;;;;
15:47:30;17;22;9999;050;190;11;111111111111000000000000;000000000000000000000000;11101000;000;_;e;10;000111001001000000000000;____;09;029;054;010;022;031;041;0425509877;;;;;;;;;;;;;;;;;;;;;;;;;;;;;;;;;;;;;;;;;;;;;;;;;;
15:47:33;17;23;9999;073;281;11;111111111111000000000000;000000000000000000000000;11101000;000;_;e;10;100100001000000000000000;____;04;023;065;025;023;046;047;0425509873;;;;;;;;;;;;;;;;;;;;;;;;;;;;;;;;;;;;;;;;;;;;;;;;;;
15:47:35;17;24;9999;075;164;11;111111111111000000000000;000000000000000000000000;11101000;000;_;e;10;000101000000000000000000;____;04;-04;091;018;-06;004;042;0425509878;;;;;;;;;;;;;;;;;;;;;;;;;;;;;;;;;;;;;;;;;;;;;;;;;;
15:47:38;17;25;9999;078;277;11;111111111111000000000000;000000000000000000000000;11101000;000;_;e;10;000111000100000000000000;____;06;012;045;041;007;012;052;0425509880;;;;;;;;;;;;;;;;;;;;;;;;;;;;;;;;;;;;;;;;;;;;;;;;;;
15:47:40;17;26;9999;068;153;11;111111111111000000000000;000000000000000000000000;11101000;000;_;e;10;000001001001000000000000;____;09;-20;067;029;-20;-13;018;0425509881;;;;;;;;;;;;;;;;;;;;;;;;;;;;;;;;;;;;;;;;;;;;;;;;;;
15:47:43;17;27;9999;079;151;11;111111111111000000000000;000000000000000000000000;11101000;000;_;e;10;000000000001000000000000;____;12;011;068;004;011;011;024;0425509870;;;;;;;;;;;;;;;;;;;;;;;;;;;;;;;;;;;;;;;;;;;;;;;;;;
15:47:45;17;28;9999;056;159;11;111111111111000000000000;000000000000000000000000;11101000;000;_;e;10;000010100000000000000000;____;05;018;041;028;014;019;046;0425509882;;;;;;;;;;;;;;;;;;;;;;;;;;;;;;;;;;;;;;;;;;;;;;;;;;
15:47:47;17;29;9999;075;153;11;111111111111000000000000;000000000000000000000000;11101000;000;_;e;10;010011001000000000000000;____;06;020;069;031;012;023;089;0425509883;;;;;;;;;;;;;;;;;;;;;;;;;;;;;;;;;;;;;;;;;;;;;;;;;;
15:47:49;17;30;9999;083;180;11;111111111111000000000000;000000000000000000000000;11101000;000;_;e;10;000111111010000000000000;____;05;030;032;012;021;031;059;0425509884;;;;;;;;;;;;;;;;;;;;;;;;;;;;;;;;;;;;;;;;;;;;;;;;;;
15:47:54;17;31;9999;066;165;04;111111111111000000000000;000000000000000000000000;11101000;000;_;e;10;000000001100000000000000;____;09;-15;036;001;-15;025;009;0555617628;;;;;;;;;;;;;;;;;;;;;;;;;;;;;;;;;;;;;;;;;;;;;;;;;;
15:47:56;17;32;9999;084;171;11;111111111111000000000000;000000000000000000000000;11101000;000;_;e;10;000011001000000000000000;____;06;027;049;031;023;028;017;0425509887;;;;;;;;;;;;;;;;;;;;;;;;;;;;;;;;;;;;;;;;;;;;;;;;;;
15:48:00;17;33;9999;059;146;10;111111111111000000000000;000000000000000000000000;11101000;000;_;e;10;000011100010000000000000;____;05;027;025;013;019;027;054;0425509888;;;;;;;;;;;;;;;;;;;;;;;;;;;;;;;;;;;;;;;;;;;;;;;;;;
15:48:02;17;34;9999;054;125;11;111111111111000000000000;000000000000000000000000;11101000;000;_;e;10;000111001001000000000000;____;09;027;055;009;003;028;040;0425509890;;;;;;;;;;;;;;;;;;;;;;;;;;;;;;;;;;;;;;;;;;;;;;;;;;
15:48:07;17;35;9999;063;347;11;111111111111000000000000;000000000000000000000000;11101000;000;_;e;10;110110000000000000000000;____;04;-13;084;009;-16;-06;265;0425509889;;;;;;;;;;;;;;;;;;;;;;;;;;;;;;;;;;;;;;;;;;;;;;;;;;
15:48:11;17;36;9999;070;349;11;111111111111000000000000;000000000000000000000000;11101000;000;_;e;10;110000000000000000000000;____;01;016;090;003;011;017;025;0425509891;;;;;;;;;;;;;;;;;;;;;;;;;;;;;;;;;;;;;;;;;;;;;;;;;;
15:48:14;17;37;9999;059;242;11;111111111111000000000000;000000000000000000000000;11101000;000;_;e;10;000001100000000000000000;____;07;009;051;006;009;012;017;0425509885;;;;;;;;;;;;;;;;;;;;;;;;;;;;;;;;;;;;;;;;;;;;;;;;;;
15:48:16;17;38;9999;062;153;11;111111111111000000000000;000000000000000000000000;11101000;000;_;e;10;000111101001000000000000;____;09;039;051;011;023;039;082;0425505393;;;;;;;;;;;;;;;;;;;;;;;;;;;;;;;;;;;;;;;;;;;;;;;;;;
15:48:18;17;39;9999;070;163;11;111111111111000000000000;000000000000000000000000;11101000;000;_;e;10;000000000001000000000000;____;12;-01;062;004;-01;-01;004;3880365882;;;;;;;;;;;;;;;;;;;;;;;;;;;;;;;;;;;;;;;;;;;;;;;;;;
15:48:24;17;40;9999;066;623;11;111111111111000000000000;000000000000000000000000;11101000;000;_;e;10;000011110000000000000000;____;06;-03;011;013;-19;008;050;0425505394;;;;;;;;;;;;;;;;;;;;;;;;;;;;;;;;;;;;;;;;;;;;;;;;;;
15:48:26;17;41;9999;082;148;11;111111111111000000000000;000000000000000000000000;11101000;000;_;e;10;000110100000000000000000;____;05;035;034;011;026;035;039;0425509894;;;;;;;;;;;;;;;;;;;;;;;;;;;;;;;;;;;;;;;;;;;;;;;;;;
15:48:28;17;42;9999;066;152;11;111111111111000000000000;000000000000000000000000;11101000;000;_;e;10;000110100000000000000000;____;05;033;025;017;030;036;047;0425509895;;;;;;;;;;;;;;;;;;;;;;;;;;;;;;;;;;;;;;;;;;;;;;;;;;
15:48:30;17;43;9999;071;156;11;111111111111000000000000;000000000000000000000000;11101000;000;_;e;10;110000000000000000000000;____;01;012;085;006;007;013;019;0425509896;;;;;;;;;;;;;;;;;;;;;;;;;;;;;;;;;;;;;;;;;;;;;;;;;;
15:48:33;17;44;9999;066;187;11;111111111111000000000000;000000000000000000000000;11101000;000;_;e;10;000010000000000000000000;____;05;012;050;003;012;012;003;0425509897;;;;;;;;;;;;;;;;;;;;;;;;;;;;;;;;;;;;;;;;;;;;;;;;;;
15:48:35;17;45;9999;073;147;11;111111111111000000000000;000000000000000000000000;11101000;000;_;e;10;010110001000000000000000;____;02;008;084;031;-18;020;025;0425509898;;;;;;;;;;;;;;;;;;;;;;;;;;;;;;;;;;;;;;;;;;;;;;;;;;
16:04:44;17;46;9999;048;999;11;111111111111000000000000;000000000000000000000000;11101000;000;_;e;10;000111001000000000000000;____;09;000;035;031;-06;010;140;0425505392;;;;;;;;;;;;;;;;;;;;;;;;;;;;;;;;;;;;;;;;;;;;;;;;;;
16:04:46;17;47;9999;059;152;11;111111111111000000000000;000000000000000000000000;11101000;000;_;e;10;000111111000000000000000;____;05;035;008;011;024;035;046;0425505393;;;;;;;;;;;;;;;;;;;;;;;;;;;;;;;;;;;;;;;;;;;;;;;;;;
16:04:48;17;48;9999;056;164;11;111111111111000000000000;000000000000000000000000;11101000;000;_;e;10;000010001010000000000000;____;09;031;027;009;029;034;062;0425505394;;;;;;;;;;;;;;;;;;;;;;;;;;;;;;;;;;;;;;;;;;;;;;;;;;
16:04:50;17;49;9999;081;151;11;111111111111000000000000;000000000000000000000000;11101000;000;_;e;10;100000000000000000000000;____;01;031;060;002;029;031;013;0425505395;;;;;;;;;;;;;;;;;;;;;;;;;;;;;;;;;;;;;;;;;;;;;;;;;;
16:04:52;17;50;9999;082;160;11;111111111111000000000000;000000000000000000000000;11101000;000;_;e;10;110000001000000000000000;____;01;028;068;020;023;032;051;0425505396;;;;;;;;;;;;;;;;;;;;;;;;;;;;;;;;;;;;;;;;;;;;;;;;;;
16:04:56;17;51;9999;078;155;01;111111111111000000000000;000000000000000000000000;11101000;000;_;e;10;000000110000000000000000;____;08;031;023;004;031;033;021;0425505397;;;;;;;;;;;;;;;;;;;;;;;;;;;;;;;;;;;;;;;;;;;;;;;;;;
16:04:59;17;52;9999;077;220;11;111111111111000000000000;000000000000000000000000;11101000;000;_;e;10;000100001001000000000000;____;04;024;067;008;024;028;029;0425505398;;;;;;;;;;;;;;;;;;;;;;;;;;;;;;;;;;;;;;;;;;;;;;;;;;
16:34:33;17;53;9999;078;999;11;111111111111000000000000;000000000000000000000000;11101000;000;_;e;10;000110100000000000000000;____;05;038;014;002;033;040;031;0425475405;;;;;;;;;;;;;;;;;;;;;;;;;;;;;;;;;;;;;;;;;;;;;;;;;;
16:34:36;17;54;9999;081;182;11;111111111111000000000000;000000000000000000000000;11010000;000;_;;;;;;;;;;;;;;;;;;;;;;;;;;;;;;;;;;;;;;;;;;;;;;;;;;;;;;;;;;;;;;
16:34:38;17;55;9999;078;168;11;111111111111000000000000;000000000000000000000000;11101000;000;_;e;10;000010000000000000000000;____;05;025;023;016;025;029;005;0425475407;;;;;;;;;;;;;;;;;;;;;;;;;;;;;;;;;;;;;;;;;;;;;;;;;;
16:34:40;17;56;9999;067;145;11;111111111111000000000000;000000000000000000000000;11101000;000;_;e;10;000110001100000000000000;____;10;018;026;019;009;044;008;0425503002;;;;;;;;;;;;;;;;;;;;;;;;;;;;;;;;;;;;;;;;;;;;;;;;;;
16:34:43;17;57;9999;084;272;11;111111111111000000000000;000000000000000000000000;11101000;000;_;e;10;110001000000000000000000;____;01;051;068;020;047;053;024;0425503003;;;;;;;;;;;;;;;;;;;;;;;;;;;;;;;;;;;;;;;;;;;;;;;;;;
16:34:47;17;58;9999;073;159;06;111111111111000000000000;000000000000000000000000;11010000;000;_;;;;;;;;;;;;;;;;;;;;;;;;;;;;;;;;;;;;;;;;;;;;;;;;;;;;;;;;;;;;;;
16:34:50;17;59;9999;079;167;02;111111111111000000000000;000000000000000000000000;11101000;000;_;e;10;100000001000000000000000;____;09;054;058;010;025;056;009;0425503004;;;;;;;;;;;;;;;;;;;;;;;;;;;;;;;;;;;;;;;;;;;;;;;;;;
16:34:52;17;60;9999;076;152;11;111111111111000000000000;000000000000000000000000;11101000;000;_;e;10;001111000100000000000000;____;06;008;026;021;008;030;043;0425490682;;;;;;;;;;;;;;;;;;;;;;;;;;;;;;;;;;;;;;;;;;;;;;;;;;
16:34:54;17;61;9999;046;176;11;111111111111000000000000;000000000000000000000000;11101000;000;_;e;10;000000001000000000000000;____;09;022;036;029;022;022;016;0425490687;;;;;;;;;;;;;;;;;;;;;;;;;;;;;;;;;;;;;;;;;;;;;;;;;;
16:35:01;17;62;9999;050;133;01;111111111111000000000000;000000000000000000000000;11101000;000;_;e;10;000111001001000000000000;____;09;037;051;010;032;037;065;0425490686;;;;;;;;;;;;;;;;;;;;;;;;;;;;;;;;;;;;;;;;;;;;;;;;;;
16:35:03;17;63;9999;057;183;11;111111111111000000000000;000000000000000000000000;11101000;000;_;e;10;000011001010000000000000;____;09;043;034;006;037;043;057;0425490688;;;;;;;;;;;;;;;;;;;;;;;;;;;;;;;;;;;;;;;;;;;;;;;;;;
16:35:08;17;64;9999;085;358;11;111111111111000000000000;000000000000000000000000;11101000;000;_;e;10;000111001000000000000000;____;06;030;049;024;028;032;072;0425490690;;;;;;;;;;;;;;;;;;;;;;;;;;;;;;;;;;;;;;;;;;;;;;;;;;
16:35:12;17;65;9999;046;329;11;111111111111000000000000;000000000000000000000000;11101000;000;_;e;10;000010111000000000000000;____;08;013;000;010;013;025;060;0425490689;;;;;;;;;;;;;;;;;;;;;;;;;;;;;;;;;;;;;;;;;;;;;;;;;;
16:35:14;17;66;9999;061;230;11;111111111111000000000000;000000000000000000000000;11101000;000;_;e;10;000011101000000000000000;____;07;037;020;013;034;043;095;0425490691;;;;;;;;;;;;;;;;;;;;;;;;;;;;;;;;;;;;;;;;;;;;;;;;;;
17:34:24;17;67;9999;045;999;11;111111111111000000000000;000000000000000000000000;11010000;000;_;;;;;;;;;;;;;;;;;;;;;;;;;;;;;;;;;;;;;;;;;;;;;;;;;;;;;;;;;;;;;;
17:34:26;17;68;9999;044;158;11;111111111111000000000000;000000000000000000000000;11010000;000;_;;;;;;;;;;;;;;;;;;;;;;;;;;;;;;;;;;;;;;;;;;;;;;;;;;;;;;;;;;;;;;
17:34:29;17;69;9999;064;143;03;111111111111000000000000;000000000000000000000000;11101000;000;_;e;10;000110001101000000000000;____;04;-19;069;004;-20;028;050;0425433594;;;;;;;;;;;;;;;;;;;;;;;;;;;;;;;;;;;;;;;;;;;;;;;;;;
17:34:31;17;70;9999;055;186;11;111111111111000000000000;000000000000000000000000;11010000;000;_;;;;;;;;;;;;;;;;;;;;;;;;;;;;;;;;;;;;;;;;;;;;;;;;;;;;;;;;;;;;;;
17:34:33;17;71;9999;075;162;11;111111111111000000000000;000000000000000000000000;11101000;000;_;e;10;000001000000000000000000;____;06;039;043;016;039;039;006;0425487808;;;;;;;;;;;;;;;;;;;;;;;;;;;;;;;;;;;;;;;;;;;;;;;;;;
17:34:35;17;72;9999;078;175;11;111111111111000000000000;000000000000000000000000;11101000;000;_;e;10;000001111010000000000000;____;06;-16;042;000;-19;020;072;0425512400;;;;;;;;;;;;;;;;;;;;;;;;;;;;;;;;;;;;;;;;;;;;;;;;;;
17:34:40;17;73;9999;073;239;11;111111111111000000000000;000000000000000000000000;11101000;000;_;e;10;000000000001000000000000;____;12;-07;068;004;-07;-07;005;0425512401;;;;;;;;;;;;;;;;;;;;;;;;;;;;;;;;;;;;;;;;;;;;;;;;;;
17:34:43;17;74;9999;055;196;11;111111111111000000000000;000000000000000000000000;11101000;000;_;e;10;000001001001000000000000;____;09;015;050;004;004;016;025;0425512402;;;;;;;;;;;;;;;;;;;;;;;;;;;;;;;;;;;;;;;;;;;;;;;;;;
17:34:44;17;75;9999;056;104;11;111111111111000000000000;000000000000000000000000;11101000;000;_;e;10;100001101111000000000000;____;06;-10;027;010;-16;014;065;0425512700;;;;;;;;;;;;;;;;;;;;;;;;;;;;;;;;;;;;;;;;;;;;;;;;;;
17:34:46;17;76;9999;074;158;11;111111111111000000000000;000000000000000000000000;11101000;000;_;e;10;001111001000000000000000;____;04;009;072;038;003;038;072;0425512403;;;;;;;;;;;;;;;;;;;;;;;;;;;;;;;;;;;;;;;;;;;;;;;;;;
17:34:49;17;77;9999;059;154;04;111111111111000000000000;000000000000000000000000;11101000;000;_;e;10;000110000000000000000000;____;05;-13;067;024;-13;-13;004;0425512404;;;;;;;;;;;;;;;;;;;;;;;;;;;;;;;;;;;;;;;;;;;;;;;;;;
17:34:52;17;78;9999;073;192;11;111111111111000000000000;000000000000000000000000;11001000;000;_;e;10;100110000101000000000000;____;01;002;091;030;002;035;036;0425512701;002;063;004;001;025;028;0050120049;;;;;;;;;;;;;;;;;;;;;;;;;;;;;;;;;;;;;;;;;;;
17:34:56;17;79;9999;061;162;11;111111111111000000000000;000000000000000000000000;11010000;000;_;;;;;;;;;;;;;;;;;;;;;;;;;;;;;;;;;;;;;;;;;;;;;;;;;;;;;;;;;;;;;;
17:34:57;17;80;9999;062;039;11;111111111111000000000000;000000000000000000000000;11101000;000;_;e;10;000110101100000000000000;____;05;028;048;002;005;029;055;0425512702;;;;;;;;;;;;;;;;;;;;;;;;;;;;;;;;;;;;;;;;;;;;;;;;;;
17:35:01;17;81;9999;049;193;11;111111111111000000000000;000000000000000000000000;11101000;000;_;e;10;000000000001000000000000;____;12;020;058;004;020;021;025;0425512406;;;;;;;;;;;;;;;;;;;;;;;;;;;;;;;;;;;;;;;;;;;;;;;;;;
17:35:03;17;82;9999;081;104;11;111111111111000000000000;000000000000000000000000;11101000;000;_;e;10;010010000000000000000000;____;05;005;057;027;001;005;009;0425512703;;;;;;;;;;;;;;;;;;;;;;;;;;;;;;;;;;;;;;;;;;;;;;;;;;
17:35:05;17;83;9999;057;155;11;111111111111000000000000;000000000000000000000000;11010000;000;_;;;;;;;;;;;;;;;;;;;;;;;;;;;;;;;;;;;;;;;;;;;;;;;;;;;;;;;;;;;;;;
17:35:07;17;84;9999;082;127;11;111111111111000000000000;000000000000000000000000;11101000;000;_;e;10;000101000000000000000000;____;04;-03;058;031;-12;-02;028;0425512408;;;;;;;;;;;;;;;;;;;;;;;;;;;;;;;;;;;;;;;;;;;;;;;;;;
17:35:10;17;85;9999;081;241;11;111111111111000000000000;000000000000000000000000;11101000;000;_;e;10;001011000000000000000000;____;06;006;051;035;006;033;033;0425512705;;;;;;;;;;;;;;;;;;;;;;;;;;;;;;;;;;;;;;;;;;;;;;;;;;
17:35:14;17;86;9999;055;153;07;111111111111000000000000;000000000000000000000000;11101000;000;_;e;10;000010100001000000000000;____;07;017;051;010;-02;025;050;0425512410;;;;;;;;;;;;;;;;;;;;;;;;;;;;;;;;;;;;;;;;;;;;;;;;;;
17:35:18;17;87;9999;059;150;01;111111111111000000000000;000000000000000000000000;11101000;000;_;e;10;000000000001000000000000;____;12;021;076;004;019;021;010;0425512409;;;;;;;;;;;;;;;;;;;;;;;;;;;;;;;;;;;;;;;;;;;;;;;;;;
17:35:21;17;88;9999;077;194;11;111111111111000000000000;000000000000000000000000;11101000;000;_;e;10;110000000000000000000000;____;01;002;085;006;-05;003;036;0425512706;;;;;;;;;;;;;;;;;;;;;;;;;;;;;;;;;;;;;;;;;;;;;;;;;;
17:35:23;17;89;9999;058;159;11;111111111111000000000000;000000000000000000000000;11101000;000;_;e;10;000110101000000000000000;____;05;027;042;014;023;029;037;0425512411;;;;;;;;;;;;;;;;;;;;;;;;;;;;;;;;;;;;;;;;;;;;;;;;;;
17:35:27;17;90;9999;088;167;00;111111111111000000000000;000000000000000000000000;11101000;000;_;e;10;110000001001000000000000;____;09;045;071;030;038;046;030;0425512708;;;;;;;;;;;;;;;;;;;;;;;;;;;;;;;;;;;;;;;;;;;;;;;;;;
17:35:30;17;91;9999;073;226;11;111111111111000000000000;000000000000000000000000;11010000;000;_;;;;;;;;;;;;;;;;;;;;;;;;;;;;;;;;;;;;;;;;;;;;;;;;;;;;;;;;;;;;;;
17:35:30;17;92;9999;008;006;11;111111111111000000000000;000000000000000000000000;11010000;000;_;;;;;;;;;;;;;;;;;;;;;;;;;;;;;;;;;;;;;;;;;;;;;;;;;;;;;;;;;;;;;;
17:35:32;17;93;9999;075;161;11;111111111111000000000000;000000000000000000000000;11101000;000;_;e;10;101111000100000000000000;____;04;001;059;023;-01;003;055;0425512709;;;;;;;;;;;;;;;;;;;;;;;;;;;;;;;;;;;;;;;;;;;;;;;;;;
17:35:34;17;94;9999;081;140;11;111111111111000000000000;000000000000000000000000;11101000;000;_;e;10;100100000000000000000000;____;01;013;077;023;010;013;016;0425512710;;;;;;;;;;;;;;;;;;;;;;;;;;;;;;;;;;;;;;;;;;;;;;;;;;
17:35:37;17;95;9999;060;277;11;111111111111000000000000;000000000000000000000000;11101000;000;_;e;10;000001100001000000000000;____;06;-13;051;008;-14;-11;028;0425512713;;;;;;;;;;;;;;;;;;;;;;;;;;;;;;;;;;;;;;;;;;;;;;;;;;
17:35:39;17;96;9999;053;164;11;111111111111000000000000;000000000000000000000000;11101000;000;_;e;10;001001000000000000000000;____;06;-03;068;015;-04;-03;010;0425512714;;;;;;;;;;;;;;;;;;;;;;;;;;;;;;;;;;;;;;;;;;;;;;;;;;
17:35:43;17;97;9999;061;304;11;111111111111000000000000;000000000000000000000000;11101000;000;_;e;10;110001001001000000000000;____;09;037;075;010;023;037;041;0425512715;;;;;;;;;;;;;;;;;;;;;;;;;;;;;;;;;;;;;;;;;;;;;;;;;;
18:03:57;17;98;9999;081;999;11;111111111111000000000000;000000000000000000000000;11010000;000;_;;;;;;;;;;;;;;;;;;;;;;;;;;;;;;;;;;;;;;;;;;;;;;;;;;;;;;;;;;;;;;
18:03:59;17;99;9999;082;153;11;111111111111000000000000;000000000000000000000000;11101000;000;_;e;10;000101000000000000000000;____;06;044;079;032;037;044;035;0425483978;;;;;;;;;;;;;;;;;;;;;;;;;;;;;;;;;;;;;;;;;;;;;;;;;;
18:04:01;17;01;9999;056;154;11;111111111111000000000000;000000000000000000000000;11101000;000;_;e;10;000000000001000000000000;____;12;021;063;004;021;021;027;0425506187;;;;;;;;;;;;;;;;;;;;;;;;;;;;;;;;;;;;;;;;;;;;;;;;;;
18:04:03;17;02;9999;048;181;11;111111111111000000000000;000000000000000000000000;11101000;000;_;e;10;001111001000000000000000;____;04;-08;040;013;-15;009;060;0425509369;;;;;;;;;;;;;;;;;;;;;;;;;;;;;;;;;;;;;;;;;;;;;;;;;;
18:04:07;17;03;9999;045;147;01;111111111111000000000000;000000000000000000000000;11101000;000;_;e;10;000000001000000000000000;____;09;012;052;021;012;012;011;0425512500;;;;;;;;;;;;;;;;;;;;;;;;;;;;;;;;;;;;;;;;;;;;;;;;;;
18:04:09;17;04;9999;084;214;11;111111111111000000000000;000000000000000000000000;11101000;000;_;e;10;110000000100000000000000;____;01;027;101;005;021;035;026;0425506188;;;;;;;;;;;;;;;;;;;;;;;;;;;;;;;;;;;;;;;;;;;;;;;;;;
18:04:13;17;05;9999;045;151;09;111111111111000000000000;000000000000000000000000;11101000;000;_;e;10;001111001100000000000000;____;06;-16;057;015;-17;-12;087;0425506189;;;;;;;;;;;;;;;;;;;;;;;;;;;;;;;;;;;;;;;;;;;;;;;;;;
18:04:14;17;06;9999;085;135;11;111111111111000000000000;000000000000000000000000;11101000;000;_;e;10;000011001000000000000000;____;06;037;054;028;035;039;012;0425506190;;;;;;;;;;;;;;;;;;;;;;;;;;;;;;;;;;;;;;;;;;;;;;;;;;
18:04:20;17;07;9999;064;335;11;111111111111000000000000;000000000000000000000000;11101000;000;_;e;10;101001000001000000000000;____;01;032;093;007;023;038;034;0425512800;;;;;;;;;;;;;;;;;;;;;;;;;;;;;;;;;;;;;;;;;;;;;;;;;;
18:04:24;17;08;9999;071;355;11;111111111111000000000000;000000000000000000000000;11101000;000;_;e;10;000011111010000000000000;____;07;026;035;005;022;030;034;0425506191;;;;;;;;;;;;;;;;;;;;;;;;;;;;;;;;;;;;;;;;;;;;;;;;;;
18:04:27;17;09;9999;059;245;11;111111111111000000000000;000000000000000000000000;11101000;000;_;e;10;000011111001000000000000;____;06;008;049;004;-01;016;041;0425506194;;;;;;;;;;;;;;;;;;;;;;;;;;;;;;;;;;;;;;;;;;;;;;;;;;
18:04:30;17;10;9999;073;246;11;111111111111000000000000;000000000000000000000000;11101000;000;_;e;10;000111001000000000000000;____;04;023;034;018;003;027;065;0425512801;;;;;;;;;;;;;;;;;;;;;;;;;;;;;;;;;;;;;;;;;;;;;;;;;;
18:04:32;17;11;9999;051;221;11;111111111111000000000000;000000000000000000000000;11101000;000;_;e;10;000111001100000000000000;____;05;007;053;029;-03;010;105;0425506196;;;;;;;;;;;;;;;;;;;;;;;;;;;;;;;;;;;;;;;;;;;;;;;;;;
18:04:34;17;12;9999;067;140;11;111111111111000000000000;000000000000000000000000;11101000;000;_;e;10;110000000000000000000000;____;01;017;098;009;014;035;036;0425506195;;;;;;;;;;;;;;;;;;;;;;;;;;;;;;;;;;;;;;;;;;;;;;;;;;
18:04:37;17;13;9999;059;158;06;111111111111000000000000;000000000000000000000000;11101000;000;_;e;10;000011101000000000000000;____;09;024;053;009;006;025;036;0425506197;;;;;;;;;;;;;;;;;;;;;;;;;;;;;;;;;;;;;;;;;;;;;;;;;;
18:04:39;17;14;9999;059;187;11;111111111111000000000000;000000000000000000000000;11101000;000;_;e;10;000000001001000000000000;____;12;064;057;004;062;065;010;0425506198;;;;;;;;;;;;;;;;;;;;;;;;;;;;;;;;;;;;;;;;;;;;;;;;;;
18:04:41;17;15;9999;046;154;11;111111111111000000000000;000000000000000000000000;11101000;000;_;e;10;000111001100000000000000;____;09;-11;052;031;-11;-01;068;0555542702;;;;;;;;;;;;;;;;;;;;;;;;;;;;;;;;;;;;;;;;;;;;;;;;;;
18:04:46;17;16;9999;077;208;00;111111111111000000000000;000000000000000000000000;11101000;000;_;e;10;000001000000000000000000;____;06;-20;038;020;-20;026;018;0425513201;;;;;;;;;;;;;;;;;;;;;;;;;;;;;;;;;;;;;;;;;;;;;;;;;;
18:04:49;17;17;9999;061;236;11;111111111111000000000000;000000000000000000000000;11101000;000;_;e;10;010100001001000000000000;____;04;-11;074;008;-14;015;078;0425513202;;;;;;;;;;;;;;;;;;;;;;;;;;;;;;;;;;;;;;;;;;;;;;;;;;
18:04:51;17;18;9999;079;152;11;111111111111000000000000;000000000000000000000000;11101000;000;_;e;10;000010001000000000000000;____;09;029;030;004;024;033;038;0425512503;;;;;;;;;;;;;;;;;;;;;;;;;;;;;;;;;;;;;;;;;;;;;;;;;;
18:04:55;17;19;9999;046;130;00;111111111111000000000000;000000000000000000000000;11101000;000;_;e;10;000100000000000000000000;____;04;002;078;010;002;002;006;0425506192;;;;;;;;;;;;;;;;;;;;;;;;;;;;;;;;;;;;;;;;;;;;;;;;;;
18:04:58;17;20;9999;047;238;11;111111111111000000000000;000000000000000000000000;11101000;000;_;e;10;000100001100000000000000;____;04;010;059;027;-07;014;044;0425513206;;;;;;;;;;;;;;;;;;;;;;;;;;;;;;;;;;;;;;;;;;;;;;;;;;
18:05:00;17;21;9999;078;168;11;111111111111000000000000;000000000000000000000000;11101000;000;_;e;10;000001000000000000000000;____;06;049;066;011;049;049;002;0425512504;;;;;;;;;;;;;;;;;;;;;;;;;;;;;;;;;;;;;;;;;;;;;;;;;;
18:05:04;17;22;9999;054;138;00;111111111111000000000000;000000000000000000000000;11101000;000;_;e;10;100001001001000000000000;____;06;020;067;014;016;022;053;0425513207;;;;;;;;;;;;;;;;;;;;;;;;;;;;;;;;;;;;;;;;;;;;;;;;;;
18:05:07;17;23;9999;056;237;11;111111111111000000000000;000000000000000000000000;11101000;000;_;e;10;000111101000000000000000;____;05;021;042;027;014;023;062;0425506199;;;;;;;;;;;;;;;;;;;;;;;;;;;;;;;;;;;;;;;;;;;;;;;;;;
18:05:09;17;24;9999;060;181;11;111111111111000000000000;000000000000000000000000;11101000;000;_;e;10;000111000000000000000000;____;06;-03;037;038;-03;003;051;0425512506;;;;;;;;;;;;;;;;;;;;;;;;;;;;;;;;;;;;;;;;;;;;;;;;;;
18:05:11;17;25;9999;064;119;11;111111111111000000000000;000000000000000000000000;11101000;000;_;e;10;000111101011000000000000;____;09;037;043;006;010;038;041;0425513500;;;;;;;;;;;;;;;;;;;;;;;;;;;;;;;;;;;;;;;;;;;;;;;;;;
18:05:13;17;26;9999;061;241;11;111111111111000000000000;000000000000000000000000;11101000;000;_;e;10;100110001000000000000000;____;01;007;079;021;002;010;047;0425513208;;;;;;;;;;;;;;;;;;;;;;;;;;;;;;;;;;;;;;;;;;;;;;;;;;
18:05:18;17;27;9999;076;245;00;111111111111000000000000;000000000000000000000000;11101000;000;_;e;10;000011000010000000000000;____;06;-19;030;008;-19;-08;039;0555528423;;;;;;;;;;;;;;;;;;;;;;;;;;;;;;;;;;;;;;;;;;;;;;;;;;
18:05:21;17;28;9999;043;231;11;111111111111000000000000;000000000000000000000000;11101000;000;_;e;10;000111000000000000000000;____;06;-07;032;011;-07;-04;027;0425504901;;;;;;;;;;;;;;;;;;;;;;;;;;;;;;;;;;;;;;;;;;;;;;;;;;
18:05:25;17;29;9999;062;361;11;111111111111000000000000;000000000000000000000000;11101000;000;_;e;10;000000000001000000000000;____;12;-13;046;004;-13;-13;002;0425513501;;;;;;;;;;;;;;;;;;;;;;;;;;;;;;;;;;;;;;;;;;;;;;;;;;
18:05:28;17;30;9999;068;245;11;111111111111000000000000;000000000000000000000000;11101000;000;_;e;10;010000000000000000000000;____;02;-02;084;005;-02;-02;010;0425513502;;;;;;;;;;;;;;;;;;;;;;;;;;;;;;;;;;;;;;;;;;;;;;;;;;
18:05:30;17;31;9999;062;149;11;111111111111000000000000;000000000000000000000000;11101000;000;_;e;10;110000001001000000000000;____;01;039;078;005;-06;039;032;0425513209;;;;;;;;;;;;;;;;;;;;;;;;;;;;;;;;;;;;;;;;;;;;;;;;;;
18:05:33;17;32;9999;051;268;11;111111111111000000000000;000000000000000000000000;11101000;000;_;e;10;000000001000000000000000;____;09;022;042;015;021;022;011;0425513503;;;;;;;;;;;;;;;;;;;;;;;;;;;;;;;;;;;;;;;;;;;;;;;;;;
18:05:35;17;33;9999;058;170;11;111111111111000000000000;000000000000000000000000;11101000;000;_;e;10;000000001001000000000000;____;09;032;060;008;032;035;039;0425512509;;;;;;;;;;;;;;;;;;;;;;;;;;;;;;;;;;;;;;;;;;;;;;;;;;
18:05:38;17;34;9999;054;161;07;111111111111000000000000;000000000000000000000000;11101000;000;_;e;10;000001000000000000000000;____;06;-09;066;024;-09;-09;005;0425512511;;;;;;;;;;;;;;;;;;;;;;;;;;;;;;;;;;;;;;;;;;;;;;;;;;
18:05:40;17;35;9999;066;161;11;111111111111000000000000;000000000000000000000000;11010000;000;_;;;;;;;;;;;;;;;;;;;;;;;;;;;;;;;;;;;;;;;;;;;;;;;;;;;;;;;;;;;;;;
18:05:44;17;36;9999;051;195;00;111111111111000000000000;000000000000000000000000;11010000;000;_;;;;;;;;;;;;;;;;;;;;;;;;;;;;;;;;;;;;;;;;;;;;;;;;;;;;;;;;;;;;;;
18:05:47;17;37;9999;064;241;11;111111111111000000000000;000000000000000000000000;11101000;000;_;e;10;100111001001000000000000;____;09;036;081;006;015;041;046;0425512802;;;;;;;;;;;;;;;;;;;;;;;;;;;;;;;;;;;;;;;;;;;;;;;;;;
18:05:50;17;38;9999;076;310;11;111111111111000000000000;000000000000000000000000;11101000;000;_;e;10;001111001100000000000000;____;06;-05;061;021;-08;038;061;0425512512;;;;;;;;;;;;;;;;;;;;;;;;;;;;;;;;;;;;;;;;;;;;;;;;;;
18:05:53;17;39;9999;074;238;11;111111111111000000000000;000000000000000000000000;11101000;000;_;e;10;010100000000000000000000;____;04;-03;089;004;-04;-02;048;0425512803;;;;;;;;;;;;;;;;;;;;;;;;;;;;;;;;;;;;;;;;;;;;;;;;;;
18:06:08;17;40;9999;079;999;11;111111111111000000000000;000000000000000000000000;11101000;000;_;e;10;000100000000000000000000;____;04;028;075;003;028;028;004;0425512804;;;;;;;;;;;;;;;;;;;;;;;;;;;;;;;;;;;;;;;;;;;;;;;;;;
18:06:10;17;41;9999;045;139;11;111111111111000000000000;000000000000000000000000;11101000;000;_;e;10;000001011100000000000000;____;06;-11;037;007;-13;-10;020;0425512513;;;;;;;;;;;;;;;;;;;;;;;;;;;;;;;;;;;;;;;;;;;;;;;;;;
18:06:13;17;42;9999;079;157;01;111111111111000000000000;000000000000000000000000;11101000;000;_;e;10;000110001000000000000000;____;05;020;043;038;020;025;090;0555528424;;;;;;;;;;;;;;;;;;;;;;;;;;;;;;;;;;;;;;;;;;;;;;;;;;
18:06:15;17;43;9999;076;152;11;111111111111000000000000;000000000000000000000000;11101000;000;_;e;10;000000000100000000000000;____;10;-11;042;026;-11;020;007;0425513211;;;;;;;;;;;;;;;;;;;;;;;;;;;;;;;;;;;;;;;;;;;;;;;;;;
18:06:18;17;44;9999;044;165;04;111111111111000000000000;000000000000000000000000;11101000;000;_;e;10;000111001001000000000000;____;05;016;057;019;001;020;053;0425512507;;;;;;;;;;;;;;;;;;;;;;;;;;;;;;;;;;;;;;;;;;;;;;;;;;
18:06:20;17;45;9999;078;199;11;111111111111000000000000;000000000000000000000000;11010000;000;_;;;;;;;;;;;;;;;;;;;;;;;;;;;;;;;;;;;;;;;;;;;;;;;;;;;;;;;;;;;;;;
18:06:23;17;46;9999;074;255;11;111111111111000000000000;000000000000000000000000;11101000;000;_;e;10;000111001100000000000000;____;05;000;050;033;-03;001;069;0425512515;;;;;;;;;;;;;;;;;;;;;;;;;;;;;;;;;;;;;;;;;;;;;;;;;;
18:06:27;17;47;9999;045;313;11;111111111111000000000000;000000000000000000000000;11101000;000;_;e;10;110010000000000000000000;____;02;-16;088;007;-18;-11;022;0425512508;;;;;;;;;;;;;;;;;;;;;;;;;;;;;;;;;;;;;;;;;;;;;;;;;;
18:06:29;17;48;9999;083;149;11;111111111111000000000000;000000000000000000000000;11101000;000;_;e;10;001101000000000000000000;____;04;030;057;006;030;032;047;0425512516;;;;;;;;;;;;;;;;;;;;;;;;;;;;;;;;;;;;;;;;;;;;;;;;;;
18:06:31;17;49;9999;073;163;11;111111111111000000000000;000000000000000000000000;11101000;000;_;e;10;000010111010000000000000;____;05;038;029;007;025;038;072;0425512518;;;;;;;;;;;;;;;;;;;;;;;;;;;;;;;;;;;;;;;;;;;;;;;;;;
18:06:34;17;50;9999;059;151;05;111111111111000000000000;000000000000000000000000;11101000;000;_;e;10;000111001000000000000000;____;09;012;058;035;008;017;093;0425512505;;;;;;;;;;;;;;;;;;;;;;;;;;;;;;;;;;;;;;;;;;;;;;;;;;
18:06:37;17;51;9999;067;199;11;111111111111000000000000;000000000000000000000000;11010000;000;_;;;;;;;;;;;;;;;;;;;;;;;;;;;;;;;;;;;;;;;;;;;;;;;;;;;;;;;;;;;;;;
18:06:39;17;52;9999;068;151;11;111111111111000000000000;000000000000000000000000;11101000;000;_;e;10;100000001101000000000000;____;09;051;073;010;-13;054;040;0425512520;;;;;;;;;;;;;;;;;;;;;;;;;;;;;;;;;;;;;;;;;;;;;;;;;;
18:06:41;17;53;9999;082;166;11;111111111111000000000000;000000000000000000000000;11101000;000;_;e;10;110000000000000000000000;____;01;051;083;012;045;052;037;0425513213;;;;;;;;;;;;;;;;;;;;;;;;;;;;;;;;;;;;;;;;;;;;;;;;;;
18:06:47;17;54;9999;087;239;11;111111111111000000000000;000000000000000000000000;11101000;000;_;e;10;000011000100000000000000;____;06;003;060;024;-02;019;039;0425513200;;;;;;;;;;;;;;;;;;;;;;;;;;;;;;;;;;;;;;;;;;;;;;;;;;
20:04:33;17;55;9999;072;999;11;111111111111000000000000;000000000000000000000000;11101000;000;_;e;10;000110001000000000000000;____;05;-11;037;040;-19;-02;032;0425514003;;;;;;;;;;;;;;;;;;;;;;;;;;;;;;;;;;;;;;;;;;;;;;;;;;
20:04:35;17;56;9999;074;149;11;111111111111000000000000;000000000000000000000000;11101000;000;_;e;10;000111000000000000000000;____;05;018;030;023;-05;018;049;0425514005;;;;;;;;;;;;;;;;;;;;;;;;;;;;;;;;;;;;;;;;;;;;;;;;;;
20:04:38;17;57;9999;072;158;11;111111111111000000000000;000000000000000000000000;11101000;000;_;e;10;100000000000000000000000;____;01;017;085;006;017;017;004;0425514004;;;;;;;;;;;;;;;;;;;;;;;;;;;;;;;;;;;;;;;;;;;;;;;;;;
20:04:40;17;58;9999;052;157;11;111111111111000000000000;000000000000000000000000;11101000;000;_;e;10;000111001100000000000000;____;04;-02;056;031;-05;017;114;0425514006;;;;;;;;;;;;;;;;;;;;;;;;;;;;;;;;;;;;;;;;;;;;;;;;;;
20:04:42;17;59;9999;054;187;11;111111111111000000000000;000000000000000000000000;11101000;000;_;e;10;001111001100000000000000;____;05;003;066;013;-02;003;145;0425514010;;;;;;;;;;;;;;;;;;;;;;;;;;;;;;;;;;;;;;;;;;;;;;;;;;
20:04:46;17;60;9999;056;146;06;111111111111000000000000;000000000000000000000000;11101000;000;_;e;10;110010001001000000000000;____;12;018;081;004;013;023;024;0425514009;;;;;;;;;;;;;;;;;;;;;;;;;;;;;;;;;;;;;;;;;;;;;;;;;;
20:04:48;17;61;9999;070;156;11;111111111111000000000000;000000000000000000000000;11101000;000;_;e;10;000010000000000000000000;____;05;044;043;012;033;059;255;0425514007;;;;;;;;;;;;;;;;;;;;;;;;;;;;;;;;;;;;;;;;;;;;;;;;;;
20:04:50;17;62;9999;077;175;11;111111111111000000000000;000000000000000000000000;11101000;000;_;e;10;000111001000000000000000;____;05;017;057;030;015;018;050;0425514012;;;;;;;;;;;;;;;;;;;;;;;;;;;;;;;;;;;;;;;;;;;;;;;;;;
20:04:52;17;63;9999;045;090;11;111111111111000000000000;000000000000000000000000;11101000;000;_;e;10;000001000000000000000000;____;06;001;038;025;001;001;005;0425500877;;;;;;;;;;;;;;;;;;;;;;;;;;;;;;;;;;;;;;;;;;;;;;;;;;
20:04:57;17;64;9999;043;166;07;111111111111000000000000;000000000000000000000000;11010000;000;_;;;;;;;;;;;;;;;;;;;;;;;;;;;;;;;;;;;;;;;;;;;;;;;;;;;;;;;;;;;;;;
20:04:58;17;65;9999;047;159;11;111111111111000000000000;000000000000000000000000;11101000;000;_;e;10;000110000100000000000000;____;05;-16;050;030;-17;-11;056;0425514013;;;;;;;;;;;;;;;;;;;;;;;;;;;;;;;;;;;;;;;;;;;;;;;;;;
20:05:02;17;66;9999;040;201;05;111111111111000000000000;000000000000000000000000;11101000;000;_;e;10;000001100100000000000000;____;07;-13;034;012;-13;010;034;0425514015;;;;;;;;;;;;;;;;;;;;;;;;;;;;;;;;;;;;;;;;;;;;;;;;;;
20:05:04;17;67;9999;060;131;11;111111111111000000000000;000000000000000000000000;11101000;000;_;e;10;110000000000000000000000;____;01;019;089;004;015;020;020;0425514017;;;;;;;;;;;;;;;;;;;;;;;;;;;;;;;;;;;;;;;;;;;;;;;;;;
20:05:07;17;68;9999;067;349;11;111111111111000000000000;000000000000000000000000;11101000;000;_;e;10;101110000100000000000000;____;04;-09;060;018;-09;005;070;0425514018;;;;;;;;;;;;;;;;;;;;;;;;;;;;;;;;;;;;;;;;;;;;;;;;;;
20:05:10;17;69;9999;082;244;11;111111111111000000000000;000000000000000000000000;11101000;000;_;e;10;100101001000000000000000;____;04;007;063;029;004;010;045;0425514016;;;;;;;;;;;;;;;;;;;;;;;;;;;;;;;;;;;;;;;;;;;;;;;;;;
21:04:20;17;70;9999;048;999;11;111111111111000000000000;000000000000000000000000;11101000;000;_;e;10;000000001000000000000000;____;09;008;032;025;008;008;003;0425510500;;;;;;;;;;;;;;;;;;;;;;;;;;;;;;;;;;;;;;;;;;;;;;;;;;
21:04:21;17;71;9999;080;150;11;111111111111000000000000;000000000000000000000000;11010000;000;_;;;;;;;;;;;;;;;;;;;;;;;;;;;;;;;;;;;;;;;;;;;;;;;;;;;;;;;;;;;;;;
21:04:24;17;72;9999;064;154;11;111111111111000000000000;000000000000000000000000;11101000;000;_;e;10;000111001100000000000000;____;04;-02;049;039;-03;013;064;0425514201;;;;;;;;;;;;;;;;;;;;;;;;;;;;;;;;;;;;;;;;;;;;;;;;;;
21:04:26;17;73;9999;049;180;11;111111111111000000000000;000000000000000000000000;11010000;000;_;;;;;;;;;;;;;;;;;;;;;;;;;;;;;;;;;;;;;;;;;;;;;;;;;;;;;;;;;;;;;;
21:04:28;17;74;9999;072;174;11;111111111111000000000000;000000000000000000000000;11101000;000;_;e;10;000101001000000000000000;____;09;017;049;046;016;021;047;0425513109;;;;;;;;;;;;;;;;;;;;;;;;;;;;;;;;;;;;;;;;;;;;;;;;;;
21:04:30;17;75;9999;044;151;11;111111111111000000000000;000000000000000000000000;11101000;000;_;e;10;000111001000000000000000;____;09;-07;038;041;-14;-06;069;0425514202;;;;;;;;;;;;;;;;;;;;;;;;;;;;;;;;;;;;;;;;;;;;;;;;;;
21:04:34;17;76;9999;082;154;05;111111111111000000000000;000000000000000000000000;11101000;000;_;e;10;000000001000000000000000;____;09;087;038;021;056;090;109;0425514203;;;;;;;;;;;;;;;;;;;;;;;;;;;;;;;;;;;;;;;;;;;;;;;;;;
21:04:37;17;77;9999;079;147;03;111111111111000000000000;000000000000000000000000;11101000;000;_;e;10;000110000000000000000000;____;05;-02;043;033;-02;003;032;0425512201;;;;;;;;;;;;;;;;;;;;;;;;;;;;;;;;;;;;;;;;;;;;;;;;;;
21:04:39;17;78;9999;076;152;11;111111111111000000000000;000000000000000000000000;11101000;000;_;e;10;000110000000000000000000;____;04;007;047;030;006;009;050;0425488816;;;;;;;;;;;;;;;;;;;;;;;;;;;;;;;;;;;;;;;;;;;;;;;;;;
21:04:42;17;79;9999;075;126;01;111111111111000000000000;000000000000000000000000;11101000;000;_;e;10;000111001000000000000000;____;04;015;052;031;015;019;030;0425503250;;;;;;;;;;;;;;;;;;;;;;;;;;;;;;;;;;;;;;;;;;;;;;;;;;
21:04:45;17;80;9999;077;212;11;111111111111000000000000;000000000000000000000000;11101000;000;_;e;10;000011000000000000000000;____;06;047;027;002;047;050;030;0425512200;;;;;;;;;;;;;;;;;;;;;;;;;;;;;;;;;;;;;;;;;;;;;;;;;;
21:04:50;17;81;9999;068;349;11;111111111111000000000000;000000000000000000000000;11101000;000;_;e;10;000001001100000000000000;____;09;016;053;042;-09;020;062;0425513110;;;;;;;;;;;;;;;;;;;;;;;;;;;;;;;;;;;;;;;;;;;;;;;;;;
21:04:54;17;82;9999;077;348;11;111111111111000000000000;000000000000000000000000;11101000;000;_;e;10;000001000000000000000000;____;06;008;024;020;007;008;020;0425514402;;;;;;;;;;;;;;;;;;;;;;;;;;;;;;;;;;;;;;;;;;;;;;;;;;
21:05:01;17;83;9999;081;749;11;111111111111000000000000;000000000000000000000000;11101000;000;_;e;10;100000000000000000000000;____;01;032;058;010;032;032;014;0425513111;;;;;;;;;;;;;;;;;;;;;;;;;;;;;;;;;;;;;;;;;;;;;;;;;;
21:05:04;17;84;9999;082;232;11;111111111111000000000000;000000000000000000000000;11101000;000;_;e;10;000110000100000000000000;____;04;040;041;021;030;051;046;0425514204;;;;;;;;;;;;;;;;;;;;;;;;;;;;;;;;;;;;;;;;;;;;;;;;;;
21:05:07;17;85;9999;079;187;11;111111111111000000000000;000000000000000000000000;11101000;000;_;e;10;001111001100000000000000;____;10;023;032;022;022;031;095;0425514205;;;;;;;;;;;;;;;;;;;;;;;;;;;;;;;;;;;;;;;;;;;;;;;;;;
21:05:09;17;86;9999;060;154;11;111111111111000000000000;000000000000000000000000;11101000;000;_;e;10;000010101010000000000000;____;07;022;008;004;004;028;027;0425513112;;;;;;;;;;;;;;;;;;;;;;;;;;;;;;;;;;;;;;;;;;;;;;;;;;
21:05:11;17;87;9999;046;196;11;111111111111000000000000;000000000000000000000000;11101000;000;_;e;10;000111000100000000000000;____;06;-15;047;023;-16;006;043;0425513114;;;;;;;;;;;;;;;;;;;;;;;;;;;;;;;;;;;;;;;;;;;;;;;;;;
21:05:13;17;88;9999;079;169;11;111111111111000000000000;000000000000000000000000;11101000;000;_;e;10;000001001000000000000000;____;06;001;031;031;000;001;032;0425513113;;;;;;;;;;;;;;;;;;;;;;;;;;;;;;;;;;;;;;;;;;;;;;;;;;
21:05:15;17;89;9999;074;140;11;111111111111000000000000;000000000000000000000000;11101000;000;_;e;10;000001001000000000000000;____;09;011;051;016;010;011;020;0425514208;;;;;;;;;;;;;;;;;;;;;;;;;;;;;;;;;;;;;;;;;;;;;;;;;;
21:05:18;17;90;9999;046;171;11;111111111111000000000000;000000000000000000000000;11101000;000;_;e;10;000011001000000000000000;____;09;-06;046;038;-06;002;053;0425514209;;;;;;;;;;;;;;;;;;;;;;;;;;;;;;;;;;;;;;;;;;;;;;;;;;
21:34:17;17;91;9999;074;999;11;111111111111000000000000;000000000000000000000000;11101000;000;_;e;10;000111100000000000000000;____;05;015;042;023;011;015;039;0425488638;;;;;;;;;;;;;;;;;;;;;;;;;;;;;;;;;;;;;;;;;;;;;;;;;;
21:34:19;17;92;9999;055;154;11;111111111111000000000000;000000000000000000000000;11101000;000;_;e;10;000000001001000000000000;____;12;030;066;004;029;038;010;0425511600;;;;;;;;;;;;;;;;;;;;;;;;;;;;;;;;;;;;;;;;;;;;;;;;;;
21:34:23;17;93;9999;059;189;08;111111111111000000000000;000000000000000000000000;11101000;000;_;e;10;000000001100000000000000;____;10;-05;064;027;-06;-05;004;0425509778;;;;;;;;;;;;;;;;;;;;;;;;;;;;;;;;;;;;;;;;;;;;;;;;;;
21:34:25;17;94;9999;082;172;11;111111111111000000000000;000000000000000000000000;11101000;000;_;e;10;000000001000000000000000;____;09;-06;039;020;-06;-06;005;0425509780;;;;;;;;;;;;;;;;;;;;;;;;;;;;;;;;;;;;;;;;;;;;;;;;;;
21:34:29;17;95;9999;058;371;11;111111111111000000000000;000000000000000000000000;11101000;000;_;e;10;110100000000000000000000;____;01;000;091;006;-06;000;025;0425509779;;;;;;;;;;;;;;;;;;;;;;;;;;;;;;;;;;;;;;;;;;;;;;;;;;
21:34:32;17;96;9999;084;235;11;111111111111000000000000;000000000000000000000000;11101000;000;_;e;10;000001001000000000000000;____;09;053;070;029;042;053;046;0425512424;;;;;;;;;;;;;;;;;;;;;;;;;;;;;;;;;;;;;;;;;;;;;;;;;;
21:34:34;17;97;9999;069;161;11;111111111111000000000000;000000000000000000000000;11101000;000;_;e;10;000011000100000000000000;____;06;-14;045;030;-14;-09;023;0425503603;;;;;;;;;;;;;;;;;;;;;;;;;;;;;;;;;;;;;;;;;;;;;;;;;;
21:34:36;17;98;9999;076;148;11;111111111111000000000000;000000000000000000000000;11101000;000;_;e;10;000111001100000000000000;____;06;-08;059;033;-12;-08;021;0425509781;;;;;;;;;;;;;;;;;;;;;;;;;;;;;;;;;;;;;;;;;;;;;;;;;;
21:34:38;17;99;9999;045;170;11;111111111111000000000000;000000000000000000000000;11101000;000;_;e;10;001010000000000000000000;____;05;-19;039;008;-20;-02;016;0425512425;;;;;;;;;;;;;;;;;;;;;;;;;;;;;;;;;;;;;;;;;;;;;;;;;;
21:34:40;17;01;9999;048;172;11;111111111111000000000000;000000000000000000000000;11101000;000;_;e;10;000001000000000000000000;____;06;-18;053;014;-18;-18;006;0425509782;;;;;;;;;;;;;;;;;;;;;;;;;;;;;;;;;;;;;;;;;;;;;;;;;;
21:34:43;17;02;9999;046;149;02;111111111111000000000000;000000000000000000000000;11101000;000;_;e;10;000100000000000000000000;____;04;-18;090;018;-18;-18;043;0425512426;;;;;;;;;;;;;;;;;;;;;;;;;;;;;;;;;;;;;;;;;;;;;;;;;;
21:34:46;17;03;9999;084;199;11;111111111111000000000000;000000000000000000000000;11010000;000;_;;;;;;;;;;;;;;;;;;;;;;;;;;;;;;;;;;;;;;;;;;;;;;;;;;;;;;;;;;;;;;
21:34:48;17;04;9999;043;159;11;111111111111000000000000;000000000000000000000000;11101000;000;_;e;10;000111111000000000000000;____;06;-17;036;002;-18;006;048;0425512427;;;;;;;;;;;;;;;;;;;;;;;;;;;;;;;;;;;;;;;;;;;;;;;;;;
21:34:53;17;05;9999;055;186;00;111111111111000000000000;000000000000000000000000;11010000;000;_;;;;;;;;;;;;;;;;;;;;;;;;;;;;;;;;;;;;;;;;;;;;;;;;;;;;;;;;;;;;;;
21:34:56;17;06;9999;086;236;11;111111111111000000000000;000000000000000000000000;11101000;000;_;e;10;100110001000000000000000;____;04;041;071;022;010;048;050;0425512428;;;;;;;;;;;;;;;;;;;;;;;;;;;;;;;;;;;;;;;;;;;;;;;;;;
21:34:58;17;07;9999;037;170;11;111111111111000000000000;000000000000000000000000;11101000;000;_;e;10;000111100010000000000000;____;06;-10;038;001;-16;-07;038;0425509787;;;;;;;;;;;;;;;;;;;;;;;;;;;;;;;;;;;;;;;;;;;;;;;;;;
21:35:00;17;08;9999;080;128;11;111111111111000000000000;000000000000000000000000;11101000;000;_;e;10;000111001000000000000000;____;04;031;046;021;024;032;041;0425509786;;;;;;;;;;;;;;;;;;;;;;;;;;;;;;;;;;;;;;;;;;;;;;;;;;
21:35:03;17;09;9999;059;237;11;111111111111000000000000;000000000000000000000000;11101000;000;_;e;10;000001000000000000000000;____;06;-08;058;022;-08;-08;005;0425509789;;;;;;;;;;;;;;;;;;;;;;;;;;;;;;;;;;;;;;;;;;;;;;;;;;
21:35:05;17;10;9999;052;157;11;111111111111000000000000;000000000000000000000000;11101000;000;_;e;10;000011110100000000000000;____;06;-15;033;006;-15;-09;046;0425509790;;;;;;;;;;;;;;;;;;;;;;;;;;;;;;;;;;;;;;;;;;;;;;;;;;
21:35:08;17;11;9999;066;157;04;111111111111000000000000;000000000000000000000000;11101000;000;_;e;10;100000001100000000000000;____;01;-08;097;013;-15;014;011;0425509792;;;;;;;;;;;;;;;;;;;;;;;;;;;;;;;;;;;;;;;;;;;;;;;;;;
21:35:10;17;12;9999;076;182;11;111111111111000000000000;000000000000000000000000;11101000;000;_;e;10;000001100000000000000000;____;06;019;046;014;-07;038;030;0425509791;;;;;;;;;;;;;;;;;;;;;;;;;;;;;;;;;;;;;;;;;;;;;;;;;;
21:35:12;17;13;9999;061;153;11;111111111111000000000000;000000000000000000000000;11101000;000;_;e;10;000111101000000000000000;____;05;003;052;028;002;018;098;0425512429;;;;;;;;;;;;;;;;;;;;;;;;;;;;;;;;;;;;;;;;;;;;;;;;;;
21:35:14;17;14;9999;083;125;11;111111111111000000000000;000000000000000000000000;11101000;000;_;e;10;000101011000000000000000;____;08;014;025;030;-08;016;025;0425509793;;;;;;;;;;;;;;;;;;;;;;;;;;;;;;;;;;;;;;;;;;;;;;;;;;
21:35:18;17;15;9999;061;236;01;111111111111000000000000;000000000000000000000000;11101000;000;_;e;10;000110011010000000000000;____;08;025;025;009;001;029;058;0425509795;;;;;;;;;;;;;;;;;;;;;;;;;;;;;;;;;;;;;;;;;;;;;;;;;;
21:35:21;17;16;9999;047;211;11;111111111111000000000000;000000000000000000000000;11101000;000;_;e;10;000110000100000000000000;____;05;053;047;002;-01;066;085;0425509797;;;;;;;;;;;;;;;;;;;;;;;;;;;;;;;;;;;;;;;;;;;;;;;;;;
21:35:23;17;17;9999;071;177;11;111111111111000000000000;000000000000000000000000;11101000;000;_;e;10;000110110000000000000000;____;07;007;033;006;-04;007;027;0425512430;;;;;;;;;;;;;;;;;;;;;;;;;;;;;;;;;;;;;;;;;;;;;;;;;;
21:35:25;17;18;9999;071;148;11;111111111111000000000000;000000000000000000000000;11101000;000;_;e;10;000111111000000000000000;____;04;032;038;022;025;036;041;0425509796;;;;;;;;;;;;;;;;;;;;;;;;;;;;;;;;;;;;;;;;;;;;;;;;;;
21:35:30;17;19;9999;044;236;05;111111111111000000000000;000000000000000000000000;11101000;000;_;e;10;000110000000000000000000;____;05;-19;076;023;-19;-14;016;0425512431;;;;;;;;;;;;;;;;;;;;;;;;;;;;;;;;;;;;;;;;;;;;;;;;;;
21:35:33;17;20;9999;048;168;04;111111111111000000000000;000000000000000000000000;11101000;000;_;e;10;000011001001000000000000;____;09;026;055;006;007;027;065;0425512432;;;;;;;;;;;;;;;;;;;;;;;;;;;;;;;;;;;;;;;;;;;;;;;;;;
21:35:35;17;21;9999;086;172;11;111111111111000000000000;000000000000000000000000;11101000;000;_;e;10;110100001101000000000000;____;01;005;085;016;-16;037;060;0425512433;;;;;;;;;;;;;;;;;;;;;;;;;;;;;;;;;;;;;;;;;;;;;;;;;;
21:35:37;17;22;9999;053;070;11;111111111111000000000000;000000000000000000000000;11101000;000;_;e;10;000010001000000000000000;____;05;-10;049;024;-18;-10;009;0425512434;;;;;;;;;;;;;;;;;;;;;;;;;;;;;;;;;;;;;;;;;;;;;;;;;;
21:35:42;17;23;9999;043;155;00;111111111111000000000000;000000000000000000000000;11101000;000;_;e;10;001001101100000000000000;____;06;-18;039;016;-19;-04;046;0425512436;;;;;;;;;;;;;;;;;;;;;;;;;;;;;;;;;;;;;;;;;;;;;;;;;;
21:35:45;17;24;9999;062;229;11;111111111111000000000000;000000000000000000000000;11010000;000;_;;;;;;;;;;;;;;;;;;;;;;;;;;;;;;;;;;;;;;;;;;;;;;;;;;;;;;;;;;;;;;
21:35:47;17;25;9999;080;149;11;111111111111000000000000;000000000000000000000000;11101000;000;_;e;10;000000001100000000000000;____;09;-02;045;000;-03;015;006;0425512438;;;;;;;;;;;;;;;;;;;;;;;;;;;;;;;;;;;;;;;;;;;;;;;;;;
21:35:51;17;26;9999;077;155;00;111111111111000000000000;000000000000000000000000;11010000;000;_;;;;;;;;;;;;;;;;;;;;;;;;;;;;;;;;;;;;;;;;;;;;;;;;;;;;;;;;;;;;;;
21:35:54;17;27;9999;037;237;11;111111111111000000000000;000000000000000000000000;11101000;000;_;e;10;110000000000000000000000;____;02;-10;094;009;-10;-07;029;0425512435;;;;;;;;;;;;;;;;;;;;;;;;;;;;;;;;;;;;;;;;;;;;;;;;;;
21:35:56;17;28;9999;082;151;11;111111111111000000000000;000000000000000000000000;11101000;000;_;e;10;000100101000000000000000;____;04;025;057;032;025;046;021;0425512440;;;;;;;;;;;;;;;;;;;;;;;;;;;;;;;;;;;;;;;;;;;;;;;;;;
21:36:00;17;29;9999;082;143;00;111111111111000000000000;000000000000000000000000;11101000;000;_;e;10;000111001000000000000000;____;05;020;049;027;018;021;061;0425512441;;;;;;;;;;;;;;;;;;;;;;;;;;;;;;;;;;;;;;;;;;;;;;;;;;
21:36:03;17;30;9999;058;239;11;111111111111000000000000;000000000000000000000000;11101000;000;_;e;10;001001000001000000000000;____;12;-20;051;004;-20;003;022;0425512442;;;;;;;;;;;;;;;;;;;;;;;;;;;;;;;;;;;;;;;;;;;;;;;;;;
21:36:05;17;31;9999;063;179;11;111111111111000000000000;000000000000000000000000;11101000;000;_;e;10;100000000000000000000000;____;01;016;101;015;015;040;028;0425512443;;;;;;;;;;;;;;;;;;;;;;;;;;;;;;;;;;;;;;;;;;;;;;;;;;
