RDT400 Server V3.30
Site: 
System: Barcode scanner PLC02 (Sick); System type: OPS
Date: 24-12-2024  00:00:46
Date    ;ID;CT;IDX ;TLE;TGA;V ;DEVICE LIST             ;ERROR LIST              ;OUTPUT  ;ENR;R;CODE1 ID;LENGTH;READ LIST;RES;CLV ID;XPOS;YPOS;ZPOS;XMIN;XMAX;CS;CODE CONTENT;XPOS;YPOS;ZPOS;XMIN;XMAX;CS;CODE CONTENT;CODE2 ID;LENGTH;READ LIST;RES;CLV ID;XPOS;YPOS;ZPOS;XMIN;XMAX;CS;CODE CONTENT;XPOS;YPOS;ZPOS;XMIN;XMAX;CS;CODE CONTENT;CODE3 ID;LENGTH;READ LIST;RES;CLV ID;XPOS;YPOS;ZPOS;XMIN;XMAX;CS;CODE CONTENT;XPOS;YPOS;ZPOS;XMIN;XMAX;CS;CODE CONTENT;INFO1;INFO2;CUSTOM1;CUSTOM2;
04:11:26;12;63;9999;065;999;08;111111111111000000000000;000000000000000000000000;11101000;000;_;e;10;001001000001000000000000;____;12;004;075;004;003;058;020;0425654683;;;;;;;;;;;;;;;;;;;;;;;;;;;;;;;;;;;;;;;;;;;;;;;;;;
04:12:22;12;64;9999;077;999;09;111111111111000000000000;000000000000000000000000;11101000;000;_;e;10;000011111000000000000000;____;06;047;061;029;047;053;082;0425655724;;;;;;;;;;;;;;;;;;;;;;;;;;;;;;;;;;;;;;;;;;;;;;;;;;
04:14:17;12;65;9999;075;999;09;111111111111000000000000;000000000000000000000000;11101000;000;_;e;10;001110000100000000000000;____;05;002;074;021;002;029;085;0425654681;;;;;;;;;;;;;;;;;;;;;;;;;;;;;;;;;;;;;;;;;;;;;;;;;;
04:20:20;12;66;9999;075;999;09;111111111111000000000000;000000000000000000000000;11101000;000;_;e;10;000011110000000000000000;____;08;052;044;029;048;053;048;0425654689;;;;;;;;;;;;;;;;;;;;;;;;;;;;;;;;;;;;;;;;;;;;;;;;;;
04:20:50;12;67;9999;074;999;09;111111111111000000000000;000000000000000000000000;11101000;000;_;e;10;111101000100000000000000;____;04;032;084;018;028;033;066;0425654690;;;;;;;;;;;;;;;;;;;;;;;;;;;;;;;;;;;;;;;;;;;;;;;;;;
04:22:57;12;68;9999;074;999;09;111111111111000000000000;000000000000000000000000;11101000;000;_;e;10;001111001100000000000000;____;10;067;064;023;045;073;119;0425654691;;;;;;;;;;;;;;;;;;;;;;;;;;;;;;;;;;;;;;;;;;;;;;;;;;
04:34:29;12;69;9999;077;999;08;111111111111000000000000;000000000000000000000000;11101000;000;_;e;10;001011101100000000000000;____;05;051;057;030;048;054;107;0425655726;;;;;;;;;;;;;;;;;;;;;;;;;;;;;;;;;;;;;;;;;;;;;;;;;;
04:35:57;12;70;9999;057;999;09;111111111111000000000000;000000000000000000000000;11101000;000;_;e;10;111000000000000000000000;____;01;030;100;019;015;033;059;0425654696;;;;;;;;;;;;;;;;;;;;;;;;;;;;;;;;;;;;;;;;;;;;;;;;;;
04:39:27;12;71;9999;075;999;09;111111111111000000000000;000000000000000000000000;11101000;000;_;e;10;111100001100000000000000;____;03;043;079;026;041;047;079;0425654697;;;;;;;;;;;;;;;;;;;;;;;;;;;;;;;;;;;;;;;;;;;;;;;;;;
04:42:26;12;72;9999;054;999;09;111111111111000000000000;000000000000000000000000;11101000;000;_;e;10;001111001101000000000000;____;03;048;059;022;043;056;136;0425654699;;;;;;;;;;;;;;;;;;;;;;;;;;;;;;;;;;;;;;;;;;;;;;;;;;
04:45:39;12;73;9999;077;999;09;111111111111000000000000;000000000000000000000000;11101000;000;_;e;10;001110001100000000000000;____;03;053;072;057;046;065;081;0425656135;;;;;;;;;;;;;;;;;;;;;;;;;;;;;;;;;;;;;;;;;;;;;;;;;;
04:47:07;12;74;9999;074;999;09;111111111111000000000000;000000000000000000000000;11101000;000;_;e;10;111110001100000000000000;____;02;037;100;024;029;038;127;0425656138;;;;;;;;;;;;;;;;;;;;;;;;;;;;;;;;;;;;;;;;;;;;;;;;;;
05:03:54;12;75;9999;074;999;09;111111111111000000000000;000000000000000000000000;11101000;000;_;e;10;001110001100000000000000;____;03;065;081;004;022;067;047;0425656145;;;;;;;;;;;;;;;;;;;;;;;;;;;;;;;;;;;;;;;;;;;;;;;;;;
05:04:57;12;76;9999;074;999;09;111111111111000000000000;000000000000000000000000;11101000;000;_;e;10;110000000000000000000000;____;01;041;090;023;041;044;047;0425655734;;;;;;;;;;;;;;;;;;;;;;;;;;;;;;;;;;;;;;;;;;;;;;;;;;
05:07:34;12;77;9999;075;999;09;111111111111000000000000;000000000000000000000000;11101000;000;_;e;10;000011110000000000000000;____;06;045;056;022;045;050;124;0425657434;;;;;;;;;;;;;;;;;;;;;;;;;;;;;;;;;;;;;;;;;;;;;;;;;;
05:17:14;12;78;9999;063;999;09;111111111111000000000000;000000000000000000000000;11101000;000;_;e;10;000101001000000000000000;____;09;011;083;023;009;043;031;0425655739;;;;;;;;;;;;;;;;;;;;;;;;;;;;;;;;;;;;;;;;;;;;;;;;;;
05:20:40;12;79;9999;057;999;09;111111111111000000000000;000000000000000000000000;11101000;000;_;e;10;110100010100000000000000;____;10;-03;086;009;-03;036;117;0425656156;;;;;;;;;;;;;;;;;;;;;;;;;;;;;;;;;;;;;;;;;;;;;;;;;;
05:21:31;12;80;9999;059;999;09;111111111111000000000000;000000000000000000000000;11101000;000;_;e;10;001111000101000000000000;____;10;-02;087;001;-10;004;164;0425656155;;;;;;;;;;;;;;;;;;;;;;;;;;;;;;;;;;;;;;;;;;;;;;;;;;
05:22:14;12;81;9999;067;999;09;111111111111000000000000;000000000000000000000000;11101000;000;_;e;10;011000000001000000000000;____;12;005;085;004;005;044;021;0425656157;;;;;;;;;;;;;;;;;;;;;;;;;;;;;;;;;;;;;;;;;;;;;;;;;;
05:25:50;12;82;9999;078;999;09;111111111111000000000000;000000000000000000000000;11101000;000;_;e;10;001001000000000000000000;____;03;048;063;027;048;050;012;0425656161;;;;;;;;;;;;;;;;;;;;;;;;;;;;;;;;;;;;;;;;;;;;;;;;;;
05:26:08;12;83;9999;057;999;09;111111111111000000000000;000000000000000000000000;11101000;000;_;e;10;010000001000000000000000;____;09;040;098;008;039;040;022;0425656160;;;;;;;;;;;;;;;;;;;;;;;;;;;;;;;;;;;;;;;;;;;;;;;;;;
05:28:07;12;84;9999;078;999;09;111111111111000000000000;000000000000000000000000;11101000;000;_;e;10;001111001000000000000000;____;05;025;075;035;025;052;092;0425654771;;;;;;;;;;;;;;;;;;;;;;;;;;;;;;;;;;;;;;;;;;;;;;;;;;
05:30:36;12;85;9999;077;999;09;111111111111000000000000;000000000000000000000000;11101000;000;_;e;10;001111000000000000000000;____;06;070;061;009;069;076;063;0425656164;;;;;;;;;;;;;;;;;;;;;;;;;;;;;;;;;;;;;;;;;;;;;;;;;;
05:34:39;12;86;9999;077;999;09;111111111111000000000000;000000000000000000000000;11101000;000;_;e;10;001111001100000000000000;____;03;025;075;025;017;049;154;0425656165;;;;;;;;;;;;;;;;;;;;;;;;;;;;;;;;;;;;;;;;;;;;;;;;;;
05:37:48;12;87;9999;075;999;09;111111111111000000000000;000000000000000000000000;11101000;000;_;e;10;001101000000000000000000;____;04;046;083;025;044;046;077;0425657437;;;;;;;;;;;;;;;;;;;;;;;;;;;;;;;;;;;;;;;;;;;;;;;;;;
05:38:25;12;88;9999;066;999;09;111111111111000000000000;000000000000000000000000;11101000;000;_;e;10;000000000100000000000000;____;10;005;070;021;004;005;042;0425655475;;;;;;;;;;;;;;;;;;;;;;;;;;;;;;;;;;;;;;;;;;;;;;;;;;
05:40:20;12;89;9999;075;999;09;111111111111000000000000;000000000000000000000000;11101000;000;_;e;10;101111001100000000000000;____;04;036;077;028;009;037;091;0425657438;;;;;;;;;;;;;;;;;;;;;;;;;;;;;;;;;;;;;;;;;;;;;;;;;;
05:41:03;12;90;9999;054;999;09;111111111111000000000000;000000000000000000000000;11101000;000;_;e;10;000000000101000000000000;____;10;-02;082;005;-04;-02;016;0425651191;;;;;;;;;;;;;;;;;;;;;;;;;;;;;;;;;;;;;;;;;;;;;;;;;;
05:42:19;12;91;9999;067;999;09;111111111111000000000000;000000000000000000000000;11101000;000;_;e;10;000001000100000000000000;____;10;-03;073;026;-03;018;038;0425654774;;;;;;;;;;;;;;;;;;;;;;;;;;;;;;;;;;;;;;;;;;;;;;;;;;
05:44:40;12;92;9999;075;999;09;111111111111000000000000;000000000000000000000000;11101000;000;_;e;10;001111001100000000000000;____;04;039;055;025;027;041;069;0425657440;;;;;;;;;;;;;;;;;;;;;;;;;;;;;;;;;;;;;;;;;;;;;;;;;;
05:44:58;12;93;9999;075;999;09;111111111111000000000000;000000000000000000000000;11101000;000;_;e;10;011110000000000000000000;____;03;056;085;018;051;057;049;0425657439;;;;;;;;;;;;;;;;;;;;;;;;;;;;;;;;;;;;;;;;;;;;;;;;;;
05:46:53;12;94;9999;056;999;09;111111111111000000000000;000000000000000000000000;11101000;000;_;e;10;101111000000000000000000;____;06;023;084;039;017;024;106;0425655477;;;;;;;;;;;;;;;;;;;;;;;;;;;;;;;;;;;;;;;;;;;;;;;;;;
05:47:31;12;95;9999;074;999;09;111111111111000000000000;000000000000000000000000;11101000;000;_;e;10;000011001000000000000000;____;06;019;052;037;019;023;058;0425655749;;;;;;;;;;;;;;;;;;;;;;;;;;;;;;;;;;;;;;;;;;;;;;;;;;
05:47:36;12;96;9999;068;378;09;111111111111000000000000;000000000000000000000000;11101000;000;_;e;10;111100001100000000000000;____;09;030;081;047;029;052;073;0425655478;;;;;;;;;;;;;;;;;;;;;;;;;;;;;;;;;;;;;;;;;;;;;;;;;;
05:50:05;12;97;9999;051;999;09;111111111111000000000000;000000000000000000000000;11101000;000;_;e;10;110010001000000000000000;____;01;029;103;006;003;032;045;0425657441;;;;;;;;;;;;;;;;;;;;;;;;;;;;;;;;;;;;;;;;;;;;;;;;;;
05:50:17;12;98;9999;075;999;09;111111111111000000000000;000000000000000000000000;11101000;000;_;e;10;001110001100000000000000;____;10;036;075;029;030;042;075;0425655751;;;;;;;;;;;;;;;;;;;;;;;;;;;;;;;;;;;;;;;;;;;;;;;;;;
05:52:09;12;99;9999;062;999;09;111111111111000000000000;000000000000000000000000;11101000;000;_;e;10;100000000001000000000000;____;12;002;080;004;002;034;024;0425657442;;;;;;;;;;;;;;;;;;;;;;;;;;;;;;;;;;;;;;;;;;;;;;;;;;
05:52:26;12;01;9999;075;999;09;111111111111000000000000;000000000000000000000000;11101000;000;_;e;10;001111000100000000000000;____;03;041;062;028;041;046;118;0425651194;;;;;;;;;;;;;;;;;;;;;;;;;;;;;;;;;;;;;;;;;;;;;;;;;;
05:54:34;12;02;9999;062;999;09;111111111111000000000000;000000000000000000000000;11101000;000;_;e;10;010100000111000000000000;____;10;-09;068;008;-09;019;055;0425655375;;;;;;;;;;;;;;;;;;;;;;;;;;;;;;;;;;;;;;;;;;;;;;;;;;
05:56:25;12;03;9999;080;999;09;111111111111000000000000;000000000000000000000000;11101000;000;_;e;10;000011010000000000000000;____;05;039;049;020;028;041;024;0425655752;;;;;;;;;;;;;;;;;;;;;;;;;;;;;;;;;;;;;;;;;;;;;;;;;;
05:56:40;12;04;9999;056;999;09;111111111111000000000000;000000000000000000000000;11101000;000;_;e;10;100000000101000000000000;____;01;033;096;004;001;033;010;0425657444;;;;;;;;;;;;;;;;;;;;;;;;;;;;;;;;;;;;;;;;;;;;;;;;;;
05:57:03;12;05;9999;060;999;09;111111111111000000000000;000000000000000000000000;11101000;000;_;e;10;000100001101000000000000;____;10;-04;082;010;-05;018;076;0425654776;;;;;;;;;;;;;;;;;;;;;;;;;;;;;;;;;;;;;;;;;;;;;;;;;;
05:58:45;12;06;9999;075;999;09;111111111111000000000000;000000000000000000000000;11101000;000;_;e;10;101111001100000000000000;____;05;038;055;029;016;042;093;0425656169;;;;;;;;;;;;;;;;;;;;;;;;;;;;;;;;;;;;;;;;;;;;;;;;;;
05:59:11;12;07;9999;045;999;09;111111111111000000000000;000000000000000000000000;11010000;000;_;;;;;;;;;;;;;;;;;;;;;;;;;;;;;;;;;;;;;;;;;;;;;;;;;;;;;;;;;;;;;;
05:59:20;12;08;9999;084;676;08;111111111111000000000000;000000000000000000000000;11101000;000;_;e;10;110000000000000000000000;____;01;023;101;016;019;043;032;0425655483;;;;;;;;;;;;;;;;;;;;;;;;;;;;;;;;;;;;;;;;;;;;;;;;;;
06:01:44;12;09;9999;071;999;08;111111111111000000000000;000000000000000000000000;11101000;000;_;e;10;110000001000000000000000;____;01;048;100;020;015;050;062;0425658502;;;;;;;;;;;;;;;;;;;;;;;;;;;;;;;;;;;;;;;;;;;;;;;;;;
06:02:31;12;10;9999;072;999;09;111111111111000000000000;000000000000000000000000;11101000;000;_;e;10;000100010101000000000000;____;04;012;075;003;009;029;035;0425655753;;;;;;;;;;;;;;;;;;;;;;;;;;;;;;;;;;;;;;;;;;;;;;;;;;
06:02:49;12;11;9999;067;999;09;111111111111000000000000;000000000000000000000000;11001000;000;_;e;10;001111001111000000000000;____;03;026;040;002;019;035;072;0425294451;002;074;004;001;003;024;0425656180;;;;;;;;;;;;;;;;;;;;;;;;;;;;;;;;;;;;;;;;;;;
06:02:53;12;12;9999;078;349;09;111111111111000000000000;000000000000000000000000;11101000;000;_;e;10;001100000101000000000000;____;10;-07;069;013;-08;-03;086;0425655376;;;;;;;;;;;;;;;;;;;;;;;;;;;;;;;;;;;;;;;;;;;;;;;;;;
06:04:22;12;13;9999;051;999;09;111111111111000000000000;000000000000000000000000;11101000;000;_;e;10;010110000100000000000000;____;04;002;079;022;-05;009;066;0425657448;;;;;;;;;;;;;;;;;;;;;;;;;;;;;;;;;;;;;;;;;;;;;;;;;;
06:06:04;12;14;9999;074;999;09;111111111111000000000000;000000000000000000000000;11101000;000;_;e;10;110111000000000000000000;____;01;045;100;025;036;053;072;0425655755;;;;;;;;;;;;;;;;;;;;;;;;;;;;;;;;;;;;;;;;;;;;;;;;;;
06:08:30;12;15;9999;065;999;09;111111111111000000000000;000000000000000000000000;11101000;000;_;e;10;110100000101000000000000;____;10;-05;081;006;-05;017;122;0425658504;;;;;;;;;;;;;;;;;;;;;;;;;;;;;;;;;;;;;;;;;;;;;;;;;;
06:09:19;12;16;9999;054;999;09;111111111111000000000000;000000000000000000000000;11101000;000;_;e;10;000011011001000000000000;____;09;053;063;007;042;053;099;0425654783;;;;;;;;;;;;;;;;;;;;;;;;;;;;;;;;;;;;;;;;;;;;;;;;;;
06:09:21;12;17;9999;075;143;09;111111111111000000000000;000000000000000000000000;11101000;000;_;e;10;000000001100000000000000;____;10;052;077;028;048;052;053;0425658505;;;;;;;;;;;;;;;;;;;;;;;;;;;;;;;;;;;;;;;;;;;;;;;;;;
06:16:20;12;18;9999;064;999;09;111111111111000000000000;000000000000000000000000;11101000;000;_;e;10;111000000001000000000000;____;02;040;098;011;026;048;024;0425658507;;;;;;;;;;;;;;;;;;;;;;;;;;;;;;;;;;;;;;;;;;;;;;;;;;
06:17:02;12;19;9999;063;999;09;111111111111000000000000;000000000000000000000000;11101000;000;_;e;10;000000110100000000000000;____;08;038;043;016;037;074;032;0425658508;;;;;;;;;;;;;;;;;;;;;;;;;;;;;;;;;;;;;;;;;;;;;;;;;;
06:24:55;12;20;9999;076;999;08;111111111111000000000000;000000000000000000000000;11101000;000;_;e;10;110000001101000000000000;____;02;036;098;005;-01;037;040;0425659001;;;;;;;;;;;;;;;;;;;;;;;;;;;;;;;;;;;;;;;;;;;;;;;;;;
06:25:37;12;21;9999;070;999;08;111111111111000000000000;000000000000000000000000;11101000;000;_;e;10;101011000001000000000000;____;01;040;095;024;018;045;057;0425659002;;;;;;;;;;;;;;;;;;;;;;;;;;;;;;;;;;;;;;;;;;;;;;;;;;
06:26:20;12;22;9999;075;999;09;111111111111000000000000;000000000000000000000000;11101000;000;_;e;10;001111111100000000000000;____;05;031;061;039;008;036;130;0425659004;;;;;;;;;;;;;;;;;;;;;;;;;;;;;;;;;;;;;;;;;;;;;;;;;;
06:27:45;12;23;9999;074;999;09;111111111111000000000000;000000000000000000000000;11101000;000;_;e;10;001111110000000000000000;____;06;040;058;031;037;042;040;0425659005;;;;;;;;;;;;;;;;;;;;;;;;;;;;;;;;;;;;;;;;;;;;;;;;;;
06:29:48;12;24;9999;055;999;09;111111111111000000000000;000000000000000000000000;11101000;000;_;e;10;111000000100000000000000;____;02;015;098;006;012;034;015;0425658518;;;;;;;;;;;;;;;;;;;;;;;;;;;;;;;;;;;;;;;;;;;;;;;;;;
06:32:01;12;25;9999;080;999;09;111111111111000000000000;000000000000000000000000;11101000;000;_;e;10;001100001101000000000000;____;04;044;102;030;003;045;045;0425659007;;;;;;;;;;;;;;;;;;;;;;;;;;;;;;;;;;;;;;;;;;;;;;;;;;
06:32:21;12;26;9999;064;999;09;111111111111000000000000;000000000000000000000000;11101000;000;_;e;10;110000000000000000000000;____;01;033;101;013;020;036;034;0425655760;;;;;;;;;;;;;;;;;;;;;;;;;;;;;;;;;;;;;;;;;;;;;;;;;;
06:33:51;12;27;9999;079;999;09;111111111111000000000000;000000000000000000000000;11101000;000;_;e;10;000011111000000000000000;____;05;049;054;030;027;059;085;0425659010;;;;;;;;;;;;;;;;;;;;;;;;;;;;;;;;;;;;;;;;;;;;;;;;;;
06:39:03;12;28;9999;089;999;09;111111111111000000000000;000000000000000000000000;11101000;000;_;e;10;110000001001000000000000;____;01;054;098;015;053;075;040;0425659016;;;;;;;;;;;;;;;;;;;;;;;;;;;;;;;;;;;;;;;;;;;;;;;;;;
06:39:58;12;29;9999;074;999;09;111111111111000000000000;000000000000000000000000;11101000;000;_;e;10;000111001100000000000000;____;05;039;056;026;035;043;101;0425659017;;;;;;;;;;;;;;;;;;;;;;;;;;;;;;;;;;;;;;;;;;;;;;;;;;
06:44:06;12;30;9999;059;999;09;111111111111000000000000;000000000000000000000000;11101000;000;_;e;10;010100000111000000000000;____;10;-07;067;009;-07;025;081;0425655386;;;;;;;;;;;;;;;;;;;;;;;;;;;;;;;;;;;;;;;;;;;;;;;;;;
06:46:13;12;31;9999;060;999;09;111111111111000000000000;000000000000000000000000;11101000;000;_;e;10;000100111000000000000000;____;09;035;064;034;015;035;049;0425655387;;;;;;;;;;;;;;;;;;;;;;;;;;;;;;;;;;;;;;;;;;;;;;;;;;
06:59:53;12;32;9999;074;999;09;111111111111000000000000;000000000000000000000000;11101000;000;_;e;10;010010000101000000000000;____;10;005;073;003;-09;054;044;0425657460;;;;;;;;;;;;;;;;;;;;;;;;;;;;;;;;;;;;;;;;;;;;;;;;;;
07:08:10;12;33;9999;062;999;09;111111111111000000000000;000000000000000000000000;11101000;000;_;e;10;101100001000000000000000;____;03;036;088;041;035;043;053;0425659202;;;;;;;;;;;;;;;;;;;;;;;;;;;;;;;;;;;;;;;;;;;;;;;;;;
07:27:14;12;34;9999;075;999;08;111111111111000000000000;000000000000000000000000;11101000;000;_;e;10;001110001100000000000000;____;10;035;073;036;034;040;137;0425659508;;;;;;;;;;;;;;;;;;;;;;;;;;;;;;;;;;;;;;;;;;;;;;;;;;
07:41:54;12;35;9999;064;999;09;111111111111000000000000;000000000000000000000000;11101000;000;_;e;10;111100000000000000000000;____;04;033;087;047;032;042;033;0425659700;;;;;;;;;;;;;;;;;;;;;;;;;;;;;;;;;;;;;;;;;;;;;;;;;;
07:53:05;12;36;9999;058;999;09;111111111111000000000000;000000000000000000000000;11101000;000;_;e;10;001111001100000000000000;____;10;018;070;022;016;043;208;0425659218;;;;;;;;;;;;;;;;;;;;;;;;;;;;;;;;;;;;;;;;;;;;;;;;;;
08:13:34;12;37;9999;075;999;08;111111111111000000000000;000000000000000000000000;11101000;000;_;e;10;001111000101000000000000;____;10;002;073;010;-07;033;142;0425659120;;;;;;;;;;;;;;;;;;;;;;;;;;;;;;;;;;;;;;;;;;;;;;;;;;
08:34:23;12;38;9999;078;999;09;111111111111000000000000;000000000000000000000000;11101000;000;_;e;10;110100100000000000000000;____;02;041;071;043;033;043;071;0425659248;;;;;;;;;;;;;;;;;;;;;;;;;;;;;;;;;;;;;;;;;;;;;;;;;;
08:36:33;12;39;9999;075;999;09;111111111111000000000000;000000000000000000000000;11101000;000;_;e;10;000011111000000000000000;____;08;039;040;023;029;039;065;0425659246;;;;;;;;;;;;;;;;;;;;;;;;;;;;;;;;;;;;;;;;;;;;;;;;;;
09:11:12;12;40;9999;074;999;09;111111111111000000000000;000000000000000000000000;11101000;000;_;e;10;001111101000000000000000;____;07;037;049;036;035;063;169;0425659146;;;;;;;;;;;;;;;;;;;;;;;;;;;;;;;;;;;;;;;;;;;;;;;;;;
10:18:08;12;41;9999;052;999;09;111111111111000000000000;000000000000000000000000;11101000;000;_;e;10;010000000100000000000000;____;02;-05;091;011;-05;022;021;0425660111;;;;;;;;;;;;;;;;;;;;;;;;;;;;;;;;;;;;;;;;;;;;;;;;;;
10:18:48;12;42;9999;048;999;09;111111111111000000000000;000000000000000000000000;11101000;000;_;e;10;000000000100000000000000;____;10;-06;071;007;-06;-05;032;0425660112;;;;;;;;;;;;;;;;;;;;;;;;;;;;;;;;;;;;;;;;;;;;;;;;;;
10:28:36;12;43;9999;076;999;09;111111111111000000000000;000000000000000000000000;11101000;000;_;e;10;000010100100000000000000;____;07;037;045;038;036;037;092;0425660116;;;;;;;;;;;;;;;;;;;;;;;;;;;;;;;;;;;;;;;;;;;;;;;;;;
10:32:18;12;44;9999;074;999;09;111111111111000000000000;000000000000000000000000;11101000;000;_;e;10;001111001100000000000000;____;05;038;071;024;038;044;192;0425660115;;;;;;;;;;;;;;;;;;;;;;;;;;;;;;;;;;;;;;;;;;;;;;;;;;
10:37:50;12;45;9999;068;999;09;111111111111000000000000;000000000000000000000000;11101000;000;_;e;10;000000101100000000000000;____;10;001;079;020;001;031;040;0425617373;;;;;;;;;;;;;;;;;;;;;;;;;;;;;;;;;;;;;;;;;;;;;;;;;;
10:55:53;12;46;9999;072;999;09;111111111111000000000000;000000000000000000000000;11101000;000;_;e;10;101000000000000000000000;____;01;030;100;013;026;030;040;0425660124;;;;;;;;;;;;;;;;;;;;;;;;;;;;;;;;;;;;;;;;;;;;;;;;;;
11:10:13;12;47;9999;050;999;09;111111111111000000000000;000000000000000000000000;11101000;000;_;e;10;000110000100000000000000;____;04;-03;078;022;-06;-02;030;0425654836;;;;;;;;;;;;;;;;;;;;;;;;;;;;;;;;;;;;;;;;;;;;;;;;;;
11:11:45;12;48;9999;074;999;09;111111111111000000000000;000000000000000000000000;11101000;000;_;e;10;111000000000000000000000;____;03;048;080;029;046;051;025;0425654837;;;;;;;;;;;;;;;;;;;;;;;;;;;;;;;;;;;;;;;;;;;;;;;;;;
11:19:12;12;49;9999;057;999;09;111111111111000000000000;000000000000000000000000;11101000;000;_;e;10;111111001001000000000000;____;04;-05;081;008;-10;024;136;0425660613;;;;;;;;;;;;;;;;;;;;;;;;;;;;;;;;;;;;;;;;;;;;;;;;;;
11:19:33;12;50;9999;063;999;09;111111111111000000000000;000000000000000000000000;11101000;000;_;e;10;110000000000000000000000;____;01;033;101;011;032;034;061;0425617379;;;;;;;;;;;;;;;;;;;;;;;;;;;;;;;;;;;;;;;;;;;;;;;;;;
11:20:03;12;51;9999;060;999;09;111111111111000000000000;000000000000000000000000;11101000;000;_;e;10;010110001000000000000000;____;09;014;076;015;007;032;015;0425660614;;;;;;;;;;;;;;;;;;;;;;;;;;;;;;;;;;;;;;;;;;;;;;;;;;
11:23:45;12;52;9999;074;999;09;111111111111000000000000;000000000000000000000000;11101000;000;_;e;10;001111001000000000000000;____;09;064;059;003;013;064;042;0425660615;;;;;;;;;;;;;;;;;;;;;;;;;;;;;;;;;;;;;;;;;;;;;;;;;;
11:26:21;12;53;9999;053;999;08;111111111111000000000000;000000000000000000000000;11101000;000;_;e;10;000000001111000000000000;____;09;060;053;015;022;060;016;0425654842;;;;;;;;;;;;;;;;;;;;;;;;;;;;;;;;;;;;;;;;;;;;;;;;;;
11:39:24;12;54;9999;077;999;09;111111111111000000000000;000000000000000000000000;11101000;000;_;e;10;001001001000000000000000;____;06;035;059;027;034;036;030;0425659704;;;;;;;;;;;;;;;;;;;;;;;;;;;;;;;;;;;;;;;;;;;;;;;;;;
11:41:16;12;55;9999;071;999;09;111111111111000000000000;000000000000000000000000;11101000;000;_;e;10;010000000100000000000000;____;10;003;079;005;001;004;025;0425659706;;;;;;;;;;;;;;;;;;;;;;;;;;;;;;;;;;;;;;;;;;;;;;;;;;
11:41:46;12;56;9999;074;999;09;111111111111000000000000;000000000000000000000000;11101000;000;_;e;10;001101001101000000000000;____;09;074;066;022;065;078;084;0425654848;;;;;;;;;;;;;;;;;;;;;;;;;;;;;;;;;;;;;;;;;;;;;;;;;;
11:43:28;12;57;9999;056;999;09;111111111111000000000000;000000000000000000000000;11101000;000;_;e;10;000010001100000000000000;____;09;063;074;016;059;063;076;0425656191;;;;;;;;;;;;;;;;;;;;;;;;;;;;;;;;;;;;;;;;;;;;;;;;;;
11:43:33;12;58;9999;074;303;09;111111111111000000000000;000000000000000000000000;11101000;000;_;e;10;011111110100000000000000;____;07;042;044;045;027;050;124;0425654849;;;;;;;;;;;;;;;;;;;;;;;;;;;;;;;;;;;;;;;;;;;;;;;;;;
11:56:49;12;59;9999;075;999;09;111111111111000000000000;000000000000000000000000;11101000;000;_;e;10;000011000100000000000000;____;05;042;058;020;039;057;052;0425659710;;;;;;;;;;;;;;;;;;;;;;;;;;;;;;;;;;;;;;;;;;;;;;;;;;
12:05:01;12;60;9999;075;999;09;111111111111000000000000;000000000000000000000000;11101000;000;_;e;10;000000000100000000000000;____;10;009;070;016;009;009;005;0425659716;;;;;;;;;;;;;;;;;;;;;;;;;;;;;;;;;;;;;;;;;;;;;;;;;;
12:05:35;12;61;9999;075;999;09;111111111111000000000000;000000000000000000000000;11101000;000;_;e;10;011100000100000000000000;____;03;040;078;031;036;040;117;0425654858;;;;;;;;;;;;;;;;;;;;;;;;;;;;;;;;;;;;;;;;;;;;;;;;;;
12:06:43;12;62;9999;053;999;09;111111111111000000000000;000000000000000000000000;11101000;000;_;e;10;110100000000000000000000;____;01;-05;098;019;-07;018;037;0425660646;;;;;;;;;;;;;;;;;;;;;;;;;;;;;;;;;;;;;;;;;;;;;;;;;;
12:11:33;12;63;9999;087;999;09;111111111111000000000000;000000000000000000000000;11101000;000;_;e;10;110001001000000000000000;____;06;061;096;019;058;066;141;0425654860;;;;;;;;;;;;;;;;;;;;;;;;;;;;;;;;;;;;;;;;;;;;;;;;;;
12:19:27;12;64;9999;077;999;09;111111111111000000000000;000000000000000000000000;11101000;000;_;e;10;001111001100000000000000;____;10;075;068;022;024;084;070;0425659721;;;;;;;;;;;;;;;;;;;;;;;;;;;;;;;;;;;;;;;;;;;;;;;;;;
12:32:41;12;65;9999;063;999;09;111111111111000000000000;000000000000000000000000;11101000;000;_;e;10;110000000000000000000000;____;01;030;101;008;030;033;033;0425654878;;;;;;;;;;;;;;;;;;;;;;;;;;;;;;;;;;;;;;;;;;;;;;;;;;
12:33:55;12;66;9999;076;999;09;111111111111000000000000;000000000000000000000000;11101000;000;_;e;10;001111101100000000000000;____;03;042;079;037;024;044;087;0425655553;;;;;;;;;;;;;;;;;;;;;;;;;;;;;;;;;;;;;;;;;;;;;;;;;;
12:34:55;12;67;9999;057;999;09;111111111111000000000000;000000000000000000000000;11101000;000;_;e;10;000011110010000000000000;____;07;035;047;015;009;036;056;0425655554;;;;;;;;;;;;;;;;;;;;;;;;;;;;;;;;;;;;;;;;;;;;;;;;;;
12:36:07;12;68;9999;073;999;09;111111111111000000000000;000000000000000000000000;11101000;000;_;e;10;000110001101000000000000;____;10;002;083;006;000;055;076;0425654880;;;;;;;;;;;;;;;;;;;;;;;;;;;;;;;;;;;;;;;;;;;;;;;;;;
12:42:34;12;69;9999;055;999;09;111111111111000000000000;000000000000000000000000;11101000;000;_;e;10;111000001100000000000000;____;01;022;082;036;009;027;048;0425655556;;;;;;;;;;;;;;;;;;;;;;;;;;;;;;;;;;;;;;;;;;;;;;;;;;
12:49:11;12;70;9999;059;999;09;111111111111000000000000;000000000000000000000000;11101000;000;_;e;10;001111001101000000000000;____;10;-07;076;006;-13;001;214;0425654887;;;;;;;;;;;;;;;;;;;;;;;;;;;;;;;;;;;;;;;;;;;;;;;;;;
12:59:00;12;71;9999;051;999;09;111111111111000000000000;000000000000000000000000;11101000;000;_;e;10;001111001101000000000000;____;09;065;063;018;057;067;208;0425654894;;;;;;;;;;;;;;;;;;;;;;;;;;;;;;;;;;;;;;;;;;;;;;;;;;
13:01:12;12;72;9999;074;999;09;111111111111000000000000;000000000000000000000000;11101000;000;_;e;10;111110100000000000000000;____;03;047;088;020;037;056;058;0425654896;;;;;;;;;;;;;;;;;;;;;;;;;;;;;;;;;;;;;;;;;;;;;;;;;;
13:07:14;12;73;9999;081;999;09;111111111111000000000000;000000000000000000000000;11101000;000;_;e;10;000111110100000000000000;____;08;040;035;026;037;049;109;0425659748;;;;;;;;;;;;;;;;;;;;;;;;;;;;;;;;;;;;;;;;;;;;;;;;;;
13:23:22;12;74;9999;069;999;09;111111111111000000000000;000000000000000000000000;11101000;000;_;e;10;101100000100000000000000;____;10;019;074;018;019;034;076;0425658549;;;;;;;;;;;;;;;;;;;;;;;;;;;;;;;;;;;;;;;;;;;;;;;;;;
13:25:53;12;75;9999;078;999;09;111111111111000000000000;000000000000000000000000;11101000;000;_;e;10;001111001100000000000000;____;03;052;073;026;049;053;089;0425659756;;;;;;;;;;;;;;;;;;;;;;;;;;;;;;;;;;;;;;;;;;;;;;;;;;
13:28:43;12;76;9999;076;999;09;111111111111000000000000;000000000000000000000000;11101000;000;_;e;10;000100000000000000000000;____;04;054;058;026;054;054;004;0425659757;;;;;;;;;;;;;;;;;;;;;;;;;;;;;;;;;;;;;;;;;;;;;;;;;;
13:33:28;12;77;9999;074;999;08;111111111111000000000000;000000000000000000000000;11101000;000;_;e;10;001111001100000000000000;____;03;043;062;026;020;045;128;0425655561;;;;;;;;;;;;;;;;;;;;;;;;;;;;;;;;;;;;;;;;;;;;;;;;;;
13:44:55;12;78;9999;075;999;09;111111111111000000000000;000000000000000000000000;11101000;000;_;e;10;001100000100000000000000;____;04;007;074;039;005;067;098;0425659759;;;;;;;;;;;;;;;;;;;;;;;;;;;;;;;;;;;;;;;;;;;;;;;;;;
14:00:01;12;79;9999;050;999;09;111111111111000000000000;000000000000000000000000;11101000;000;_;e;10;001110011110000000000000;____;03;021;052;014;007;024;125;0425655565;;;;;;;;;;;;;;;;;;;;;;;;;;;;;;;;;;;;;;;;;;;;;;;;;;
14:24:08;12;80;9999;077;999;09;111111111111000000000000;000000000000000000000000;11101000;000;_;e;10;110000000000000000000000;____;01;041;101;014;041;043;065;0425655570;;;;;;;;;;;;;;;;;;;;;;;;;;;;;;;;;;;;;;;;;;;;;;;;;;
14:25:30;12;81;9999;054;999;09;111111111111000000000000;000000000000000000000000;11101000;000;_;e;10;010000000100000000000000;____;02;030;097;004;001;030;019;0425655573;;;;;;;;;;;;;;;;;;;;;;;;;;;;;;;;;;;;;;;;;;;;;;;;;;
15:35:40;12;82;9999;074;999;08;111111111111000000000000;000000000000000000000000;11101000;000;_;e;10;001111001100000000000000;____;03;045;044;034;044;048;083;0425659270;;;;;;;;;;;;;;;;;;;;;;;;;;;;;;;;;;;;;;;;;;;;;;;;;;
15:36:08;12;83;9999;071;999;08;111111111111000000000000;000000000000000000000000;11101000;000;_;e;10;000010101100000000000000;____;10;001;074;007;-02;023;021;0425659269;;;;;;;;;;;;;;;;;;;;;;;;;;;;;;;;;;;;;;;;;;;;;;;;;;
15:42:57;12;84;9999;078;999;09;111111111111000000000000;000000000000000000000000;11101000;000;_;e;10;110100000000000000000000;____;02;042;100;024;040;045;024;0425655765;;;;;;;;;;;;;;;;;;;;;;;;;;;;;;;;;;;;;;;;;;;;;;;;;;
15:43:14;12;85;9999;080;999;08;111111111111000000000000;000000000000000000000000;11101000;000;_;e;10;001111001100000000000000;____;04;036;079;037;030;044;151;0425655766;;;;;;;;;;;;;;;;;;;;;;;;;;;;;;;;;;;;;;;;;;;;;;;;;;
15:57:48;12;86;9999;059;999;08;111111111111000000000000;000000000000000000000000;11101000;000;_;e;10;001111001100000000000000;____;04;056;051;018;040;057;125;0425655770;;;;;;;;;;;;;;;;;;;;;;;;;;;;;;;;;;;;;;;;;;;;;;;;;;
15:58:37;12;87;9999;076;999;09;111111111111000000000000;000000000000000000000000;11101000;000;_;e;10;000111101100000000000000;____;05;046;065;037;034;049;089;0425655772;;;;;;;;;;;;;;;;;;;;;;;;;;;;;;;;;;;;;;;;;;;;;;;;;;
16:01:44;12;88;9999;079;999;08;111111111111000000000000;000000000000000000000000;11010000;000;_;;;;;;;;;;;;;;;;;;;;;;;;;;;;;;;;;;;;;;;;;;;;;;;;;;;;;;;;;;;;;;
16:03:18;12;89;9999;076;999;09;111111111111000000000000;000000000000000000000000;11101000;000;_;e;10;001111001100000000000000;____;03;064;075;003;013;065;086;0425655779;;;;;;;;;;;;;;;;;;;;;;;;;;;;;;;;;;;;;;;;;;;;;;;;;;
16:06:09;12;90;9999;075;999;09;111111111111000000000000;000000000000000000000000;11101000;000;_;e;10;000011111000000000000000;____;06;042;058;030;042;046;076;0425659035;;;;;;;;;;;;;;;;;;;;;;;;;;;;;;;;;;;;;;;;;;;;;;;;;;
16:13:45;12;91;9999;052;999;09;111111111111000000000000;000000000000000000000000;11101000;000;_;e;10;000000101100000000000000;____;07;031;057;011;015;038;036;0425655782;;;;;;;;;;;;;;;;;;;;;;;;;;;;;;;;;;;;;;;;;;;;;;;;;;
16:15:27;12;92;9999;057;999;09;111111111111000000000000;000000000000000000000000;11101000;000;_;e;10;100011000100000000000000;____;10;003;072;021;003;032;053;0425659280;;;;;;;;;;;;;;;;;;;;;;;;;;;;;;;;;;;;;;;;;;;;;;;;;;
16:19:13;12;93;9999;075;999;09;111111111111000000000000;000000000000000000000000;11101000;000;_;e;10;001111101100000000000000;____;09;043;059;032;040;044;137;0425657470;;;;;;;;;;;;;;;;;;;;;;;;;;;;;;;;;;;;;;;;;;;;;;;;;;
16:25:32;12;94;9999;042;999;09;111111111111000000000000;000000000000000000000000;11101000;000;_;e;10;000000001101000000000000;____;10;-04;069;020;-04;023;042;0425655786;;;;;;;;;;;;;;;;;;;;;;;;;;;;;;;;;;;;;;;;;;;;;;;;;;
16:30:26;12;95;9999;066;999;09;111111111111000000000000;000000000000000000000000;11010000;000;_;;;;;;;;;;;;;;;;;;;;;;;;;;;;;;;;;;;;;;;;;;;;;;;;;;;;;;;;;;;;;;
16:33:43;12;96;9999;071;999;09;111111111111000000000000;000000000000000000000000;11101000;000;_;e;10;000000110000000000000000;____;08;048;038;009;030;050;033;0425659286;;;;;;;;;;;;;;;;;;;;;;;;;;;;;;;;;;;;;;;;;;;;;;;;;;
16:35:30;12;97;9999;079;999;09;111111111111000000000000;000000000000000000000000;11101000;000;_;e;10;000001000100000000000000;____;10;017;056;024;017;041;040;0425655793;;;;;;;;;;;;;;;;;;;;;;;;;;;;;;;;;;;;;;;;;;;;;;;;;;
16:38:54;12;98;9999;079;999;09;111111111111000000000000;000000000000000000000000;11101000;000;_;e;10;101010101100000000000000;____;03;008;043;001;008;039;056;0425655794;;;;;;;;;;;;;;;;;;;;;;;;;;;;;;;;;;;;;;;;;;;;;;;;;;
16:41:10;12;99;9999;075;999;09;111111111111000000000000;000000000000000000000000;11101000;000;_;e;10;001110000100000000000000;____;04;034;083;002;028;034;095;0425659291;;;;;;;;;;;;;;;;;;;;;;;;;;;;;;;;;;;;;;;;;;;;;;;;;;
16:46:27;12;01;9999;072;999;09;111111111111000000000000;000000000000000000000000;11101000;000;_;e;10;101101001000000000000000;____;03;038;069;046;037;051;091;0425655796;;;;;;;;;;;;;;;;;;;;;;;;;;;;;;;;;;;;;;;;;;;;;;;;;;
16:56:52;12;02;9999;054;999;08;111111111111000000000000;000000000000000000000000;11101000;000;_;e;10;110000000000000000000000;____;01;027;101;015;027;028;032;0425659154;;;;;;;;;;;;;;;;;;;;;;;;;;;;;;;;;;;;;;;;;;;;;;;;;;
16:58:00;12;03;9999;055;999;09;111111111111000000000000;000000000000000000000000;11101000;000;_;e;10;111000000000000000000000;____;03;036;094;006;005;036;053;0425659155;;;;;;;;;;;;;;;;;;;;;;;;;;;;;;;;;;;;;;;;;;;;;;;;;;
17:03:24;12;04;9999;075;999;09;111111111111000000000000;000000000000000000000000;11101000;000;_;e;10;001101001000000000000000;____;03;038;065;039;038;043;090;0425659156;;;;;;;;;;;;;;;;;;;;;;;;;;;;;;;;;;;;;;;;;;;;;;;;;;
17:08:10;12;05;9999;076;999;09;111111111111000000000000;000000000000000000000000;11101000;000;_;e;10;001001001000000000000000;____;06;024;047;032;023;056;079;0425657486;;;;;;;;;;;;;;;;;;;;;;;;;;;;;;;;;;;;;;;;;;;;;;;;;;
17:09:14;12;06;9999;067;999;08;111111111111000000000000;000000000000000000000000;11101000;000;_;e;10;111100000000000000000000;____;02;034;100;025;032;036;050;0425657484;;;;;;;;;;;;;;;;;;;;;;;;;;;;;;;;;;;;;;;;;;;;;;;;;;
17:12:49;12;07;9999;077;999;09;111111111111000000000000;000000000000000000000000;11101000;000;_;e;10;001111011110000000000000;____;05;057;037;024;024;060;137;0425657488;;;;;;;;;;;;;;;;;;;;;;;;;;;;;;;;;;;;;;;;;;;;;;;;;;
17:25:59;12;08;9999;076;999;09;111111111111000000000000;000000000000000000000000;11101000;000;_;e;10;000100110000000000000000;____;07;048;040;025;046;050;062;0425657492;;;;;;;;;;;;;;;;;;;;;;;;;;;;;;;;;;;;;;;;;;;;;;;;;;
17:26:29;12;09;9999;057;999;09;111111111111000000000000;000000000000000000000000;11101000;000;_;e;10;100000000101000000000000;____;12;006;080;004;005;015;028;0425659047;;;;;;;;;;;;;;;;;;;;;;;;;;;;;;;;;;;;;;;;;;;;;;;;;;
17:28:03;12;10;9999;074;999;09;111111111111000000000000;000000000000000000000000;11101000;000;_;e;10;001111001100000000000000;____;04;053;055;035;050;054;115;0425658556;;;;;;;;;;;;;;;;;;;;;;;;;;;;;;;;;;;;;;;;;;;;;;;;;;
17:33:35;12;11;9999;065;999;09;111111111111000000000000;000000000000000000000000;11101000;000;_;e;10;001100110000000000000000;____;03;034;069;051;034;050;098;0425660143;;;;;;;;;;;;;;;;;;;;;;;;;;;;;;;;;;;;;;;;;;;;;;;;;;
17:33:40;12;12;9999;250;376;09;111111111111000000000000;000000000000000000000000;11101000;000;_;e;10;011111001000000000000000;____;04;226;062;023;225;228;060;0425660145;;;;;;;;;;;;;;;;;;;;;;;;;;;;;;;;;;;;;;;;;;;;;;;;;;
17:52:39;12;13;9999;044;999;09;111111111111000000000000;000000000000000000000000;11101000;000;_;e;10;110000000000000000000000;____;01;033;103;007;023;034;058;0425659054;;;;;;;;;;;;;;;;;;;;;;;;;;;;;;;;;;;;;;;;;;;;;;;;;;
18:02:53;12;14;9999;060;999;09;111111111111000000000000;000000000000000000000000;11101000;000;_;e;10;100010000100000000000000;____;05;-11;075;022;-11;001;043;0425659056;;;;;;;;;;;;;;;;;;;;;;;;;;;;;;;;;;;;;;;;;;;;;;;;;;
18:07:27;12;15;9999;075;999;09;111111111111000000000000;000000000000000000000000;11101000;000;_;e;10;111100000000000000000000;____;04;042;075;025;039;043;037;0425660162;;;;;;;;;;;;;;;;;;;;;;;;;;;;;;;;;;;;;;;;;;;;;;;;;;
18:09:34;12;16;9999;074;999;09;111111111111000000000000;000000000000000000000000;11101000;000;_;e;10;111100000100000000000000;____;04;035;082;037;026;037;053;0425663700;;;;;;;;;;;;;;;;;;;;;;;;;;;;;;;;;;;;;;;;;;;;;;;;;;
18:11:16;12;17;9999;075;999;09;111111111111000000000000;000000000000000000000000;11101000;000;_;e;10;011110110100000000000000;____;03;038;053;036;031;043;083;0425663701;;;;;;;;;;;;;;;;;;;;;;;;;;;;;;;;;;;;;;;;;;;;;;;;;;
18:18:35;12;18;9999;074;999;09;111111111111000000000000;000000000000000000000000;11101000;000;_;e;10;001111000100000000000000;____;06;026;050;023;025;030;073;0425659177;;;;;;;;;;;;;;;;;;;;;;;;;;;;;;;;;;;;;;;;;;;;;;;;;;
18:19:09;12;19;9999;057;999;09;111111111111000000000000;000000000000000000000000;11101000;000;_;e;10;110000000001000000000000;____;01;029;101;009;025;033;061;0425659178;;;;;;;;;;;;;;;;;;;;;;;;;;;;;;;;;;;;;;;;;;;;;;;;;;
18:21:13;12;20;9999;074;999;09;111111111111000000000000;000000000000000000000000;11101000;000;_;e;10;011100001100000000000000;____;04;037;079;039;021;042;065;0425659772;;;;;;;;;;;;;;;;;;;;;;;;;;;;;;;;;;;;;;;;;;;;;;;;;;
18:24:33;12;21;9999;066;999;09;111111111111000000000000;000000000000000000000000;11101000;000;_;e;10;001101001100000000000000;____;10;-05;078;023;-08;028;110;0425660176;;;;;;;;;;;;;;;;;;;;;;;;;;;;;;;;;;;;;;;;;;;;;;;;;;
18:25:08;12;22;9999;076;999;09;111111111111000000000000;000000000000000000000000;11101000;000;_;e;10;001111001000000000000000;____;05;049;056;026;048;053;069;0425660177;;;;;;;;;;;;;;;;;;;;;;;;;;;;;;;;;;;;;;;;;;;;;;;;;;
18:26:58;12;23;9999;077;999;09;111111111111000000000000;000000000000000000000000;11101000;000;_;e;10;101010100000000000000000;____;07;027;070;040;009;027;037;0425660178;;;;;;;;;;;;;;;;;;;;;;;;;;;;;;;;;;;;;;;;;;;;;;;;;;
18:29:40;12;24;9999;064;999;09;111111111111000000000000;000000000000000000000000;11101000;000;_;e;10;111001010000000000000000;____;02;041;093;022;033;047;058;0425660180;;;;;;;;;;;;;;;;;;;;;;;;;;;;;;;;;;;;;;;;;;;;;;;;;;
18:36:17;12;25;9999;075;999;09;111111111111000000000000;000000000000000000000000;11101000;000;_;e;10;111100000000000000000000;____;01;036;085;026;035;038;125;0425659198;;;;;;;;;;;;;;;;;;;;;;;;;;;;;;;;;;;;;;;;;;;;;;;;;;
18:41:36;12;26;9999;058;999;09;111111111111000000000000;000000000000000000000000;11101000;000;_;e;10;000100001100000000000000;____;10;-02;076;004;-02;026;057;0425663705;;;;;;;;;;;;;;;;;;;;;;;;;;;;;;;;;;;;;;;;;;;;;;;;;;
18:45:56;12;27;9999;066;999;09;111111111111000000000000;000000000000000000000000;11101000;000;_;e;10;110000001100000000000000;____;01;035;098;010;017;037;061;0425648005;;;;;;;;;;;;;;;;;;;;;;;;;;;;;;;;;;;;;;;;;;;;;;;;;;
18:47:17;12;28;9999;076;999;09;111111111111000000000000;000000000000000000000000;11101000;000;_;e;10;001011101100000000000000;____;06;033;051;044;033;045;090;0425648006;;;;;;;;;;;;;;;;;;;;;;;;;;;;;;;;;;;;;;;;;;;;;;;;;;
18:49:30;12;29;9999;077;999;08;111111111111000000000000;000000000000000000000000;11101000;000;_;e;10;001111001100000000000000;____;03;026;069;034;022;028;103;0425660189;;;;;;;;;;;;;;;;;;;;;;;;;;;;;;;;;;;;;;;;;;;;;;;;;;
18:49:42;12;30;9999;066;924;09;111111111111000000000000;000000000000000000000000;11101000;000;_;e;10;001010000000000000000000;____;03;009;078;003;-05;032;017;0425660190;;;;;;;;;;;;;;;;;;;;;;;;;;;;;;;;;;;;;;;;;;;;;;;;;;
18:52:32;12;31;9999;074;999;09;111111111111000000000000;000000000000000000000000;11101000;000;_;e;10;111110101100000000000000;____;01;024;075;036;024;041;110;0425660192;;;;;;;;;;;;;;;;;;;;;;;;;;;;;;;;;;;;;;;;;;;;;;;;;;
19:01:04;12;32;9999;065;999;09;111111111111000000000000;000000000000000000000000;11101000;000;_;e;10;101110100000000000000000;____;04;028;081;048;018;044;045;0425663711;;;;;;;;;;;;;;;;;;;;;;;;;;;;;;;;;;;;;;;;;;;;;;;;;;
19:02:25;12;33;9999;073;999;09;111111111111000000000000;000000000000000000000000;11101000;000;_;e;10;100000000100000000000000;____;01;040;102;012;002;040;016;0425664211;;;;;;;;;;;;;;;;;;;;;;;;;;;;;;;;;;;;;;;;;;;;;;;;;;
19:08:02;12;34;9999;074;999;09;111111111111000000000000;000000000000000000000000;11001000;000;_;e;10;001011001101000000000000;____;10;020;062;019;019;035;040;0425660199;029;067;004;028;051;014;0050114718;;;;;;;;;;;;;;;;;;;;;;;;;;;;;;;;;;;;;;;;;;;
19:09:06;12;35;9999;074;999;09;111111111111000000000000;000000000000000000000000;11001000;000;_;e;10;001110001101000000000000;____;05;032;070;022;032;038;092;0425664212;055;072;004;032;055;031;0050120019;;;;;;;;;;;;;;;;;;;;;;;;;;;;;;;;;;;;;;;;;;;
19:13:43;12;36;9999;076;999;09;111111111111000000000000;000000000000000000000000;11101000;000;_;e;10;001111001100000000000000;____;10;053;059;039;053;057;167;0425648016;;;;;;;;;;;;;;;;;;;;;;;;;;;;;;;;;;;;;;;;;;;;;;;;;;
19:15:29;12;37;9999;046;999;09;111111111111000000000000;000000000000000000000000;11101000;000;_;e;10;000000000101000000000000;____;10;-03;084;005;-03;015;007;0425648018;;;;;;;;;;;;;;;;;;;;;;;;;;;;;;;;;;;;;;;;;;;;;;;;;;
19:16:46;12;38;9999;048;999;09;111111111111000000000000;000000000000000000000000;11101000;000;_;e;10;000001110000000000000000;____;07;026;055;022;009;026;080;0425663712;;;;;;;;;;;;;;;;;;;;;;;;;;;;;;;;;;;;;;;;;;;;;;;;;;
19:17:24;12;39;9999;074;999;09;111111111111000000000000;000000000000000000000000;11101000;000;_;e;10;001111001100000000000000;____;09;052;071;039;023;052;234;0425634548;;;;;;;;;;;;;;;;;;;;;;;;;;;;;;;;;;;;;;;;;;;;;;;;;;
19:24:13;12;40;9999;074;999;09;111111111111000000000000;000000000000000000000000;11101000;000;_;e;10;001111001100000000000000;____;09;079;069;020;038;080;075;0425664101;;;;;;;;;;;;;;;;;;;;;;;;;;;;;;;;;;;;;;;;;;;;;;;;;;
19:30:42;12;41;9999;075;999;09;111111111111000000000000;000000000000000000000000;11101000;000;_;e;10;111100001100000000000000;____;04;054;073;042;044;058;083;0425664102;;;;;;;;;;;;;;;;;;;;;;;;;;;;;;;;;;;;;;;;;;;;;;;;;;
19:35:39;12;42;9999;075;999;09;111111111111000000000000;000000000000000000000000;11101000;000;_;e;10;111100000000000000000000;____;04;041;071;031;028;043;042;0425664104;;;;;;;;;;;;;;;;;;;;;;;;;;;;;;;;;;;;;;;;;;;;;;;;;;
19:37:56;12;43;9999;070;999;09;111111111111000000000000;000000000000000000000000;11101000;000;_;e;10;000000000001000000000000;____;12;000;073;004;-01;000;015;0425648028;;;;;;;;;;;;;;;;;;;;;;;;;;;;;;;;;;;;;;;;;;;;;;;;;;
19:38:43;12;44;9999;075;999;09;111111111111000000000000;000000000000000000000000;11101000;000;_;e;10;001111001000000000000000;____;05;044;061;028;043;069;111;0425648029;;;;;;;;;;;;;;;;;;;;;;;;;;;;;;;;;;;;;;;;;;;;;;;;;;
19:44:10;12;45;9999;054;999;09;111111111111000000000000;000000000000000000000000;11101000;000;_;e;10;011111000100000000000000;____;10;-02;079;000;-05;020;108;0425634555;;;;;;;;;;;;;;;;;;;;;;;;;;;;;;;;;;;;;;;;;;;;;;;;;;
19:57:13;12;46;9999;075;999;09;111111111111000000000000;000000000000000000000000;11101000;000;_;e;10;001111001100000000000000;____;09;059;069;015;053;061;134;0425648035;;;;;;;;;;;;;;;;;;;;;;;;;;;;;;;;;;;;;;;;;;;;;;;;;;
20:21:44;12;47;9999;077;999;09;111111111111000000000000;000000000000000000000000;11101000;000;_;e;10;001111101100000000000000;____;04;044;058;028;013;045;118;0425658569;;;;;;;;;;;;;;;;;;;;;;;;;;;;;;;;;;;;;;;;;;;;;;;;;;
20:23:15;12;48;9999;075;999;09;111111111111000000000000;000000000000000000000000;11010000;000;_;;;;;;;;;;;;;;;;;;;;;;;;;;;;;;;;;;;;;;;;;;;;;;;;;;;;;;;;;;;;;;
20:26:48;12;49;9999;075;999;09;111111111111000000000000;000000000000000000000000;11101000;000;_;e;10;001101001100000000000000;____;09;046;066;043;045;048;119;0425658573;;;;;;;;;;;;;;;;;;;;;;;;;;;;;;;;;;;;;;;;;;;;;;;;;;
20:36:10;12;50;9999;077;999;09;111111111111000000000000;000000000000000000000000;11101000;000;_;e;10;001100000000000000000000;____;04;026;042;013;025;026;020;0425634558;;;;;;;;;;;;;;;;;;;;;;;;;;;;;;;;;;;;;;;;;;;;;;;;;;
20:40:01;12;51;9999;089;999;09;111111111111000000000000;000000000000000000000000;11101000;000;_;e;10;000100110000000000000000;____;07;066;035;008;051;068;048;0425657501;;;;;;;;;;;;;;;;;;;;;;;;;;;;;;;;;;;;;;;;;;;;;;;;;;
20:42:34;12;52;9999;075;999;09;111111111111000000000000;000000000000000000000000;11101000;000;_;e;10;101100000000000000000000;____;03;019;083;029;013;020;060;0425648038;;;;;;;;;;;;;;;;;;;;;;;;;;;;;;;;;;;;;;;;;;;;;;;;;;
20:45:42;12;53;9999;072;999;08;111111111111000000000000;000000000000000000000000;11101000;000;_;e;10;111100000000000000000000;____;01;041;098;024;040;044;064;0425648039;;;;;;;;;;;;;;;;;;;;;;;;;;;;;;;;;;;;;;;;;;;;;;;;;;
20:47:11;12;54;9999;061;999;09;111111111111000000000000;000000000000000000000000;11101000;000;_;e;10;011100000100000000000000;____;02;-01;073;019;-02;014;125;0425648040;;;;;;;;;;;;;;;;;;;;;;;;;;;;;;;;;;;;;;;;;;;;;;;;;;
20:48:54;12;55;9999;078;999;09;111111111111000000000000;000000000000000000000000;11101000;000;_;e;10;001111000000000000000000;____;03;037;059;023;036;041;041;0425648041;;;;;;;;;;;;;;;;;;;;;;;;;;;;;;;;;;;;;;;;;;;;;;;;;;
20:49:19;12;56;9999;075;999;09;111111111111000000000000;000000000000000000000000;11101000;000;_;e;10;001111001100000000000000;____;04;037;065;029;033;038;133;0425648042;;;;;;;;;;;;;;;;;;;;;;;;;;;;;;;;;;;;;;;;;;;;;;;;;;
20:52:05;12;57;9999;072;999;09;111111111111000000000000;000000000000000000000000;11101000;000;_;e;10;110000000000000000000000;____;02;043;099;019;023;045;050;0425659076;;;;;;;;;;;;;;;;;;;;;;;;;;;;;;;;;;;;;;;;;;;;;;;;;;
20:53:27;12;58;9999;076;999;09;111111111111000000000000;000000000000000000000000;11101000;000;_;e;10;101100001100000000000000;____;04;049;079;032;035;053;065;0425665800;;;;;;;;;;;;;;;;;;;;;;;;;;;;;;;;;;;;;;;;;;;;;;;;;;
20:59:07;12;59;9999;075;999;09;111111111111000000000000;000000000000000000000000;11101000;000;_;e;10;001001011000000000000000;____;06;039;061;026;039;043;089;0425660684;;;;;;;;;;;;;;;;;;;;;;;;;;;;;;;;;;;;;;;;;;;;;;;;;;
21:00:16;12;60;9999;075;999;09;111111111111000000000000;000000000000000000000000;11101000;000;_;e;10;001111001100000000000000;____;09;036;075;031;017;037;128;0425657511;;;;;;;;;;;;;;;;;;;;;;;;;;;;;;;;;;;;;;;;;;;;;;;;;;
21:06:01;12;61;9999;074;999;09;111111111111000000000000;000000000000000000000000;11101000;000;_;e;10;101100001100000000000000;____;03;044;086;028;029;047;085;0425658589;;;;;;;;;;;;;;;;;;;;;;;;;;;;;;;;;;;;;;;;;;;;;;;;;;
21:06:18;12;62;9999;073;999;09;111111111111000000000000;000000000000000000000000;11101000;000;_;e;10;000101001000000000000000;____;09;058;059;010;053;058;038;0425658588;;;;;;;;;;;;;;;;;;;;;;;;;;;;;;;;;;;;;;;;;;;;;;;;;;
21:08:47;12;63;9999;074;999;09;111111111111000000000000;000000000000000000000000;11101000;000;_;e;10;001110000100000000000000;____;04;043;061;024;040;044;079;0425665808;;;;;;;;;;;;;;;;;;;;;;;;;;;;;;;;;;;;;;;;;;;;;;;;;;
21:10:20;12;64;9999;054;999;09;111111111111000000000000;000000000000000000000000;11101000;000;_;e;10;000000000100000000000000;____;10;001;078;016;001;002;040;0425657515;;;;;;;;;;;;;;;;;;;;;;;;;;;;;;;;;;;;;;;;;;;;;;;;;;
21:11:42;12;65;9999;065;999;09;111111111111000000000000;000000000000000000000000;11101000;000;_;e;10;001111001100000000000000;____;09;-02;076;024;-10;013;114;0425659081;;;;;;;;;;;;;;;;;;;;;;;;;;;;;;;;;;;;;;;;;;;;;;;;;;
21:17:05;12;66;9999;057;999;09;111111111111000000000000;000000000000000000000000;11101000;000;_;e;10;000000000100000000000000;____;10;002;069;017;002;002;004;0425657517;;;;;;;;;;;;;;;;;;;;;;;;;;;;;;;;;;;;;;;;;;;;;;;;;;
21:18:43;12;67;9999;057;999;09;111111111111000000000000;000000000000000000000000;11101000;000;_;e;10;001011001100000000000000;____;09;057;071;024;053;060;110;0425659084;;;;;;;;;;;;;;;;;;;;;;;;;;;;;;;;;;;;;;;;;;;;;;;;;;
21:21:09;12;68;9999;074;999;09;111111111111000000000000;000000000000000000000000;11101000;000;_;e;10;101100000100000000000000;____;04;041;081;028;021;046;048;0425665820;;;;;;;;;;;;;;;;;;;;;;;;;;;;;;;;;;;;;;;;;;;;;;;;;;
21:21:42;12;69;9999;075;999;09;111111111111000000000000;000000000000000000000000;11101000;000;_;e;10;101111001100000000000000;____;10;027;070;036;022;054;129;0425665819;;;;;;;;;;;;;;;;;;;;;;;;;;;;;;;;;;;;;;;;;;;;;;;;;;
21:24:04;12;70;9999;078;999;09;111111111111000000000000;000000000000000000000000;11101000;000;_;e;10;001111001100000000000000;____;05;044;065;030;022;048;136;0425657522;;;;;;;;;;;;;;;;;;;;;;;;;;;;;;;;;;;;;;;;;;;;;;;;;;
21:30:53;12;71;9999;055;999;09;111111111111000000000000;000000000000000000000000;11101000;000;_;e;10;000000000101000000000000;____;10;-02;077;004;-17;-02;041;0425664133;;;;;;;;;;;;;;;;;;;;;;;;;;;;;;;;;;;;;;;;;;;;;;;;;;
21:39:24;12;72;9999;074;999;09;111111111111000000000000;000000000000000000000000;11101000;000;_;e;10;000100001000000000000000;____;09;040;060;024;039;042;006;0425665823;;;;;;;;;;;;;;;;;;;;;;;;;;;;;;;;;;;;;;;;;;;;;;;;;;
21:42:57;12;73;9999;074;999;09;111111111111000000000000;000000000000000000000000;11101000;000;_;e;10;010110001000000000000000;____;04;004;071;019;001;007;068;0425664137;;;;;;;;;;;;;;;;;;;;;;;;;;;;;;;;;;;;;;;;;;;;;;;;;;
21:44:04;12;74;9999;054;999;09;111111111111000000000000;000000000000000000000000;11101000;000;_;e;10;001111001100000000000000;____;10;003;078;023;-07;010;103;0425664138;;;;;;;;;;;;;;;;;;;;;;;;;;;;;;;;;;;;;;;;;;;;;;;;;;
21:46:09;12;75;9999;078;999;09;111111111111000000000000;000000000000000000000000;11101000;000;_;e;10;101011001000000000000000;____;09;055;070;042;043;055;080;0425659097;;;;;;;;;;;;;;;;;;;;;;;;;;;;;;;;;;;;;;;;;;;;;;;;;;
21:54:27;12;76;9999;072;999;09;111111111111000000000000;000000000000000000000000;11101000;000;_;e;10;000010110010000000000000;____;07;048;039;009;043;050;032;0425659099;;;;;;;;;;;;;;;;;;;;;;;;;;;;;;;;;;;;;;;;;;;;;;;;;;
21:54:53;12;77;9999;077;999;09;111111111111000000000000;000000000000000000000000;11101000;000;_;e;10;000011000000000000000000;____;05;035;059;013;032;035;026;0425665826;;;;;;;;;;;;;;;;;;;;;;;;;;;;;;;;;;;;;;;;;;;;;;;;;;
21:55:14;12;78;9999;074;999;09;111111111111000000000000;000000000000000000000000;11101000;000;_;e;10;000010001000000000000000;____;09;064;067;004;063;064;018;0425666700;;;;;;;;;;;;;;;;;;;;;;;;;;;;;;;;;;;;;;;;;;;;;;;;;;
22:02:59;12;79;9999;075;999;09;111111111111000000000000;000000000000000000000000;11101000;000;_;e;10;001010000100000000000000;____;10;071;083;021;071;075;037;0425657528;;;;;;;;;;;;;;;;;;;;;;;;;;;;;;;;;;;;;;;;;;;;;;;;;;
22:03:20;12;80;9999;078;999;09;111111111111000000000000;000000000000000000000000;11101000;000;_;e;10;001111111100000000000000;____;05;049;058;029;048;065;129;0425666703;;;;;;;;;;;;;;;;;;;;;;;;;;;;;;;;;;;;;;;;;;;;;;;;;;
22:07:10;12;81;9999;059;999;09;111111111111000000000000;000000000000000000000000;11101000;000;_;e;10;000100000100000000000000;____;10;006;077;016;004;006;044;0425664144;;;;;;;;;;;;;;;;;;;;;;;;;;;;;;;;;;;;;;;;;;;;;;;;;;
22:08:48;12;82;9999;081;999;09;111111111111000000000000;000000000000000000000000;11101000;000;_;e;10;111101100000000000000000;____;03;043;070;034;027;046;057;0425664147;;;;;;;;;;;;;;;;;;;;;;;;;;;;;;;;;;;;;;;;;;;;;;;;;;
22:09:00;12;83;9999;065;975;09;111111111111000000000000;000000000000000000000000;11101000;000;_;e;10;000110111011000000000000;____;05;050;049;013;040;057;107;0425664146;;;;;;;;;;;;;;;;;;;;;;;;;;;;;;;;;;;;;;;;;;;;;;;;;;
22:10:47;12;84;9999;061;999;09;111111111111000000000000;000000000000000000000000;11101000;000;_;e;10;011100001100000000000000;____;03;002;077;019;000;033;094;0425657530;;;;;;;;;;;;;;;;;;;;;;;;;;;;;;;;;;;;;;;;;;;;;;;;;;
22:12:05;12;85;9999;081;999;08;111111111111000000000000;000000000000000000000000;11101000;000;_;e;10;001111001100000000000000;____;03;046;045;041;045;067;236;0425666709;;;;;;;;;;;;;;;;;;;;;;;;;;;;;;;;;;;;;;;;;;;;;;;;;;
22:12:35;12;86;9999;060;999;09;111111111111000000000000;000000000000000000000000;11101000;000;_;e;10;000101001100000000000000;____;04;064;078;014;036;070;042;0425666708;;;;;;;;;;;;;;;;;;;;;;;;;;;;;;;;;;;;;;;;;;;;;;;;;;
22:14:07;12;87;9999;073;999;09;111111111111000000000000;000000000000000000000000;11101000;000;_;e;10;110000000000000000000000;____;02;041;095;012;040;041;034;0425666713;;;;;;;;;;;;;;;;;;;;;;;;;;;;;;;;;;;;;;;;;;;;;;;;;;
22:26:24;12;88;9999;075;999;09;111111111111000000000000;000000000000000000000000;11101000;000;_;e;10;001100001100000000000000;____;03;061;075;031;036;063;094;0425659549;;;;;;;;;;;;;;;;;;;;;;;;;;;;;;;;;;;;;;;;;;;;;;;;;;
22:35:43;12;89;9999;056;999;09;111111111111000000000000;000000000000000000000000;11101000;000;_;e;10;110000000000000000000000;____;02;035;097;012;034;038;044;0425666717;;;;;;;;;;;;;;;;;;;;;;;;;;;;;;;;;;;;;;;;;;;;;;;;;;
22:40:08;12;90;9999;076;999;09;111111111111000000000000;000000000000000000000000;11101000;000;_;e;10;111001001000000000000000;____;01;043;092;035;038;054;042;0425664152;;;;;;;;;;;;;;;;;;;;;;;;;;;;;;;;;;;;;;;;;;;;;;;;;;
22:46:52;12;91;9999;074;999;09;111111111111000000000000;000000000000000000000000;11101000;000;_;e;10;101101000111000000000000;____;10;-05;061;018;-07;016;107;0425657536;;;;;;;;;;;;;;;;;;;;;;;;;;;;;;;;;;;;;;;;;;;;;;;;;;
22:49:00;12;92;9999;074;999;09;111111111111000000000000;000000000000000000000000;11101000;000;_;e;10;001011101000000000000000;____;06;052;055;040;052;065;104;0425664151;;;;;;;;;;;;;;;;;;;;;;;;;;;;;;;;;;;;;;;;;;;;;;;;;;
