RDT400 Server V3.30
Site: 
System: Barcode scanner PLC02 (Sick); System type: OPS
Date: 07-12-2024  00:00:55
Date    ;ID;CT;IDX ;TLE;TGA;V ;DEVICE LIST             ;ERROR LIST              ;OUTPUT  ;ENR;R;CODE1 ID;LENGTH;READ LIST;RES;CLV ID;XPOS;YPOS;ZPOS;XMIN;XMAX;CS;CODE CONTENT;XPOS;YPOS;ZPOS;XMIN;XMAX;CS;CODE CONTENT;CODE2 ID;LENGTH;READ LIST;RES;CLV ID;XPOS;YPOS;ZPOS;XMIN;XMAX;CS;CODE CONTENT;XPOS;YPOS;ZPOS;XMIN;XMAX;CS;CODE CONTENT;CODE3 ID;LENGTH;READ LIST;RES;CLV ID;XPOS;YPOS;ZPOS;XMIN;XMAX;CS;CODE CONTENT;XPOS;YPOS;ZPOS;XMIN;XMAX;CS;CODE CONTENT;INFO1;INFO2;CUSTOM1;CUSTOM2;
04:34:42;12;09;9999;076;999;08;111111111111000000000000;000000000000000000000000;11101000;000;_;e;10;000010000100000000000000;____;05;019;087;004;019;031;013;0425505059;;;;;;;;;;;;;;;;;;;;;;;;;;;;;;;;;;;;;;;;;;;;;;;;;;
04:37:47;12;10;9999;075;999;08;111111111111000000000000;000000000000000000000000;11101000;000;_;e;10;001110001100000000000000;____;05;049;064;024;046;052;121;0425490657;;;;;;;;;;;;;;;;;;;;;;;;;;;;;;;;;;;;;;;;;;;;;;;;;;
04:37:56;12;11;9999;077;630;09;111111111111000000000000;000000000000000000000000;11101000;000;_;e;10;001011011100000000000000;____;06;034;040;018;033;038;102;0425505324;;;;;;;;;;;;;;;;;;;;;;;;;;;;;;;;;;;;;;;;;;;;;;;;;;
04:54:09;12;12;9999;075;999;09;111111111111000000000000;000000000000000000000000;11101000;000;_;e;10;001111001100000000000000;____;03;021;061;031;021;028;117;0425506410;;;;;;;;;;;;;;;;;;;;;;;;;;;;;;;;;;;;;;;;;;;;;;;;;;
04:54:57;12;13;9999;067;999;09;111111111111000000000000;000000000000000000000000;11101000;000;_;e;10;000110100100000000000000;____;04;049;045;014;045;049;115;0425505445;;;;;;;;;;;;;;;;;;;;;;;;;;;;;;;;;;;;;;;;;;;;;;;;;;
04:58:32;12;14;9999;068;999;09;111111111111000000000000;000000000000000000000000;11101000;000;_;e;10;001001001100000000000000;____;09;073;076;019;067;073;067;0425504726;;;;;;;;;;;;;;;;;;;;;;;;;;;;;;;;;;;;;;;;;;;;;;;;;;
04:59:14;12;15;9999;082;999;08;111111111111000000000000;000000000000000000000000;11101000;000;_;e;10;001110000101000000000000;____;05;-03;067;007;-10;002;074;0425504727;;;;;;;;;;;;;;;;;;;;;;;;;;;;;;;;;;;;;;;;;;;;;;;;;;
05:06:15;12;16;9999;074;999;09;111111111111000000000000;000000000000000000000000;11101000;000;_;e;10;001101001000000000000000;____;04;031;082;022;027;034;083;0425502491;;;;;;;;;;;;;;;;;;;;;;;;;;;;;;;;;;;;;;;;;;;;;;;;;;
05:08:46;12;17;9999;049;999;08;111111111111000000000000;000000000000000000000000;11101000;000;_;e;10;001111001100000000000000;____;06;018;052;019;018;022;059;0425506136;;;;;;;;;;;;;;;;;;;;;;;;;;;;;;;;;;;;;;;;;;;;;;;;;;
05:10:45;12;18;9999;075;999;09;111111111111000000000000;000000000000000000000000;11101000;000;_;e;10;010111101100000000000000;____;06;045;066;034;035;048;142;0425505452;;;;;;;;;;;;;;;;;;;;;;;;;;;;;;;;;;;;;;;;;;;;;;;;;;
05:10:49;12;19;9999;074;300;08;111111111111000000000000;000000000000000000000000;11101000;000;_;e;10;001110001100000000000000;____;04;036;060;034;033;039;088;0425506414;;;;;;;;;;;;;;;;;;;;;;;;;;;;;;;;;;;;;;;;;;;;;;;;;;
05:12:38;12;20;9999;074;999;09;111111111111000000000000;000000000000000000000000;11101000;000;_;e;10;001111001000000000000000;____;04;039;080;032;009;039;071;0425504728;;;;;;;;;;;;;;;;;;;;;;;;;;;;;;;;;;;;;;;;;;;;;;;;;;
05:12:54;12;21;9999;061;999;09;111111111111000000000000;000000000000000000000000;11101000;000;_;e;10;110110000101000000000000;____;04;002;079;000;-08;014;095;0425505334;;;;;;;;;;;;;;;;;;;;;;;;;;;;;;;;;;;;;;;;;;;;;;;;;;
05:16:03;12;22;9999;069;999;09;111111111111000000000000;000000000000000000000000;11101000;000;_;e;10;010000000100000000000000;____;10;-03;078;009;-03;020;043;0425490659;;;;;;;;;;;;;;;;;;;;;;;;;;;;;;;;;;;;;;;;;;;;;;;;;;
05:16:46;12;23;9999;057;999;09;111111111111000000000000;000000000000000000000000;11101000;000;_;e;10;011001001101000000000000;____;03;054;083;023;042;062;091;0425506416;;;;;;;;;;;;;;;;;;;;;;;;;;;;;;;;;;;;;;;;;;;;;;;;;;
05:17:59;12;24;9999;057;999;09;111111111111000000000000;000000000000000000000000;11101000;000;_;e;10;001110001100000000000000;____;10;005;074;020;-04;008;076;0425505454;;;;;;;;;;;;;;;;;;;;;;;;;;;;;;;;;;;;;;;;;;;;;;;;;;
05:20:08;12;25;9999;074;999;09;111111111111000000000000;000000000000000000000000;11101000;000;_;e;10;101111111000000000000000;____;05;051;061;040;046;065;084;0425506137;;;;;;;;;;;;;;;;;;;;;;;;;;;;;;;;;;;;;;;;;;;;;;;;;;
05:20:25;12;26;9999;084;999;09;111111111111000000000000;000000000000000000000000;11101000;000;_;e;10;000000100100000000000000;____;10;008;041;022;007;010;038;0425502551;;;;;;;;;;;;;;;;;;;;;;;;;;;;;;;;;;;;;;;;;;;;;;;;;;
05:21:26;12;27;9999;075;999;09;111111111111000000000000;000000000000000000000000;11001000;000;_;e;10;001111000100000000000000;____;04;047;038;016;021;051;025;0425505456;060;078;025;059;063;013;0425602781;;;;;;;;;;;;;;;;;;;;;;;;;;;;;;;;;;;;;;;;;;;
05:22:21;12;28;9999;077;999;09;111111111111000000000000;000000000000000000000000;11101000;000;_;e;10;110010100000000000000000;____;07;038;043;039;034;050;043;0425505336;;;;;;;;;;;;;;;;;;;;;;;;;;;;;;;;;;;;;;;;;;;;;;;;;;
05:23:13;12;29;9999;076;999;09;111111111111000000000000;000000000000000000000000;11101000;000;_;e;10;001110001100000000000000;____;05;046;071;030;043;052;086;0425505337;;;;;;;;;;;;;;;;;;;;;;;;;;;;;;;;;;;;;;;;;;;;;;;;;;
05:24:00;12;30;9999;061;999;09;111111111111000000000000;000000000000000000000000;11101000;000;_;e;10;001000000100000000000000;____;10;-02;078;012;-02;020;008;0425505457;;;;;;;;;;;;;;;;;;;;;;;;;;;;;;;;;;;;;;;;;;;;;;;;;;
05:25:30;12;31;9999;066;999;08;111111111111000000000000;000000000000000000000000;11101000;000;_;e;10;110000000100000000000000;____;02;034;097;012;014;034;039;0425505458;;;;;;;;;;;;;;;;;;;;;;;;;;;;;;;;;;;;;;;;;;;;;;;;;;
05:27:30;12;32;9999;071;999;09;111111111111000000000000;000000000000000000000000;11101000;000;_;e;10;011000001101000000000000;____;02;040;100;006;006;047;049;0425505339;;;;;;;;;;;;;;;;;;;;;;;;;;;;;;;;;;;;;;;;;;;;;;;;;;
05:27:38;12;33;9999;063;640;09;111111111111000000000000;000000000000000000000000;11101000;000;_;e;10;010000000000000000000000;____;02;015;099;018;015;015;003;0425505461;;;;;;;;;;;;;;;;;;;;;;;;;;;;;;;;;;;;;;;;;;;;;;;;;;
05:28:25;12;34;9999;066;999;09;111111111111000000000000;000000000000000000000000;11101000;000;_;e;10;110000000000000000000000;____;01;034;101;013;032;034;036;0425505463;;;;;;;;;;;;;;;;;;;;;;;;;;;;;;;;;;;;;;;;;;;;;;;;;;
05:28:30;12;35;9999;074;340;08;111111111111000000000000;000000000000000000000000;11101000;000;_;e;10;001100000000000000000000;____;04;041;074;033;040;041;011;0425504729;;;;;;;;;;;;;;;;;;;;;;;;;;;;;;;;;;;;;;;;;;;;;;;;;;
05:28:43;12;36;9999;064;981;09;111111111111000000000000;000000000000000000000000;11101000;000;_;e;10;000000100100000000000000;____;10;000;072;030;-05;000;076;0425505466;;;;;;;;;;;;;;;;;;;;;;;;;;;;;;;;;;;;;;;;;;;;;;;;;;
05:29:09;12;37;9999;051;999;09;111111111111000000000000;000000000000000000000000;11101000;000;_;e;10;111100001000000000000000;____;03;022;091;036;021;037;065;0425505464;;;;;;;;;;;;;;;;;;;;;;;;;;;;;;;;;;;;;;;;;;;;;;;;;;
05:29:13;12;38;9999;056;302;09;111111111111000000000000;000000000000000000000000;11101000;000;_;e;10;000110001100000000000000;____;04;035;053;011;030;035;062;0425505465;;;;;;;;;;;;;;;;;;;;;;;;;;;;;;;;;;;;;;;;;;;;;;;;;;
05:29:39;12;39;9999;061;999;08;111111111111000000000000;000000000000000000000000;11101000;000;_;e;10;000010000100000000000000;____;10;-03;070;029;-04;000;017;0425505460;;;;;;;;;;;;;;;;;;;;;;;;;;;;;;;;;;;;;;;;;;;;;;;;;;
05:30:05;12;40;9999;061;999;09;111111111111000000000000;000000000000000000000000;11101000;000;_;e;10;001000001001000000000000;____;09;065;073;010;060;067;068;0425505467;;;;;;;;;;;;;;;;;;;;;;;;;;;;;;;;;;;;;;;;;;;;;;;;;;
05:30:22;12;41;9999;070;999;09;111111111111000000000000;000000000000000000000000;11101000;000;_;e;10;000100000101000000000000;____;10;-10;077;011;-10;002;054;0425502662;;;;;;;;;;;;;;;;;;;;;;;;;;;;;;;;;;;;;;;;;;;;;;;;;;
05:30:35;12;42;9999;065;999;09;111111111111000000000000;000000000000000000000000;11101000;000;_;e;10;110011000000000000000000;____;01;032;097;024;-08;043;077;0425506423;;;;;;;;;;;;;;;;;;;;;;;;;;;;;;;;;;;;;;;;;;;;;;;;;;
05:32:43;12;43;9999;067;999;09;111111111111000000000000;000000000000000000000000;11101000;000;_;e;10;110000000000000000000000;____;01;040;101;015;005;040;041;0425504730;;;;;;;;;;;;;;;;;;;;;;;;;;;;;;;;;;;;;;;;;;;;;;;;;;
05:34:28;12;44;9999;048;999;09;111111111111000000000000;000000000000000000000000;11101000;000;_;e;10;001000001011000000000000;____;09;050;063;003;046;050;064;0425504731;;;;;;;;;;;;;;;;;;;;;;;;;;;;;;;;;;;;;;;;;;;;;;;;;;
05:37:05;12;45;9999;063;999;09;111111111111000000000000;000000000000000000000000;11101000;000;_;e;10;001100001000000000000000;____;09;003;081;020;000;007;035;0425490660;;;;;;;;;;;;;;;;;;;;;;;;;;;;;;;;;;;;;;;;;;;;;;;;;;
05:40:14;12;46;9999;056;999;09;111111111111000000000000;000000000000000000000000;11101000;000;_;e;10;001000001100000000000000;____;10;-07;073;021;-07;040;062;0425505472;;;;;;;;;;;;;;;;;;;;;;;;;;;;;;;;;;;;;;;;;;;;;;;;;;
05:41:14;12;47;9999;074;999;09;111111111111000000000000;000000000000000000000000;11101000;000;_;e;10;001110001100000000000000;____;04;042;070;035;036;045;036;0425505341;;;;;;;;;;;;;;;;;;;;;;;;;;;;;;;;;;;;;;;;;;;;;;;;;;
05:42:10;12;48;9999;073;999;09;111111111111000000000000;000000000000000000000000;11101000;000;_;e;10;110000000000000000000000;____;02;042;102;006;040;044;041;0425502492;;;;;;;;;;;;;;;;;;;;;;;;;;;;;;;;;;;;;;;;;;;;;;;;;;
05:44:44;12;49;9999;072;999;09;111111111111000000000000;000000000000000000000000;11101000;000;_;e;10;110000000000000000000000;____;01;037;101;012;037;038;038;0425502493;;;;;;;;;;;;;;;;;;;;;;;;;;;;;;;;;;;;;;;;;;;;;;;;;;
05:44:57;12;50;9999;075;999;09;111111111111000000000000;000000000000000000000000;11101000;000;_;e;10;111100001000000000000000;____;04;048;077;017;046;059;048;0425490662;;;;;;;;;;;;;;;;;;;;;;;;;;;;;;;;;;;;;;;;;;;;;;;;;;
05:47:23;12;51;9999;063;999;09;111111111111000000000000;000000000000000000000000;11101000;000;_;e;10;110000000000000000000000;____;01;036;101;012;036;038;035;0425490663;;;;;;;;;;;;;;;;;;;;;;;;;;;;;;;;;;;;;;;;;;;;;;;;;;
05:47:36;12;52;9999;075;999;09;111111111111000000000000;000000000000000000000000;11101000;000;_;e;10;101000000000000000000000;____;01;046;100;017;023;048;055;0425505344;;;;;;;;;;;;;;;;;;;;;;;;;;;;;;;;;;;;;;;;;;;;;;;;;;
05:48:33;12;53;9999;040;999;09;111111111111000000000000;000000000000000000000000;11101000;000;_;e;10;110000001000000000000000;____;02;019;095;008;018;041;042;0425505474;;;;;;;;;;;;;;;;;;;;;;;;;;;;;;;;;;;;;;;;;;;;;;;;;;
05:48:49;12;54;9999;072;999;09;111111111111000000000000;000000000000000000000000;11101000;000;_;e;10;000011110000000000000000;____;08;034;043;021;032;036;046;0425490664;;;;;;;;;;;;;;;;;;;;;;;;;;;;;;;;;;;;;;;;;;;;;;;;;;
05:48:54;12;55;9999;078;327;09;111111111111000000000000;000000000000000000000000;11101000;000;_;e;10;110100001000000000000000;____;01;036;096;022;034;066;074;0425504735;;;;;;;;;;;;;;;;;;;;;;;;;;;;;;;;;;;;;;;;;;;;;;;;;;
05:51:20;12;56;9999;075;999;09;111111111111000000000000;000000000000000000000000;11101000;000;_;e;10;110000000100000000000000;____;01;038;101;013;001;040;064;0425505061;;;;;;;;;;;;;;;;;;;;;;;;;;;;;;;;;;;;;;;;;;;;;;;;;;
05:52:32;12;57;9999;052;999;09;111111111111000000000000;000000000000000000000000;11101000;000;_;e;10;000010110000000000000000;____;07;043;057;011;038;043;049;0425502665;;;;;;;;;;;;;;;;;;;;;;;;;;;;;;;;;;;;;;;;;;;;;;;;;;
05:52:40;12;58;9999;059;660;09;111111111111000000000000;000000000000000000000000;11101000;000;_;e;10;000010001101000000000000;____;10;-03;071;010;-11;028;075;0425505346;;;;;;;;;;;;;;;;;;;;;;;;;;;;;;;;;;;;;;;;;;;;;;;;;;
05:52:54;12;59;9999;054;999;09;111111111111000000000000;000000000000000000000000;11101000;000;_;e;10;010000000001000000000000;____;12;007;083;004;006;026;033;0425506143;;;;;;;;;;;;;;;;;;;;;;;;;;;;;;;;;;;;;;;;;;;;;;;;;;
05:52:59;12;60;9999;074;344;09;111111111111000000000000;000000000000000000000000;11101000;000;_;e;10;110000000000000000000000;____;01;040;100;012;038;040;067;0425505060;;;;;;;;;;;;;;;;;;;;;;;;;;;;;;;;;;;;;;;;;;;;;;;;;;
05:54:45;12;61;9999;075;999;09;111111111111000000000000;000000000000000000000000;11101000;000;_;e;10;001011110000000000000000;____;07;042;037;021;023;043;037;0425505062;;;;;;;;;;;;;;;;;;;;;;;;;;;;;;;;;;;;;;;;;;;;;;;;;;
05:56:33;12;62;9999;076;999;09;111111111111000000000000;000000000000000000000000;11101000;000;_;e;10;000011111100000000000000;____;10;027;061;029;025;029;104;0425505064;;;;;;;;;;;;;;;;;;;;;;;;;;;;;;;;;;;;;;;;;;;;;;;;;;
05:56:50;12;63;9999;075;999;09;111111111111000000000000;000000000000000000000000;11101000;000;_;e;10;000100000100000000000000;____;10;023;073;005;023;026;065;0425505063;;;;;;;;;;;;;;;;;;;;;;;;;;;;;;;;;;;;;;;;;;;;;;;;;;
05:56:54;12;64;9999;065;244;09;111111111111000000000000;000000000000000000000000;11101000;000;_;e;10;100000000000000000000000;____;01;034;101;015;034;035;032;0425502667;;;;;;;;;;;;;;;;;;;;;;;;;;;;;;;;;;;;;;;;;;;;;;;;;;
05:57:34;12;65;9999;080;999;09;111111111111000000000000;000000000000000000000000;11101000;000;_;e;10;001111001100000000000000;____;05;033;062;032;031;042;099;0425506432;;;;;;;;;;;;;;;;;;;;;;;;;;;;;;;;;;;;;;;;;;;;;;;;;;
05:57:59;12;66;9999;063;999;09;111111111111000000000000;000000000000000000000000;11101000;000;_;e;10;000000000100000000000000;____;10;000;081;004;000;001;018;0425505065;;;;;;;;;;;;;;;;;;;;;;;;;;;;;;;;;;;;;;;;;;;;;;;;;;
05:58:46;12;67;9999;061;999;09;111111111111000000000000;000000000000000000000000;11101000;000;_;e;10;010110000101000000000000;____;12;003;082;004;002;043;035;0425505347;;;;;;;;;;;;;;;;;;;;;;;;;;;;;;;;;;;;;;;;;;;;;;;;;;
05:59:16;12;68;9999;050;999;09;111111111111000000000000;000000000000000000000000;11101000;000;_;e;10;000111110000000000000000;____;05;029;064;022;027;032;088;0425505066;;;;;;;;;;;;;;;;;;;;;;;;;;;;;;;;;;;;;;;;;;;;;;;;;;
06:01:37;12;69;9999;060;999;09;111111111111000000000000;000000000000000000000000;11101000;000;_;e;10;000000000001000000000000;____;12;005;082;004;004;005;030;0425505478;;;;;;;;;;;;;;;;;;;;;;;;;;;;;;;;;;;;;;;;;;;;;;;;;;
06:01:55;12;70;9999;059;999;09;111111111111000000000000;000000000000000000000000;11101000;000;_;e;10;001111001101000000000000;____;04;-08;081;008;-14;027;114;0425505477;;;;;;;;;;;;;;;;;;;;;;;;;;;;;;;;;;;;;;;;;;;;;;;;;;
06:06:08;12;71;9999;065;999;09;111111111111000000000000;000000000000000000000000;11101000;000;_;e;10;110000000100000000000000;____;01;033;100;012;004;035;041;0425505479;;;;;;;;;;;;;;;;;;;;;;;;;;;;;;;;;;;;;;;;;;;;;;;;;;
06:06:16;12;72;9999;075;661;09;111111111111000000000000;000000000000000000000000;11101000;000;_;e;10;110101000100000000000000;____;02;033;086;023;031;052;059;0425505349;;;;;;;;;;;;;;;;;;;;;;;;;;;;;;;;;;;;;;;;;;;;;;;;;;
06:06:25;12;73;9999;051;710;09;111111111111000000000000;000000000000000000000000;11101000;000;_;e;10;001000001101000000000000;____;12;056;073;004;035;060;058;0425505480;;;;;;;;;;;;;;;;;;;;;;;;;;;;;;;;;;;;;;;;;;;;;;;;;;
06:08:29;12;74;9999;062;999;09;111111111111000000000000;000000000000000000000000;11101000;000;_;e;10;000000100000000000000000;____;07;039;050;010;039;040;026;0425502558;;;;;;;;;;;;;;;;;;;;;;;;;;;;;;;;;;;;;;;;;;;;;;;;;;
06:10:30;12;75;9999;055;999;09;111111111111000000000000;000000000000000000000000;11101000;000;_;e;10;001111001101000000000000;____;10;-08;084;006;-11;011;147;0425504740;;;;;;;;;;;;;;;;;;;;;;;;;;;;;;;;;;;;;;;;;;;;;;;;;;
06:10:51;12;76;9999;078;999;09;111111111111000000000000;000000000000000000000000;11101000;000;_;e;10;010000000000000000000000;____;02;048;102;009;048;049;006;0425504741;;;;;;;;;;;;;;;;;;;;;;;;;;;;;;;;;;;;;;;;;;;;;;;;;;
06:12:09;12;77;9999;055;999;09;111111111111000000000000;000000000000000000000000;11101000;000;_;e;10;110000001100000000000000;____;01;021;099;012;014;022;066;0425505352;;;;;;;;;;;;;;;;;;;;;;;;;;;;;;;;;;;;;;;;;;;;;;;;;;
06:13:13;12;78;9999;076;999;09;111111111111000000000000;000000000000000000000000;11101000;000;_;e;10;001111001100000000000000;____;03;037;053;020;033;040;110;0425505069;;;;;;;;;;;;;;;;;;;;;;;;;;;;;;;;;;;;;;;;;;;;;;;;;;
06:15:05;12;79;9999;066;999;09;111111111111000000000000;000000000000000000000000;11101000;000;_;e;10;001111000100000000000000;____;06;028;047;015;020;030;115;0425504742;;;;;;;;;;;;;;;;;;;;;;;;;;;;;;;;;;;;;;;;;;;;;;;;;;
06:15:48;12;80;9999;076;999;09;111111111111000000000000;000000000000000000000000;11101000;000;_;e;10;000110000100000000000000;____;10;072;058;016;027;078;041;0425502495;;;;;;;;;;;;;;;;;;;;;;;;;;;;;;;;;;;;;;;;;;;;;;;;;;
06:17:00;12;81;9999;056;999;09;111111111111000000000000;000000000000000000000000;11101000;000;_;e;10;000000101001000000000000;____;09;059;073;007;045;059;057;0425502559;;;;;;;;;;;;;;;;;;;;;;;;;;;;;;;;;;;;;;;;;;;;;;;;;;
06:17:31;12;82;9999;075;999;09;111111111111000000000000;000000000000000000000000;11101000;000;_;e;10;001111001101000000000000;____;09;081;061;019;046;087;134;0425504743;;;;;;;;;;;;;;;;;;;;;;;;;;;;;;;;;;;;;;;;;;;;;;;;;;
06:17:52;12;83;9999;060;999;08;111111111111000000000000;000000000000000000000000;11101000;000;_;e;10;001000000100000000000000;____;10;002;081;001;002;003;019;0425505483;;;;;;;;;;;;;;;;;;;;;;;;;;;;;;;;;;;;;;;;;;;;;;;;;;
06:19:05;12;84;9999;053;999;09;111111111111000000000000;000000000000000000000000;11101000;000;_;e;10;000011110001000000000000;____;06;032;054;014;031;034;071;0425506433;;;;;;;;;;;;;;;;;;;;;;;;;;;;;;;;;;;;;;;;;;;;;;;;;;
06:19:14;12;85;9999;037;723;09;111111111111000000000000;000000000000000000000000;11101000;000;_;e;10;001101001011000000000000;____;03;043;074;011;029;045;076;0425502560;;;;;;;;;;;;;;;;;;;;;;;;;;;;;;;;;;;;;;;;;;;;;;;;;;
06:20:17;12;86;9999;065;999;09;111111111111000000000000;000000000000000000000000;11101000;000;_;e;10;111100000000000000000000;____;01;036;100;023;036;039;062;0425505484;;;;;;;;;;;;;;;;;;;;;;;;;;;;;;;;;;;;;;;;;;;;;;;;;;
06:21:22;12;87;9999;060;999;09;111111111111000000000000;000000000000000000000000;11101000;000;_;e;10;111101000100000000000000;____;04;010;082;026;007;016;074;0425502669;;;;;;;;;;;;;;;;;;;;;;;;;;;;;;;;;;;;;;;;;;;;;;;;;;
06:25:15;12;88;9999;066;999;09;111111111111000000000000;000000000000000000000000;11101000;000;_;e;10;000110000000000000000000;____;05;018;067;024;018;022;009;0425505071;;;;;;;;;;;;;;;;;;;;;;;;;;;;;;;;;;;;;;;;;;;;;;;;;;
06:26:14;12;89;9999;078;999;08;111111111111000000000000;000000000000000000000000;11101000;000;_;e;10;001100000000000000000000;____;04;039;092;043;038;040;059;0425504748;;;;;;;;;;;;;;;;;;;;;;;;;;;;;;;;;;;;;;;;;;;;;;;;;;
06:28:32;12;90;9999;072;999;08;111111111111000000000000;000000000000000000000000;11101000;000;_;e;10;000100001100000000000000;____;10;000;071;019;000;040;051;0425504750;;;;;;;;;;;;;;;;;;;;;;;;;;;;;;;;;;;;;;;;;;;;;;;;;;
06:29:27;12;91;9999;073;999;09;111111111111000000000000;000000000000000000000000;11101000;000;_;e;10;000110000100000000000000;____;10;008;074;022;008;032;011;0425504751;;;;;;;;;;;;;;;;;;;;;;;;;;;;;;;;;;;;;;;;;;;;;;;;;;
06:31:36;12;92;9999;065;999;09;111111111111000000000000;000000000000000000000000;11101000;000;_;e;10;110000000100000000000000;____;01;036;101;011;002;037;065;0425504754;;;;;;;;;;;;;;;;;;;;;;;;;;;;;;;;;;;;;;;;;;;;;;;;;;
06:35:15;12;93;9999;058;999;09;111111111111000000000000;000000000000000000000000;11101000;000;_;e;10;000111110000000000000000;____;05;038;043;002;036;044;079;0425509300;;;;;;;;;;;;;;;;;;;;;;;;;;;;;;;;;;;;;;;;;;;;;;;;;;
06:35:32;12;94;9999;079;999;09;111111111111000000000000;000000000000000000000000;11101000;000;_;e;10;001111001100000000000000;____;03;058;081;007;030;063;113;0425505073;;;;;;;;;;;;;;;;;;;;;;;;;;;;;;;;;;;;;;;;;;;;;;;;;;
06:41:54;12;95;9999;063;999;09;111111111111000000000000;000000000000000000000000;11101000;000;_;e;10;000100001100000000000000;____;04;008;080;018;008;009;030;0425504763;;;;;;;;;;;;;;;;;;;;;;;;;;;;;;;;;;;;;;;;;;;;;;;;;;
06:44:03;12;96;9999;054;999;09;111111111111000000000000;000000000000000000000000;11101000;000;_;e;10;010000000100000000000000;____;10;-04;079;007;-04;-01;046;0425502564;;;;;;;;;;;;;;;;;;;;;;;;;;;;;;;;;;;;;;;;;;;;;;;;;;
06:44:58;12;97;9999;074;999;09;111111111111000000000000;000000000000000000000000;11101000;000;_;e;10;111100000000000000000000;____;04;034;084;021;031;035;066;0425505075;;;;;;;;;;;;;;;;;;;;;;;;;;;;;;;;;;;;;;;;;;;;;;;;;;
06:46:25;12;98;9999;074;999;09;111111111111000000000000;000000000000000000000000;11101000;000;_;e;10;100100000100000000000000;____;01;033;081;037;024;037;028;0425504766;;;;;;;;;;;;;;;;;;;;;;;;;;;;;;;;;;;;;;;;;;;;;;;;;;
06:46:29;12;99;9999;051;263;09;111111111111000000000000;000000000000000000000000;11101000;000;_;e;10;000110000100000000000000;____;10;-01;079;005;-01;015;026;0425502499;;;;;;;;;;;;;;;;;;;;;;;;;;;;;;;;;;;;;;;;;;;;;;;;;;
06:50:11;12;01;9999;058;999;09;111111111111000000000000;000000000000000000000000;11101000;000;_;e;10;001110110100000000000000;____;04;033;041;024;030;036;083;0425506150;;;;;;;;;;;;;;;;;;;;;;;;;;;;;;;;;;;;;;;;;;;;;;;;;;
06:55:04;12;02;9999;075;999;09;111111111111000000000000;000000000000000000000000;11101000;000;_;e;10;001100110000000000000000;____;07;043;068;036;039;043;058;0425509301;;;;;;;;;;;;;;;;;;;;;;;;;;;;;;;;;;;;;;;;;;;;;;;;;;
06:58:17;12;03;9999;053;999;09;111111111111000000000000;000000000000000000000000;11101000;000;_;e;10;000000000001000000000000;____;12;024;095;004;024;024;002;0425504769;;;;;;;;;;;;;;;;;;;;;;;;;;;;;;;;;;;;;;;;;;;;;;;;;;
06:59:04;12;04;9999;055;999;09;111111111111000000000000;000000000000000000000000;11101000;000;_;e;10;100000000000000000000000;____;01;028;101;007;028;033;055;0425504770;;;;;;;;;;;;;;;;;;;;;;;;;;;;;;;;;;;;;;;;;;;;;;;;;;
07:01:22;12;05;9999;069;999;09;111111111111000000000000;000000000000000000000000;11101000;000;_;e;10;000011111000000000000000;____;07;036;041;020;033;069;064;0425504771;;;;;;;;;;;;;;;;;;;;;;;;;;;;;;;;;;;;;;;;;;;;;;;;;;
07:19:12;12;06;9999;075;999;09;111111111111000000000000;000000000000000000000000;11101000;000;_;e;10;000010000100000000000000;____;10;039;085;005;039;041;013;0425509708;;;;;;;;;;;;;;;;;;;;;;;;;;;;;;;;;;;;;;;;;;;;;;;;;;
07:21:08;12;07;9999;074;999;09;111111111111000000000000;000000000000000000000000;11101000;000;_;e;10;110111101000000000000000;____;05;026;064;038;024;032;098;0425509712;;;;;;;;;;;;;;;;;;;;;;;;;;;;;;;;;;;;;;;;;;;;;;;;;;
07:23:52;12;08;9999;074;999;09;111111111111000000000000;000000000000000000000000;11101000;000;_;e;10;000011110000000000000000;____;08;056;053;022;053;057;054;0425505079;;;;;;;;;;;;;;;;;;;;;;;;;;;;;;;;;;;;;;;;;;;;;;;;;;
07:24:12;12;09;9999;066;999;09;111111111111000000000000;000000000000000000000000;11101000;000;_;e;10;110000000000000000000000;____;02;037;100;022;002;038;033;0425502681;;;;;;;;;;;;;;;;;;;;;;;;;;;;;;;;;;;;;;;;;;;;;;;;;;
07:35:22;12;10;9999;055;999;09;111111111111000000000000;000000000000000000000000;11101000;000;_;e;10;110000000000000000000000;____;01;034;099;009;034;035;065;0425509716;;;;;;;;;;;;;;;;;;;;;;;;;;;;;;;;;;;;;;;;;;;;;;;;;;
07:37:23;12;11;9999;074;999;09;111111111111000000000000;000000000000000000000000;11101000;000;_;e;10;100110110100000000000000;____;01;038;076;041;032;043;031;0425509313;;;;;;;;;;;;;;;;;;;;;;;;;;;;;;;;;;;;;;;;;;;;;;;;;;
07:37:57;12;12;9999;070;999;09;111111111111000000000000;000000000000000000000000;11101000;000;_;e;10;110010000100000000000000;____;02;034;097;023;-13;046;060;0425509315;;;;;;;;;;;;;;;;;;;;;;;;;;;;;;;;;;;;;;;;;;;;;;;;;;
07:40:53;12;13;9999;066;999;09;111111111111000000000000;000000000000000000000000;11101000;000;_;e;10;001100001100000000000000;____;03;-06;070;026;-08;002;136;0425509317;;;;;;;;;;;;;;;;;;;;;;;;;;;;;;;;;;;;;;;;;;;;;;;;;;
07:46:02;12;14;9999;065;999;09;111111111111000000000000;000000000000000000000000;11101000;000;_;e;10;001101001100000000000000;____;10;-11;083;010;-11;042;096;0425509807;;;;;;;;;;;;;;;;;;;;;;;;;;;;;;;;;;;;;;;;;;;;;;;;;;
07:47:02;12;15;9999;061;999;09;111111111111000000000000;000000000000000000000000;11101000;000;_;e;10;000000001101000000000000;____;12;010;080;004;009;047;026;0425509808;;;;;;;;;;;;;;;;;;;;;;;;;;;;;;;;;;;;;;;;;;;;;;;;;;
07:56:49;12;16;9999;053;999;09;111111111111000000000000;000000000000000000000000;11101000;000;_;e;10;000010100100000000000000;____;10;-02;076;022;-04;004;054;0425509717;;;;;;;;;;;;;;;;;;;;;;;;;;;;;;;;;;;;;;;;;;;;;;;;;;
08:04:55;12;17;9999;072;999;09;111111111111000000000000;000000000000000000000000;11101000;000;_;e;10;001111000101000000000000;____;03;-11;066;015;-13;-03;147;0425509327;;;;;;;;;;;;;;;;;;;;;;;;;;;;;;;;;;;;;;;;;;;;;;;;;;
08:05:46;12;18;9999;068;999;09;111111111111000000000000;000000000000000000000000;11101000;000;_;e;10;000000001001000000000000;____;12;-01;071;004;-01;020;009;0425509325;;;;;;;;;;;;;;;;;;;;;;;;;;;;;;;;;;;;;;;;;;;;;;;;;;
08:41:18;12;19;9999;075;999;09;111111111111000000000000;000000000000000000000000;11101000;000;_;e;10;111111001100000000000000;____;02;051;086;033;028;052;166;0425509352;;;;;;;;;;;;;;;;;;;;;;;;;;;;;;;;;;;;;;;;;;;;;;;;;;
08:41:58;12;20;9999;061;999;09;111111111111000000000000;000000000000000000000000;11101000;000;_;e;10;111110000100000000000000;____;05;033;093;027;-06;037;060;0425509353;;;;;;;;;;;;;;;;;;;;;;;;;;;;;;;;;;;;;;;;;;;;;;;;;;
08:51:34;12;21;9999;074;999;09;111111111111000000000000;000000000000000000000000;11101000;000;_;e;10;101111011100000000000000;____;03;045;066;033;020;050;105;0425509842;;;;;;;;;;;;;;;;;;;;;;;;;;;;;;;;;;;;;;;;;;;;;;;;;;
09:04:41;12;22;9999;076;999;09;111111111111000000000000;000000000000000000000000;11101000;000;_;e;10;000011110000000000000000;____;08;046;052;025;035;049;045;0425509846;;;;;;;;;;;;;;;;;;;;;;;;;;;;;;;;;;;;;;;;;;;;;;;;;;
09:06:25;12;23;9999;073;999;09;111111111111000000000000;000000000000000000000000;11101000;000;_;e;10;001111001100000000000000;____;09;070;068;016;062;070;151;0425509848;;;;;;;;;;;;;;;;;;;;;;;;;;;;;;;;;;;;;;;;;;;;;;;;;;
09:14:13;12;24;9999;075;999;09;111111111111000000000000;000000000000000000000000;11101000;000;_;e;10;111100110000000000000000;____;07;058;049;040;047;074;128;0425509854;;;;;;;;;;;;;;;;;;;;;;;;;;;;;;;;;;;;;;;;;;;;;;;;;;
09:16:04;12;25;9999;078;999;09;111111111111000000000000;000000000000000000000000;11101000;000;_;e;10;101100001000000000000000;____;03;044;084;019;038;044;068;0425509855;;;;;;;;;;;;;;;;;;;;;;;;;;;;;;;;;;;;;;;;;;;;;;;;;;
09:17:13;12;26;9999;078;999;09;111111111111000000000000;000000000000000000000000;11101000;000;_;e;10;000010000100000000000000;____;10;012;065;020;009;012;045;0425509358;;;;;;;;;;;;;;;;;;;;;;;;;;;;;;;;;;;;;;;;;;;;;;;;;;
09:27:27;12;27;9999;078;999;09;111111111111000000000000;000000000000000000000000;11101000;000;_;e;10;100000000000000000000000;____;01;035;101;014;035;046;010;0425505354;;;;;;;;;;;;;;;;;;;;;;;;;;;;;;;;;;;;;;;;;;;;;;;;;;
09:48:40;12;28;9999;075;999;09;111111111111000000000000;000000000000000000000000;11101000;000;_;e;10;001101000100000000000000;____;04;034;080;030;033;035;054;0425505358;;;;;;;;;;;;;;;;;;;;;;;;;;;;;;;;;;;;;;;;;;;;;;;;;;
09:58:08;12;29;9999;074;999;08;111111111111000000000000;000000000000000000000000;11101000;000;_;e;10;000011011100000000000000;____;06;035;060;031;034;057;057;0425505362;;;;;;;;;;;;;;;;;;;;;;;;;;;;;;;;;;;;;;;;;;;;;;;;;;
10:03:13;12;30;9999;077;999;09;111111111111000000000000;000000000000000000000000;11101000;000;_;e;10;101100001100000000000000;____;10;041;086;043;040;043;140;0425505485;;;;;;;;;;;;;;;;;;;;;;;;;;;;;;;;;;;;;;;;;;;;;;;;;;
10:06:22;12;31;9999;075;999;09;111111111111000000000000;000000000000000000000000;11101000;000;_;e;10;001111001100000000000000;____;10;016;070;005;014;022;118;0425505486;;;;;;;;;;;;;;;;;;;;;;;;;;;;;;;;;;;;;;;;;;;;;;;;;;
10:30:07;12;32;9999;078;999;09;111111111111000000000000;000000000000000000000000;11101000;000;_;e;10;110011001100000000000000;____;09;040;079;045;005;060;108;0425505369;;;;;;;;;;;;;;;;;;;;;;;;;;;;;;;;;;;;;;;;;;;;;;;;;;
10:32:41;12;33;9999;043;999;09;111111111111000000000000;000000000000000000000000;11101000;000;_;e;10;111001000000000000000000;____;01;023;100;010;015;028;057;0425505370;;;;;;;;;;;;;;;;;;;;;;;;;;;;;;;;;;;;;;;;;;;;;;;;;;
10:51:58;12;34;9999;073;999;09;111111111111000000000000;000000000000000000000000;11101000;000;_;e;10;000111001100000000000000;____;04;065;059;006;038;065;134;0425505498;;;;;;;;;;;;;;;;;;;;;;;;;;;;;;;;;;;;;;;;;;;;;;;;;;
11:05:26;12;35;9999;075;999;09;111111111111000000000000;000000000000000000000000;11101000;000;_;e;10;111000000000000000000000;____;02;038;101;016;037;054;032;0425490676;;;;;;;;;;;;;;;;;;;;;;;;;;;;;;;;;;;;;;;;;;;;;;;;;;
11:17:55;12;36;9999;077;999;09;111111111111000000000000;000000000000000000000000;11101000;000;_;e;10;001111101000000000000000;____;04;035;048;037;031;041;124;0425502568;;;;;;;;;;;;;;;;;;;;;;;;;;;;;;;;;;;;;;;;;;;;;;;;;;
11:27:36;12;37;9999;073;999;09;111111111111000000000000;000000000000000000000000;11101000;000;_;e;10;000011011100000000000000;____;05;033;063;027;030;035;122;0425506468;;;;;;;;;;;;;;;;;;;;;;;;;;;;;;;;;;;;;;;;;;;;;;;;;;
12:14:40;12;38;9999;056;999;09;111111111111000000000000;000000000000000000000000;11101000;000;_;e;10;100100001100000000000000;____;10;002;081;019;002;035;054;0425509728;;;;;;;;;;;;;;;;;;;;;;;;;;;;;;;;;;;;;;;;;;;;;;;;;;
12:25:58;12;39;9999;067;999;08;111111111111000000000000;000000000000000000000000;11101000;000;_;e;10;111100000000000000000000;____;01;031;099;024;031;035;075;0425502591;;;;;;;;;;;;;;;;;;;;;;;;;;;;;;;;;;;;;;;;;;;;;;;;;;
12:36:02;12;40;9999;068;999;09;111111111111000000000000;000000000000000000000000;11101000;000;_;e;10;010000000001000000000000;____;12;003;073;004;003;042;018;0425506173;;;;;;;;;;;;;;;;;;;;;;;;;;;;;;;;;;;;;;;;;;;;;;;;;;
12:37:49;12;41;9999;075;999;09;111111111111000000000000;000000000000000000000000;11101000;000;_;e;10;110001010100000000000000;____;02;046;075;020;037;071;066;0425502595;;;;;;;;;;;;;;;;;;;;;;;;;;;;;;;;;;;;;;;;;;;;;;;;;;
12:38:36;12;42;9999;057;999;09;111111111111000000000000;000000000000000000000000;11101000;000;_;e;10;010100000101000000000000;____;10;004;083;000;-03;025;075;0425502596;;;;;;;;;;;;;;;;;;;;;;;;;;;;;;;;;;;;;;;;;;;;;;;;;;
12:39:10;12;43;9999;064;999;09;111111111111000000000000;000000000000000000000000;11101000;000;_;e;10;001011111100000000000000;____;05;039;049;009;034;043;118;0425502597;;;;;;;;;;;;;;;;;;;;;;;;;;;;;;;;;;;;;;;;;;;;;;;;;;
12:42:54;12;44;9999;054;999;09;111111111111000000000000;000000000000000000000000;11101000;000;_;e;10;000011101011000000000000;____;07;045;043;016;030;045;101;0425506497;;;;;;;;;;;;;;;;;;;;;;;;;;;;;;;;;;;;;;;;;;;;;;;;;;
12:45:07;12;45;9999;052;999;09;111111111111000000000000;000000000000000000000000;11101000;000;_;e;10;001111001100000000000000;____;09;030;076;039;028;032;133;0425509736;;;;;;;;;;;;;;;;;;;;;;;;;;;;;;;;;;;;;;;;;;;;;;;;;;
12:48:24;12;46;9999;073;999;09;111111111111000000000000;000000000000000000000000;11101000;000;_;e;10;110000000000000000000000;____;02;038;100;022;036;039;036;0425506177;;;;;;;;;;;;;;;;;;;;;;;;;;;;;;;;;;;;;;;;;;;;;;;;;;
12:48:36;12;47;9999;054;974;09;111111111111000000000000;000000000000000000000000;11101000;000;_;e;10;001111111001000000000000;____;03;020;053;015;008;024;115;0425506499;;;;;;;;;;;;;;;;;;;;;;;;;;;;;;;;;;;;;;;;;;;;;;;;;;
12:50:29;12;48;9999;073;999;08;111111111111000000000000;000000000000000000000000;11101000;000;_;e;10;000111111110000000000000;____;05;049;034;018;045;054;188;0425509739;;;;;;;;;;;;;;;;;;;;;;;;;;;;;;;;;;;;;;;;;;;;;;;;;;
12:52:55;12;49;9999;075;999;09;111111111111000000000000;000000000000000000000000;11101000;000;_;e;10;001111001100000000000000;____;04;038;065;028;028;073;136;0425502599;;;;;;;;;;;;;;;;;;;;;;;;;;;;;;;;;;;;;;;;;;;;;;;;;;
13:01:25;12;50;9999;078;999;09;111111111111000000000000;000000000000000000000000;11101000;000;_;e;10;001111000101000000000000;____;10;079;071;024;077;085;139;0425506180;;;;;;;;;;;;;;;;;;;;;;;;;;;;;;;;;;;;;;;;;;;;;;;;;;
13:02:29;12;51;9999;062;999;09;111111111111000000000000;000000000000000000000000;11101000;000;_;e;10;000000110000000000000000;____;08;040;052;007;038;042;031;0425506182;;;;;;;;;;;;;;;;;;;;;;;;;;;;;;;;;;;;;;;;;;;;;;;;;;
13:04:00;12;52;9999;065;999;09;111111111111000000000000;000000000000000000000000;11101000;000;_;e;10;001111001111000000000000;____;10;-05;069;011;-13;014;146;0425506183;;;;;;;;;;;;;;;;;;;;;;;;;;;;;;;;;;;;;;;;;;;;;;;;;;
13:05:34;12;53;9999;052;999;09;111111111111000000000000;000000000000000000000000;11101000;000;_;e;10;001101001100000000000000;____;04;031;078;036;029;032;092;0425509745;;;;;;;;;;;;;;;;;;;;;;;;;;;;;;;;;;;;;;;;;;;;;;;;;;
13:06:46;12;54;9999;065;999;09;111111111111000000000000;000000000000000000000000;11101000;000;_;e;10;000011110000000000000000;____;08;038;050;013;036;041;041;0425505083;;;;;;;;;;;;;;;;;;;;;;;;;;;;;;;;;;;;;;;;;;;;;;;;;;
13:07:21;12;55;9999;060;999;09;111111111111000000000000;000000000000000000000000;11101000;000;_;e;10;000000001100000000000000;____;10;000;088;026;000;056;009;0425505084;;;;;;;;;;;;;;;;;;;;;;;;;;;;;;;;;;;;;;;;;;;;;;;;;;
13:07:25;12;56;9999;065;272;09;111111111111000000000000;000000000000000000000000;11101000;000;_;e;10;110000000000000000000000;____;01;030;098;006;030;033;027;0425504785;;;;;;;;;;;;;;;;;;;;;;;;;;;;;;;;;;;;;;;;;;;;;;;;;;
13:08:30;12;57;9999;075;999;09;111111111111000000000000;000000000000000000000000;11101000;000;_;e;10;001111001100000000000000;____;05;035;066;031;018;052;158;0425504786;;;;;;;;;;;;;;;;;;;;;;;;;;;;;;;;;;;;;;;;;;;;;;;;;;
13:10:04;12;58;9999;065;999;09;111111111111000000000000;000000000000000000000000;11101000;000;_;e;10;001111001100000000000000;____;10;028;079;042;021;029;152;0425509746;;;;;;;;;;;;;;;;;;;;;;;;;;;;;;;;;;;;;;;;;;;;;;;;;;
13:14:26;12;59;9999;064;999;09;111111111111000000000000;000000000000000000000000;11101000;000;_;e;10;111100000001000000000000;____;02;019;097;002;019;050;050;0425509748;;;;;;;;;;;;;;;;;;;;;;;;;;;;;;;;;;;;;;;;;;;;;;;;;;
13:15:10;12;60;9999;040;999;09;111111111111000000000000;000000000000000000000000;11101000;000;_;e;10;111101000100000000000000;____;01;034;097;017;028;043;053;0425509750;;;;;;;;;;;;;;;;;;;;;;;;;;;;;;;;;;;;;;;;;;;;;;;;;;
13:15:13;12;61;9999;076;240;09;111111111111000000000000;000000000000000000000000;11101000;000;_;e;10;000111001100000000000000;____;05;047;044;038;044;057;107;0425509749;;;;;;;;;;;;;;;;;;;;;;;;;;;;;;;;;;;;;;;;;;;;;;;;;;
13:22:39;12;62;9999;064;999;09;111111111111000000000000;000000000000000000000000;11101000;000;_;e;10;001111001100000000000000;____;03;-08;077;015;-12;011;120;0425509755;;;;;;;;;;;;;;;;;;;;;;;;;;;;;;;;;;;;;;;;;;;;;;;;;;
14:04:07;12;63;9999;074;999;09;111111111111000000000000;000000000000000000000000;11101000;000;_;e;10;001110001100000000000000;____;04;043;054;030;039;065;071;0425509360;;;;;;;;;;;;;;;;;;;;;;;;;;;;;;;;;;;;;;;;;;;;;;;;;;
14:05:47;12;64;9999;073;999;09;111111111111000000000000;000000000000000000000000;11010000;000;_;;;;;;;;;;;;;;;;;;;;;;;;;;;;;;;;;;;;;;;;;;;;;;;;;;;;;;;;;;;;;;
14:20:43;12;65;9999;054;999;09;111111111111000000000000;000000000000000000000000;11101000;000;_;e;10;001111001101000000000000;____;03;063;081;005;055;068;162;0425509367;;;;;;;;;;;;;;;;;;;;;;;;;;;;;;;;;;;;;;;;;;;;;;;;;;
15:19:59;12;66;9999;074;999;09;111111111111000000000000;000000000000000000000000;11101000;000;_;e;10;000011111100000000000000;____;05;035;062;023;035;041;123;0425505392;;;;;;;;;;;;;;;;;;;;;;;;;;;;;;;;;;;;;;;;;;;;;;;;;;
15:25:18;12;67;9999;067;999;08;111111111111000000000000;000000000000000000000000;11101000;000;_;e;10;001110101000000000000000;____;05;032;068;046;032;038;087;0425509878;;;;;;;;;;;;;;;;;;;;;;;;;;;;;;;;;;;;;;;;;;;;;;;;;;
15:34:25;12;68;9999;031;999;09;111111111111000000000000;000000000000000000000000;11010000;000;_;;;;;;;;;;;;;;;;;;;;;;;;;;;;;;;;;;;;;;;;;;;;;;;;;;;;;;;;;;;;;;
15:34:31;12;69;9999;008;483;09;111111111111000000000000;000000000000000000000000;11010000;000;_;;;;;;;;;;;;;;;;;;;;;;;;;;;;;;;;;;;;;;;;;;;;;;;;;;;;;;;;;;;;;;
15:35:22;12;70;9999;067;999;09;111111111111000000000000;000000000000000000000000;11101000;000;_;e;10;000100001100000000000000;____;10;-01;079;025;-01;027;048;0425509893;;;;;;;;;;;;;;;;;;;;;;;;;;;;;;;;;;;;;;;;;;;;;;;;;;
15:35:43;12;71;9999;079;999;09;111111111111000000000000;000000000000000000000000;11010000;000;_;;;;;;;;;;;;;;;;;;;;;;;;;;;;;;;;;;;;;;;;;;;;;;;;;;;;;;;;;;;;;;
15:35:48;12;72;9999;034;397;09;111111111111000000000000;000000000000000000000000;11010000;000;_;;;;;;;;;;;;;;;;;;;;;;;;;;;;;;;;;;;;;;;;;;;;;;;;;;;;;;;;;;;;;;
15:35:49;12;73;9999;076;028;09;111111111111000000000000;000000000000000000000000;11010000;000;_;;;;;;;;;;;;;;;;;;;;;;;;;;;;;;;;;;;;;;;;;;;;;;;;;;;;;;;;;;;;;;
15:36:57;12;74;9999;034;999;09;111111111111000000000000;000000000000000000000000;11010000;000;_;;;;;;;;;;;;;;;;;;;;;;;;;;;;;;;;;;;;;;;;;;;;;;;;;;;;;;;;;;;;;;
15:55:59;12;75;9999;079;999;08;111111111111000000000000;000000000000000000000000;11101000;000;_;e;10;001111001100000000000000;____;10;022;053;035;010;029;089;0425490687;;;;;;;;;;;;;;;;;;;;;;;;;;;;;;;;;;;;;;;;;;;;;;;;;;
15:56:29;12;76;9999;067;999;09;111111111111000000000000;000000000000000000000000;11101000;000;_;e;10;111100000101000000000000;____;10;-02;092;006;-07;063;111;0425490688;;;;;;;;;;;;;;;;;;;;;;;;;;;;;;;;;;;;;;;;;;;;;;;;;;
15:57:54;12;77;9999;075;999;09;111111111111000000000000;000000000000000000000000;11101000;000;_;e;10;001111001100000000000000;____;05;041;062;027;040;048;128;0425490690;;;;;;;;;;;;;;;;;;;;;;;;;;;;;;;;;;;;;;;;;;;;;;;;;;
16:07:20;12;78;9999;053;999;09;111111111111000000000000;000000000000000000000000;11101000;000;_;e;10;001110000100000000000000;____;10;059;080;022;056;061;084;0425505087;;;;;;;;;;;;;;;;;;;;;;;;;;;;;;;;;;;;;;;;;;;;;;;;;;
16:10:16;12;79;9999;060;999;09;111111111111000000000000;000000000000000000000000;11101000;000;_;e;10;010000000001000000000000;____;12;007;082;004;007;031;041;0425509757;;;;;;;;;;;;;;;;;;;;;;;;;;;;;;;;;;;;;;;;;;;;;;;;;;
16:19:03;12;80;9999;074;999;09;111111111111000000000000;000000000000000000000000;11101000;000;_;e;10;001111111100000000000000;____;03;034;070;027;033;037;110;0425490692;;;;;;;;;;;;;;;;;;;;;;;;;;;;;;;;;;;;;;;;;;;;;;;;;;
16:31:17;12;81;9999;066;999;09;111111111111000000000000;000000000000000000000000;11101000;000;_;e;10;110000000100000000000000;____;02;038;099;015;005;039;061;0425509760;;;;;;;;;;;;;;;;;;;;;;;;;;;;;;;;;;;;;;;;;;;;;;;;;;
16:35:21;12;82;9999;063;999;09;111111111111000000000000;000000000000000000000000;11101000;000;_;e;10;011110001101000000000000;____;04;-07;083;007;-13;012;138;0425509759;;;;;;;;;;;;;;;;;;;;;;;;;;;;;;;;;;;;;;;;;;;;;;;;;;
16:35:38;12;83;9999;067;999;08;111111111111000000000000;000000000000000000000000;11101000;000;_;e;10;110000000100000000000000;____;02;030;097;008;000;033;047;0425509764;;;;;;;;;;;;;;;;;;;;;;;;;;;;;;;;;;;;;;;;;;;;;;;;;;
16:38:17;12;84;9999;065;999;09;111111111111000000000000;000000000000000000000000;11101000;000;_;e;10;000100000100000000000000;____;10;-05;077;018;-05;-02;070;0425502689;;;;;;;;;;;;;;;;;;;;;;;;;;;;;;;;;;;;;;;;;;;;;;;;;;
16:39:30;12;85;9999;078;999;09;111111111111000000000000;000000000000000000000000;11101000;000;_;e;10;101100100100000000000000;____;04;029;054;031;025;030;050;0425502688;;;;;;;;;;;;;;;;;;;;;;;;;;;;;;;;;;;;;;;;;;;;;;;;;;
16:41:56;12;86;9999;074;999;09;111111111111000000000000;000000000000000000000000;11101000;000;_;e;10;001101001100000000000000;____;09;062;075;033;057;062;084;0425509765;;;;;;;;;;;;;;;;;;;;;;;;;;;;;;;;;;;;;;;;;;;;;;;;;;
17:00:55;12;87;9999;076;999;09;111111111111000000000000;000000000000000000000000;11101000;000;_;e;10;001010001100000000000000;____;03;054;070;044;051;056;054;0425512407;;;;;;;;;;;;;;;;;;;;;;;;;;;;;;;;;;;;;;;;;;;;;;;;;;
17:01:21;12;88;9999;071;999;09;111111111111000000000000;000000000000000000000000;11101000;000;_;e;10;001000000100000000000000;____;10;-01;082;008;-02;023;041;0425502697;;;;;;;;;;;;;;;;;;;;;;;;;;;;;;;;;;;;;;;;;;;;;;;;;;
17:07:30;12;89;9999;074;999;09;111111111111000000000000;000000000000000000000000;11101000;000;_;e;10;111100000100000000000000;____;04;039;079;037;034;043;097;0425512705;;;;;;;;;;;;;;;;;;;;;;;;;;;;;;;;;;;;;;;;;;;;;;;;;;
17:09:52;12;90;9999;080;999;09;111111111111000000000000;000000000000000000000000;11101000;000;_;e;10;001111101100000000000000;____;05;048;054;028;043;053;186;0425506196;;;;;;;;;;;;;;;;;;;;;;;;;;;;;;;;;;;;;;;;;;;;;;;;;;
17:12:04;12;91;9999;075;999;09;111111111111000000000000;000000000000000000000000;11101000;000;_;e;10;111110101100000000000000;____;03;048;075;033;044;051;085;0425509770;;;;;;;;;;;;;;;;;;;;;;;;;;;;;;;;;;;;;;;;;;;;;;;;;;
17:15:17;12;92;9999;060;999;09;111111111111000000000000;000000000000000000000000;11101000;000;_;e;10;000010101000000000000000;____;09;014;055;028;009;014;012;0425513102;;;;;;;;;;;;;;;;;;;;;;;;;;;;;;;;;;;;;;;;;;;;;;;;;;
17:18:43;12;93;9999;074;999;09;111111111111000000000000;000000000000000000000000;11101000;000;_;e;10;001100001100000000000000;____;10;039;081;029;017;041;076;0425509771;;;;;;;;;;;;;;;;;;;;;;;;;;;;;;;;;;;;;;;;;;;;;;;;;;
17:29:26;12;94;9999;075;999;09;111111111111000000000000;000000000000000000000000;11101000;000;_;e;10;000110000100000000000000;____;10;078;068;003;034;079;015;0425512413;;;;;;;;;;;;;;;;;;;;;;;;;;;;;;;;;;;;;;;;;;;;;;;;;;
17:29:56;12;95;9999;067;999;09;111111111111000000000000;000000000000000000000000;11101000;000;_;e;10;001000000101000000000000;____;12;-05;071;004;-06;032;013;0425513103;;;;;;;;;;;;;;;;;;;;;;;;;;;;;;;;;;;;;;;;;;;;;;;;;;
17:35:14;12;96;9999;053;999;09;111111111111000000000000;000000000000000000000000;11101000;000;_;e;10;000100010000000000000000;____;08;000;078;018;000;022;007;0425512511;;;;;;;;;;;;;;;;;;;;;;;;;;;;;;;;;;;;;;;;;;;;;;;;;;
17:36:32;12;97;9999;076;999;09;111111111111000000000000;000000000000000000000000;11101000;000;_;e;10;000111001100000000000000;____;04;075;063;022;033;076;066;0425512512;;;;;;;;;;;;;;;;;;;;;;;;;;;;;;;;;;;;;;;;;;;;;;;;;;
17:38:44;12;98;9999;074;999;09;111111111111000000000000;000000000000000000000000;11101000;000;_;e;10;011001000100000000000000;____;02;072;097;019;070;074;043;0425512804;;;;;;;;;;;;;;;;;;;;;;;;;;;;;;;;;;;;;;;;;;;;;;;;;;
17:39:28;12;99;9999;075;999;09;111111111111000000000000;000000000000000000000000;11101000;000;_;e;10;111100000100000000000000;____;03;042;078;030;040;044;056;0425513211;;;;;;;;;;;;;;;;;;;;;;;;;;;;;;;;;;;;;;;;;;;;;;;;;;
17:42:06;12;01;9999;062;999;09;111111111111000000000000;000000000000000000000000;11101000;000;_;e;10;001111001100000000000000;____;03;056;084;023;007;064;062;0425512507;;;;;;;;;;;;;;;;;;;;;;;;;;;;;;;;;;;;;;;;;;;;;;;;;;
17:42:49;12;02;9999;055;999;09;111111111111000000000000;000000000000000000000000;11101000;000;_;e;10;111001001100000000000000;____;06;046;097;017;017;048;075;0425512508;;;;;;;;;;;;;;;;;;;;;;;;;;;;;;;;;;;;;;;;;;;;;;;;;;
17:47:36;12;03;9999;060;999;09;111111111111000000000000;000000000000000000000000;11101000;000;_;e;10;011111001100000000000000;____;09;040;071;030;027;043;116;0425509777;;;;;;;;;;;;;;;;;;;;;;;;;;;;;;;;;;;;;;;;;;;;;;;;;;
17:53:19;12;04;9999;057;999;09;111111111111000000000000;000000000000000000000000;11101000;000;_;e;10;010001110100000000000000;____;07;028;063;027;020;029;059;0425512514;;;;;;;;;;;;;;;;;;;;;;;;;;;;;;;;;;;;;;;;;;;;;;;;;;
18:00:28;12;05;9999;084;999;09;111111111111000000000000;000000000000000000000000;11101000;000;_;e;10;001111101000000000000000;____;05;036;062;038;036;047;091;0425513515;;;;;;;;;;;;;;;;;;;;;;;;;;;;;;;;;;;;;;;;;;;;;;;;;;
18:04:11;12;06;9999;068;999;09;111111111111000000000000;000000000000000000000000;11101000;000;_;e;10;110000000100000000000000;____;01;-05;097;022;-07;-02;047;0425513523;;;;;;;;;;;;;;;;;;;;;;;;;;;;;;;;;;;;;;;;;;;;;;;;;;
18:09:25;12;07;9999;073;999;09;111111111111000000000000;000000000000000000000000;11101000;000;_;e;10;111100000000000000000000;____;03;035;081;018;033;036;064;0425512422;;;;;;;;;;;;;;;;;;;;;;;;;;;;;;;;;;;;;;;;;;;;;;;;;;
18:14:03;12;08;9999;049;999;09;111111111111000000000000;000000000000000000000000;11101000;000;_;e;10;101100000001000000000000;____;01;059;080;013;047;061;073;0425513529;;;;;;;;;;;;;;;;;;;;;;;;;;;;;;;;;;;;;;;;;;;;;;;;;;
18:16:16;12;09;9999;066;999;09;111111111111000000000000;000000000000000000000000;11101000;000;_;e;10;110000000000000000000000;____;02;035;097;009;035;037;033;0425512809;;;;;;;;;;;;;;;;;;;;;;;;;;;;;;;;;;;;;;;;;;;;;;;;;;
18:17:26;12;10;9999;067;999;09;111111111111000000000000;000000000000000000000000;11101000;000;_;e;10;000111111100000000000000;____;06;034;040;009;032;039;117;0425512810;;;;;;;;;;;;;;;;;;;;;;;;;;;;;;;;;;;;;;;;;;;;;;;;;;
18:23:59;12;11;9999;075;999;09;111111111111000000000000;000000000000000000000000;11101000;000;_;e;10;001010000000000000000000;____;03;069;078;006;023;069;005;0425512812;;;;;;;;;;;;;;;;;;;;;;;;;;;;;;;;;;;;;;;;;;;;;;;;;;
18:33:30;12;12;9999;079;999;09;111111111111000000000000;000000000000000000000000;11101000;000;_;e;10;110011110000000000000000;____;05;041;064;028;041;047;087;0425512536;;;;;;;;;;;;;;;;;;;;;;;;;;;;;;;;;;;;;;;;;;;;;;;;;;
18:38:21;12;13;9999;073;999;09;111111111111000000000000;000000000000000000000000;11101000;000;_;e;10;001111001100000000000000;____;09;-01;065;021;-04;006;130;0425512539;;;;;;;;;;;;;;;;;;;;;;;;;;;;;;;;;;;;;;;;;;;;;;;;;;
19:03:04;12;14;9999;075;999;09;111111111111000000000000;000000000000000000000000;11101000;000;_;e;10;000110000100000000000000;____;04;010;087;018;006;012;079;0425512548;;;;;;;;;;;;;;;;;;;;;;;;;;;;;;;;;;;;;;;;;;;;;;;;;;
19:04:18;12;15;9999;074;999;09;111111111111000000000000;000000000000000000000000;11101000;000;_;e;10;001100000000000000000000;____;03;041;087;022;040;041;011;0425512549;;;;;;;;;;;;;;;;;;;;;;;;;;;;;;;;;;;;;;;;;;;;;;;;;;
19:05:40;12;16;9999;075;999;09;111111111111000000000000;000000000000000000000000;11101000;000;_;e;10;001111111100000000000000;____;06;067;049;018;041;070;067;0425513245;;;;;;;;;;;;;;;;;;;;;;;;;;;;;;;;;;;;;;;;;;;;;;;;;;
19:08:44;12;17;9999;053;999;09;111111111111000000000000;000000000000000000000000;11101000;000;_;e;10;001111001100000000000000;____;04;021;086;035;014;024;135;0425512734;;;;;;;;;;;;;;;;;;;;;;;;;;;;;;;;;;;;;;;;;;;;;;;;;;
19:20:50;12;18;9999;078;999;09;111111111111000000000000;000000000000000000000000;11101000;000;_;e;10;000011101100000000000000;____;06;024;048;019;014;032;063;0425514005;;;;;;;;;;;;;;;;;;;;;;;;;;;;;;;;;;;;;;;;;;;;;;;;;;
19:37:08;12;19;9999;057;999;09;111111111111000000000000;000000000000000000000000;11101000;000;_;e;10;011111001100000000000000;____;06;020;072;024;014;023;084;0425514010;;;;;;;;;;;;;;;;;;;;;;;;;;;;;;;;;;;;;;;;;;;;;;;;;;
20:14:01;12;20;9999;075;999;09;111111111111000000000000;000000000000000000000000;11101000;000;_;e;10;100100001101000000000000;____;10;003;079;005;003;024;080;0425514021;;;;;;;;;;;;;;;;;;;;;;;;;;;;;;;;;;;;;;;;;;;;;;;;;;
20:21:56;12;21;9999;075;999;09;111111111111000000000000;000000000000000000000000;11101000;000;_;e;10;000001101000000000000000;____;07;055;043;023;049;071;028;0425512425;;;;;;;;;;;;;;;;;;;;;;;;;;;;;;;;;;;;;;;;;;;;;;;;;;
20:22:22;12;22;9999;075;999;09;111111111111000000000000;000000000000000000000000;11001000;000;_;e;10;001110001101000000000000;____;03;020;075;029;019;025;092;0425514022;024;065;004;024;047;035;0050120049;;;;;;;;;;;;;;;;;;;;;;;;;;;;;;;;;;;;;;;;;;;
20:27:31;12;23;9999;075;999;09;111111111111000000000000;000000000000000000000000;11101000;000;_;e;10;001000000000000000000000;____;03;032;087;018;031;057;024;0425509782;;;;;;;;;;;;;;;;;;;;;;;;;;;;;;;;;;;;;;;;;;;;;;;;;;
20:46:02;12;24;9999;057;999;09;111111111111000000000000;000000000000000000000000;11101000;000;_;e;10;001101000101000000000000;____;10;-07;085;007;-09;000;147;0425512427;;;;;;;;;;;;;;;;;;;;;;;;;;;;;;;;;;;;;;;;;;;;;;;;;;
20:53:12;12;25;9999;079;999;09;111111111111000000000000;000000000000000000000000;11101000;000;_;e;10;001110000100000000000000;____;10;-06;077;021;-09;-03;079;0425514039;;;;;;;;;;;;;;;;;;;;;;;;;;;;;;;;;;;;;;;;;;;;;;;;;;
20:53:16;12;26;9999;058;283;09;111111111111000000000000;000000000000000000000000;11101000;000;_;e;10;101101001101000000000000;____;03;-03;065;015;-03;037;113;0425509792;;;;;;;;;;;;;;;;;;;;;;;;;;;;;;;;;;;;;;;;;;;;;;;;;;
20:55:12;12;27;9999;054;999;09;111111111111000000000000;000000000000000000000000;11101000;000;_;e;10;000000100011000000000000;____;11;038;058;004;037;039;030;0425514041;;;;;;;;;;;;;;;;;;;;;;;;;;;;;;;;;;;;;;;;;;;;;;;;;;
20:56:55;12;28;9999;079;999;09;111111111111000000000000;000000000000000000000000;11101000;000;_;e;10;001110000100000000000000;____;04;035;081;029;015;038;049;0425514409;;;;;;;;;;;;;;;;;;;;;;;;;;;;;;;;;;;;;;;;;;;;;;;;;;
21:01:29;12;29;9999;075;999;09;111111111111000000000000;000000000000000000000000;11101000;000;_;e;10;001111010100000000000000;____;04;074;058;019;031;075;079;0425509797;;;;;;;;;;;;;;;;;;;;;;;;;;;;;;;;;;;;;;;;;;;;;;;;;;
21:01:37;12;30;9999;066;614;08;111111111111000000000000;000000000000000000000000;11101000;000;_;e;10;110100000000000000000000;____;01;033;102;011;010;046;044;0425512430;;;;;;;;;;;;;;;;;;;;;;;;;;;;;;;;;;;;;;;;;;;;;;;;;;
21:02:42;12;31;9999;075;999;09;111111111111000000000000;000000000000000000000000;11101000;000;_;e;10;000000000100000000000000;____;10;070;072;017;070;071;032;0425512431;;;;;;;;;;;;;;;;;;;;;;;;;;;;;;;;;;;;;;;;;;;;;;;;;;
21:04:12;12;32;9999;071;999;09;111111111111000000000000;000000000000000000000000;11101000;000;_;e;10;001011111010000000000000;____;05;051;040;006;017;053;087;0425512432;;;;;;;;;;;;;;;;;;;;;;;;;;;;;;;;;;;;;;;;;;;;;;;;;;
21:04:42;12;33;9999;053;999;09;111111111111000000000000;000000000000000000000000;11101000;000;_;e;10;001101001101000000000000;____;09;064;085;021;042;067;103;0425514215;;;;;;;;;;;;;;;;;;;;;;;;;;;;;;;;;;;;;;;;;;;;;;;;;;
21:05:55;12;34;9999;078;999;09;111111111111000000000000;000000000000000000000000;11101000;000;_;e;10;110000000000000000000000;____;01;040;100;018;038;042;067;0425512433;;;;;;;;;;;;;;;;;;;;;;;;;;;;;;;;;;;;;;;;;;;;;;;;;;
21:07:04;12;35;9999;067;999;08;111111111111000000000000;000000000000000000000000;11101000;000;_;e;10;001001110000000000000000;____;07;048;041;015;015;049;047;0425514415;;;;;;;;;;;;;;;;;;;;;;;;;;;;;;;;;;;;;;;;;;;;;;;;;;
21:10:55;12;36;9999;061;999;09;111111111111000000000000;000000000000000000000000;11101000;000;_;e;10;000000001100000000000000;____;10;001;071;021;001;056;047;0425514417;;;;;;;;;;;;;;;;;;;;;;;;;;;;;;;;;;;;;;;;;;;;;;;;;;
21:11:30;12;37;9999;076;999;09;111111111111000000000000;000000000000000000000000;11101000;000;_;e;10;000011100000000000000000;____;05;051;051;024;035;054;060;0425514218;;;;;;;;;;;;;;;;;;;;;;;;;;;;;;;;;;;;;;;;;;;;;;;;;;
21:13:38;12;38;9999;057;999;09;111111111111000000000000;000000000000000000000000;11101000;000;_;e;10;000100110000000000000000;____;07;035;042;015;020;035;047;0425514219;;;;;;;;;;;;;;;;;;;;;;;;;;;;;;;;;;;;;;;;;;;;;;;;;;
21:18:13;12;39;9999;054;999;09;111111111111000000000000;000000000000000000000000;11101000;000;_;e;10;100000001100000000000000;____;01;018;096;017;-04;018;020;0425514221;;;;;;;;;;;;;;;;;;;;;;;;;;;;;;;;;;;;;;;;;;;;;;;;;;
21:18:56;12;40;9999;052;999;09;111111111111000000000000;000000000000000000000000;11101000;000;_;e;10;110000000100000000000000;____;02;031;100;018;028;038;059;0425514059;;;;;;;;;;;;;;;;;;;;;;;;;;;;;;;;;;;;;;;;;;;;;;;;;;
21:19:04;12;41;9999;058;684;09;111111111111000000000000;000000000000000000000000;11101000;000;_;e;10;001111001101000000000000;____;10;-06;073;008;-08;017;180;0425514222;;;;;;;;;;;;;;;;;;;;;;;;;;;;;;;;;;;;;;;;;;;;;;;;;;
21:19:56;12;42;9999;078;999;09;111111111111000000000000;000000000000000000000000;11101000;000;_;e;10;100011111000000000000000;____;05;044;056;022;018;048;125;0425514223;;;;;;;;;;;;;;;;;;;;;;;;;;;;;;;;;;;;;;;;;;;;;;;;;;
21:21:13;12;43;9999;063;999;09;111111111111000000000000;000000000000000000000000;11101000;000;_;e;10;100010100100000000000000;____;10;002;065;018;002;022;046;0425514224;;;;;;;;;;;;;;;;;;;;;;;;;;;;;;;;;;;;;;;;;;;;;;;;;;
21:23:17;12;44;9999;075;999;09;111111111111000000000000;000000000000000000000000;11101000;000;_;e;10;001111001100000000000000;____;10;013;067;008;012;041;087;0425514225;;;;;;;;;;;;;;;;;;;;;;;;;;;;;;;;;;;;;;;;;;;;;;;;;;
21:28:30;12;45;9999;077;999;09;111111111111000000000000;000000000000000000000000;11101000;000;_;e;10;100011111100000000000000;____;05;038;057;029;008;049;088;0425514068;;;;;;;;;;;;;;;;;;;;;;;;;;;;;;;;;;;;;;;;;;;;;;;;;;
21:30:05;12;46;9999;075;999;09;111111111111000000000000;000000000000000000000000;11101000;000;_;e;10;101011000100000000000000;____;10;002;062;024;001;046;065;0425512446;;;;;;;;;;;;;;;;;;;;;;;;;;;;;;;;;;;;;;;;;;;;;;;;;;
21:32:14;12;47;9999;073;999;09;111111111111000000000000;000000000000000000000000;11101000;000;_;e;10;001101001100000000000000;____;09;059;062;035;002;059;075;0425513122;;;;;;;;;;;;;;;;;;;;;;;;;;;;;;;;;;;;;;;;;;;;;;;;;;
21:32:48;12;48;9999;060;999;09;111111111111000000000000;000000000000000000000000;11101000;000;_;e;10;010010000011000000000000;____;11;005;054;004;003;019;028;0425514426;;;;;;;;;;;;;;;;;;;;;;;;;;;;;;;;;;;;;;;;;;;;;;;;;;
21:33:31;12;49;9999;060;999;09;111111111111000000000000;000000000000000000000000;11101000;000;_;e;10;001010000100000000000000;____;10;012;066;024;001;054;166;0425514069;;;;;;;;;;;;;;;;;;;;;;;;;;;;;;;;;;;;;;;;;;;;;;;;;;
21:44:00;12;50;9999;060;999;09;111111111111000000000000;000000000000000000000000;11101000;000;_;e;10;000001100100000000000000;____;10;156;019;025;156;159;079;0425514069;;;;;;;;;;;;;;;;;;;;;;;;;;;;;;;;;;;;;;;;;;;;;;;;;;
21:44:09;12;51;9999;167;999;09;111111111111000000000000;000000000000000000000000;11101000;000;_;e;10;110000001100000000000000;____;01;134;102;011;114;136;067;0425509378;;;;;;;;;;;;;;;;;;;;;;;;;;;;;;;;;;;;;;;;;;;;;;;;;;
21:47:15;12;52;9999;079;999;09;111111111111000000000000;000000000000000000000000;11101000;000;_;e;10;011101101000000000000000;____;04;032;056;037;028;048;087;0425514071;;;;;;;;;;;;;;;;;;;;;;;;;;;;;;;;;;;;;;;;;;;;;;;;;;
21:50:10;12;53;9999;078;999;09;111111111111000000000000;000000000000000000000000;11101000;000;_;e;10;110000000000000000000000;____;01;041;098;016;005;042;054;0425512450;;;;;;;;;;;;;;;;;;;;;;;;;;;;;;;;;;;;;;;;;;;;;;;;;;
21:50:20;12;54;9999;079;727;08;111111111111000000000000;000000000000000000000000;11101000;000;_;e;10;001101001100000000000000;____;03;039;072;034;039;042;080;0425512451;;;;;;;;;;;;;;;;;;;;;;;;;;;;;;;;;;;;;;;;;;;;;;;;;;
21:50:53;12;55;9999;074;999;09;111111111111000000000000;000000000000000000000000;11101000;000;_;e;10;110000000000000000000000;____;02;044;099;017;044;047;036;0425512452;;;;;;;;;;;;;;;;;;;;;;;;;;;;;;;;;;;;;;;;;;;;;;;;;;
21:51:24;12;56;9999;077;999;09;111111111111000000000000;000000000000000000000000;11101000;000;_;e;10;101101001100000000000000;____;03;037;069;033;034;040;058;0425512453;;;;;;;;;;;;;;;;;;;;;;;;;;;;;;;;;;;;;;;;;;;;;;;;;;
21:52:28;12;57;9999;076;999;09;111111111111000000000000;000000000000000000000000;11101000;000;_;e;10;011101001000000000000000;____;06;038;077;037;035;038;063;0425512454;;;;;;;;;;;;;;;;;;;;;;;;;;;;;;;;;;;;;;;;;;;;;;;;;;
22:00:03;12;58;9999;079;999;09;111111111111000000000000;000000000000000000000000;11101000;000;_;e;10;001101101100000000000000;____;03;039;056;028;030;045;073;0425509385;;;;;;;;;;;;;;;;;;;;;;;;;;;;;;;;;;;;;;;;;;;;;;;;;;
22:10:24;12;59;9999;075;999;09;111111111111000000000000;000000000000000000000000;11101000;000;_;e;10;111101111100000000000000;____;08;044;049;037;028;053;144;0425512459;;;;;;;;;;;;;;;;;;;;;;;;;;;;;;;;;;;;;;;;;;;;;;;;;;
22:14:42;12;60;9999;056;999;09;111111111111000000000000;000000000000000000000000;11101000;000;_;e;10;001111001100000000000000;____;03;036;089;031;025;041;070;0425514233;;;;;;;;;;;;;;;;;;;;;;;;;;;;;;;;;;;;;;;;;;;;;;;;;;
22:15:11;12;61;9999;074;999;09;111111111111000000000000;000000000000000000000000;11101000;000;_;e;10;110100001100000000000000;____;02;048;084;035;014;048;123;0425514234;;;;;;;;;;;;;;;;;;;;;;;;;;;;;;;;;;;;;;;;;;;;;;;;;;
22:17:45;12;62;9999;073;999;08;111111111111000000000000;000000000000000000000000;11010000;000;_;;;;;;;;;;;;;;;;;;;;;;;;;;;;;;;;;;;;;;;;;;;;;;;;;;;;;;;;;;;;;;
22:17:54;12;63;9999;075;698;09;111111111111000000000000;000000000000000000000000;11101000;000;_;e;10;001111001100000000000000;____;10;076;072;021;065;080;142;0425514232;;;;;;;;;;;;;;;;;;;;;;;;;;;;;;;;;;;;;;;;;;;;;;;;;;
22:18:20;12;64;9999;081;999;09;111111111111000000000000;000000000000000000000000;11101000;000;_;e;10;111110000100000000000000;____;01;025;090;023;020;078;093;0425514235;;;;;;;;;;;;;;;;;;;;;;;;;;;;;;;;;;;;;;;;;;;;;;;;;;
22:54:47;12;65;9999;057;999;09;111111111111000000000000;000000000000000000000000;11101000;000;_;e;10;111101001101000000000000;____;09;063;082;005;057;073;144;0425509393;;;;;;;;;;;;;;;;;;;;;;;;;;;;;;;;;;;;;;;;;;;;;;;;;;
22:57:50;12;66;9999;078;999;09;111111111111000000000000;000000000000000000000000;11101000;000;_;e;10;110000000000000000000000;____;01;043;098;013;014;045;062;0425512468;;;;;;;;;;;;;;;;;;;;;;;;;;;;;;;;;;;;;;;;;;;;;;;;;;
