RDT400 Server V3.30
Site: 
System: Barcode scanner PLC02 (Sick); System type: OPS
Date: 28-12-2024  00:00:07
Date    ;ID;CT;IDX ;TLE;TGA;V ;DEVICE LIST             ;ERROR LIST              ;OUTPUT  ;ENR;R;CODE1 ID;LENGTH;READ LIST;RES;CLV ID;XPOS;YPOS;ZPOS;XMIN;XMAX;CS;CODE CONTENT;XPOS;YPOS;ZPOS;XMIN;XMAX;CS;CODE CONTENT;CODE2 ID;LENGTH;READ LIST;RES;CLV ID;XPOS;YPOS;ZPOS;XMIN;XMAX;CS;CODE CONTENT;XPOS;YPOS;ZPOS;XMIN;XMAX;CS;CODE CONTENT;CODE3 ID;LENGTH;READ LIST;RES;CLV ID;XPOS;YPOS;ZPOS;XMIN;XMAX;CS;CODE CONTENT;XPOS;YPOS;ZPOS;XMIN;XMAX;CS;CODE CONTENT;INFO1;INFO2;CUSTOM1;CUSTOM2;
04:16:13;12;50;9999;074;999;09;111111111111000000000000;000000000000000000000000;11101000;000;_;e;10;001111001100000000000000;____;10;072;066;018;045;074;094;0425657047;;;;;;;;;;;;;;;;;;;;;;;;;;;;;;;;;;;;;;;;;;;;;;;;;;
04:19:35;12;51;9999;070;999;08;111111111111000000000000;000000000000000000000000;11101000;000;_;e;10;110100000000000000000000;____;01;038;093;008;038;043;043;0425696438;;;;;;;;;;;;;;;;;;;;;;;;;;;;;;;;;;;;;;;;;;;;;;;;;;
04:20:09;12;52;9999;069;999;09;111111111111000000000000;000000000000000000000000;11101000;000;_;e;10;000011111010000000000000;____;05;044;033;006;028;055;095;0425696775;;;;;;;;;;;;;;;;;;;;;;;;;;;;;;;;;;;;;;;;;;;;;;;;;;
04:47:43;12;53;9999;063;999;09;111111111111000000000000;000000000000000000000000;11101000;000;_;e;10;001001000001000000000000;____;03;047;062;022;036;048;016;0425696439;;;;;;;;;;;;;;;;;;;;;;;;;;;;;;;;;;;;;;;;;;;;;;;;;;
05:00:36;12;54;9999;075;999;09;111111111111000000000000;000000000000000000000000;11101000;000;_;e;10;000011110000000000000000;____;08;032;041;006;029;036;062;0425657049;;;;;;;;;;;;;;;;;;;;;;;;;;;;;;;;;;;;;;;;;;;;;;;;;;
05:01:33;12;55;9999;070;999;09;111111111111000000000000;000000000000000000000000;11101000;000;_;e;10;000110000100000000000000;____;10;006;080;020;005;027;039;0425696442;;;;;;;;;;;;;;;;;;;;;;;;;;;;;;;;;;;;;;;;;;;;;;;;;;
05:01:37;12;56;9999;075;303;09;111111111111000000000000;000000000000000000000000;11101000;000;_;e;10;001101001100000000000000;____;03;059;070;032;046;063;094;0425696795;;;;;;;;;;;;;;;;;;;;;;;;;;;;;;;;;;;;;;;;;;;;;;;;;;
05:10:03;12;57;9999;074;999;09;111111111111000000000000;000000000000000000000000;11101000;000;_;e;10;111000000000000000000000;____;03;044;082;026;041;044;061;0425697160;;;;;;;;;;;;;;;;;;;;;;;;;;;;;;;;;;;;;;;;;;;;;;;;;;
05:14:48;12;58;9999;075;999;09;111111111111000000000000;000000000000000000000000;11101000;000;_;e;10;000011110000000000000000;____;07;041;052;030;037;042;069;0425696028;;;;;;;;;;;;;;;;;;;;;;;;;;;;;;;;;;;;;;;;;;;;;;;;;;
05:28:22;12;59;9999;075;999;09;111111111111000000000000;000000000000000000000000;11101000;000;_;e;10;001101010100000000000000;____;10;009;074;029;007;034;109;0425657055;;;;;;;;;;;;;;;;;;;;;;;;;;;;;;;;;;;;;;;;;;;;;;;;;;
05:32:01;12;60;9999;074;999;09;111111111111000000000000;000000000000000000000000;11101000;000;_;e;10;000011000100000000000000;____;06;024;054;025;009;027;089;0425640791;;;;;;;;;;;;;;;;;;;;;;;;;;;;;;;;;;;;;;;;;;;;;;;;;;
05:36:16;12;61;9999;069;999;08;111111111111000000000000;000000000000000000000000;11101000;000;_;e;10;001111100100000000000000;____;05;044;039;021;040;051;063;0425697168;;;;;;;;;;;;;;;;;;;;;;;;;;;;;;;;;;;;;;;;;;;;;;;;;;
05:38:23;12;62;9999;057;999;09;111111111111000000000000;000000000000000000000000;11101000;000;_;e;10;010000000000000000000000;____;02;032;101;009;032;032;012;0425696358;;;;;;;;;;;;;;;;;;;;;;;;;;;;;;;;;;;;;;;;;;;;;;;;;;
05:40:27;12;63;9999;076;999;09;111111111111000000000000;000000000000000000000000;11101000;000;_;e;10;001101010100000000000000;____;03;040;085;024;039;045;060;0425640794;;;;;;;;;;;;;;;;;;;;;;;;;;;;;;;;;;;;;;;;;;;;;;;;;;
05:41:10;12;64;9999;076;999;09;111111111111000000000000;000000000000000000000000;11101000;000;_;e;10;001101001100000000000000;____;03;033;080;025;031;035;110;0425640796;;;;;;;;;;;;;;;;;;;;;;;;;;;;;;;;;;;;;;;;;;;;;;;;;;
05:41:18;12;65;9999;078;660;09;111111111111000000000000;000000000000000000000000;11101000;000;_;e;10;011110010100000000000000;____;03;027;081;046;-06;029;065;0425657059;;;;;;;;;;;;;;;;;;;;;;;;;;;;;;;;;;;;;;;;;;;;;;;;;;
05:42:35;12;66;9999;065;999;09;111111111111000000000000;000000000000000000000000;11101000;000;_;e;10;111000001100000000000000;____;01;036;101;009;005;043;045;0425689290;;;;;;;;;;;;;;;;;;;;;;;;;;;;;;;;;;;;;;;;;;;;;;;;;;
05:43:46;12;67;9999;078;999;09;111111111111000000000000;000000000000000000000000;11101000;000;_;e;10;110000000000000000000000;____;02;044;100;019;016;053;034;0425657060;;;;;;;;;;;;;;;;;;;;;;;;;;;;;;;;;;;;;;;;;;;;;;;;;;
05:45:51;12;68;9999;076;999;09;111111111111000000000000;000000000000000000000000;11101000;000;_;e;10;001111000100000000000000;____;05;046;055;035;039;049;070;0425689291;;;;;;;;;;;;;;;;;;;;;;;;;;;;;;;;;;;;;;;;;;;;;;;;;;
05:46:25;12;69;9999;060;999;09;111111111111000000000000;000000000000000000000000;11101000;000;_;e;10;000110000000000000000000;____;05;043;067;014;043;044;005;0425696456;;;;;;;;;;;;;;;;;;;;;;;;;;;;;;;;;;;;;;;;;;;;;;;;;;
05:51:39;12;70;9999;079;999;09;111111111111000000000000;000000000000000000000000;11101000;000;_;e;10;000001000000000000000000;____;06;043;060;018;043;043;002;0425697174;;;;;;;;;;;;;;;;;;;;;;;;;;;;;;;;;;;;;;;;;;;;;;;;;;
05:53:26;12;71;9999;068;999;08;111111111111000000000000;000000000000000000000000;11101000;000;_;e;10;001111010100000000000000;____;03;-03;053;013;-03;027;063;0425690760;;;;;;;;;;;;;;;;;;;;;;;;;;;;;;;;;;;;;;;;;;;;;;;;;;
05:55:46;12;72;9999;075;999;09;111111111111000000000000;000000000000000000000000;11101000;000;_;e;10;000111100100000000000000;____;05;046;053;023;043;051;106;0425696664;;;;;;;;;;;;;;;;;;;;;;;;;;;;;;;;;;;;;;;;;;;;;;;;;;
05:56:16;12;73;9999;070;999;09;111111111111000000000000;000000000000000000000000;11101000;000;_;e;10;111100000000000000000000;____;02;022;092;012;021;033;076;0425696461;;;;;;;;;;;;;;;;;;;;;;;;;;;;;;;;;;;;;;;;;;;;;;;;;;
06:00:36;12;74;9999;067;999;09;111111111111000000000000;000000000000000000000000;11101000;000;_;e;10;111110001000000000000000;____;04;033;099;030;018;036;074;0425690765;;;;;;;;;;;;;;;;;;;;;;;;;;;;;;;;;;;;;;;;;;;;;;;;;;
06:01:23;12;75;9999;076;999;09;111111111111000000000000;000000000000000000000000;11010000;000;_;;;;;;;;;;;;;;;;;;;;;;;;;;;;;;;;;;;;;;;;;;;;;;;;;;;;;;;;;;;;;;
06:01:53;12;76;9999;069;999;09;111111111111000000000000;000000000000000000000000;11101000;000;_;e;10;001111011110000000000000;____;03;-10;052;023;-10;014;138;0425657067;;;;;;;;;;;;;;;;;;;;;;;;;;;;;;;;;;;;;;;;;;;;;;;;;;
06:02:35;12;77;9999;074;999;09;111111111111000000000000;000000000000000000000000;11101000;000;_;e;10;001111101100000000000000;____;06;040;060;035;025;044;070;0425690768;;;;;;;;;;;;;;;;;;;;;;;;;;;;;;;;;;;;;;;;;;;;;;;;;;
06:04:22;12;78;9999;060;999;09;111111111111000000000000;000000000000000000000000;11101000;000;_;e;10;010000001101000000000000;____;12;009;083;004;008;026;035;0425689883;;;;;;;;;;;;;;;;;;;;;;;;;;;;;;;;;;;;;;;;;;;;;;;;;;
06:07:38;12;79;9999;074;999;09;111111111111000000000000;000000000000000000000000;11101000;000;_;e;10;000011111000000000000000;____;06;035;052;020;035;041;062;0425657069;;;;;;;;;;;;;;;;;;;;;;;;;;;;;;;;;;;;;;;;;;;;;;;;;;
06:10:53;12;80;9999;066;999;09;111111111111000000000000;000000000000000000000000;11101000;000;_;e;10;000000110000000000000000;____;07;042;049;007;042;048;016;0425690773;;;;;;;;;;;;;;;;;;;;;;;;;;;;;;;;;;;;;;;;;;;;;;;;;;
06:11:23;12;81;9999;067;999;09;111111111111000000000000;000000000000000000000000;11101000;000;_;e;10;000010000100000000000000;____;10;003;070;003;002;007;011;0425689886;;;;;;;;;;;;;;;;;;;;;;;;;;;;;;;;;;;;;;;;;;;;;;;;;;
06:13:43;12;82;9999;075;999;09;111111111111000000000000;000000000000000000000000;11101000;000;_;e;10;001110001100000000000000;____;03;029;075;027;021;029;131;0425690772;;;;;;;;;;;;;;;;;;;;;;;;;;;;;;;;;;;;;;;;;;;;;;;;;;
06:14:42;12;83;9999;068;999;09;111111111111000000000000;000000000000000000000000;11101000;000;_;e;10;101110000101000000000000;____;10;005;084;002;-03;048;139;0425690774;;;;;;;;;;;;;;;;;;;;;;;;;;;;;;;;;;;;;;;;;;;;;;;;;;
06:17:46;12;84;9999;075;999;08;111111111111000000000000;000000000000000000000000;11101000;000;_;e;10;001111100100000000000000;____;06;039;056;026;038;042;079;0425689298;;;;;;;;;;;;;;;;;;;;;;;;;;;;;;;;;;;;;;;;;;;;;;;;;;
06:17:54;12;85;9999;075;610;09;111111111111000000000000;000000000000000000000000;11101000;000;_;e;10;000010000000000000000000;____;05;051;056;018;051;051;003;0425696370;;;;;;;;;;;;;;;;;;;;;;;;;;;;;;;;;;;;;;;;;;;;;;;;;;
06:19:54;12;86;9999;053;999;09;111111111111000000000000;000000000000000000000000;11101000;000;_;e;10;000001000101000000000000;____;10;-05;072;004;-06;014;043;0425690778;;;;;;;;;;;;;;;;;;;;;;;;;;;;;;;;;;;;;;;;;;;;;;;;;;
06:25:50;12;87;9999;066;999;09;111111111111000000000000;000000000000000000000000;11101000;000;_;e;10;000000110010000000000000;____;07;039;051;009;034;039;041;0425697183;;;;;;;;;;;;;;;;;;;;;;;;;;;;;;;;;;;;;;;;;;;;;;;;;;
06:27:46;12;88;9999;074;999;09;111111111111000000000000;000000000000000000000000;11101000;000;_;e;10;010010000100000000000000;____;05;048;048;026;034;048;072;0425696473;;;;;;;;;;;;;;;;;;;;;;;;;;;;;;;;;;;;;;;;;;;;;;;;;;
06:28:50;12;89;9999;078;999;09;111111111111000000000000;000000000000000000000000;11101000;000;_;e;10;001001110000000000000000;____;08;049;048;024;040;050;028;0425689897;;;;;;;;;;;;;;;;;;;;;;;;;;;;;;;;;;;;;;;;;;;;;;;;;;
06:29:24;12;90;9999;076;999;09;111111111111000000000000;000000000000000000000000;11101000;000;_;e;10;110000000000000000000000;____;02;037;103;010;037;039;037;0425702507;;;;;;;;;;;;;;;;;;;;;;;;;;;;;;;;;;;;;;;;;;;;;;;;;;
06:32:36;12;91;9999;069;999;09;111111111111000000000000;000000000000000000000000;11101000;000;_;e;10;011111001100000000000000;____;09;004;079;022;-07;027;141;0425702600;;;;;;;;;;;;;;;;;;;;;;;;;;;;;;;;;;;;;;;;;;;;;;;;;;
06:34:39;12;92;9999;066;999;09;111111111111000000000000;000000000000000000000000;11101000;000;_;e;10;000111001000000000000000;____;04;032;081;043;029;035;048;0425696670;;;;;;;;;;;;;;;;;;;;;;;;;;;;;;;;;;;;;;;;;;;;;;;;;;
06:35:55;12;93;9999;076;999;08;111111111111000000000000;000000000000000000000000;11101000;000;_;e;10;111001000000000000000000;____;01;048;101;016;045;051;056;0425696672;;;;;;;;;;;;;;;;;;;;;;;;;;;;;;;;;;;;;;;;;;;;;;;;;;
06:36:42;12;94;9999;073;999;09;111111111111000000000000;000000000000000000000000;11101000;000;_;e;10;101101001101000000000000;____;03;059;083;019;041;066;109;0425696674;;;;;;;;;;;;;;;;;;;;;;;;;;;;;;;;;;;;;;;;;;;;;;;;;;
06:37:59;12;95;9999;056;999;09;111111111111000000000000;000000000000000000000000;11101000;000;_;e;10;010000000000000000000000;____;02;037;103;007;036;039;044;0425690780;;;;;;;;;;;;;;;;;;;;;;;;;;;;;;;;;;;;;;;;;;;;;;;;;;
06:39:10;12;96;9999;075;999;09;111111111111000000000000;000000000000000000000000;11101000;000;_;e;10;110100001000000000000000;____;02;041;088;022;035;044;049;0425657092;;;;;;;;;;;;;;;;;;;;;;;;;;;;;;;;;;;;;;;;;;;;;;;;;;
06:40:27;12;97;9999;076;999;09;111111111111000000000000;000000000000000000000000;11101000;000;_;e;10;010100000000000000000000;____;02;011;099;012;011;014;011;0425696675;;;;;;;;;;;;;;;;;;;;;;;;;;;;;;;;;;;;;;;;;;;;;;;;;;
06:43:31;12;98;9999;059;999;09;111111111111000000000000;000000000000000000000000;11101000;000;_;e;10;000000000100000000000000;____;10;008;085;005;008;009;016;0425690781;;;;;;;;;;;;;;;;;;;;;;;;;;;;;;;;;;;;;;;;;;;;;;;;;;
06:54:26;12;99;9999;087;999;08;111111111111000000000000;000000000000000000000000;11101000;000;_;e;10;110000000000000000000000;____;01;052;096;014;039;054;033;0425696388;;;;;;;;;;;;;;;;;;;;;;;;;;;;;;;;;;;;;;;;;;;;;;;;;;
07:05:08;12;01;9999;076;999;09;111111111111000000000000;000000000000000000000000;11101000;000;_;e;10;001011100000000000000000;____;07;041;066;032;036;063;042;0425696165;;;;;;;;;;;;;;;;;;;;;;;;;;;;;;;;;;;;;;;;;;;;;;;;;;
07:05:58;12;02;9999;072;999;08;111111111111000000000000;000000000000000000000000;11101000;000;_;e;10;111000000000000000000000;____;01;041;099;011;026;041;051;0425702518;;;;;;;;;;;;;;;;;;;;;;;;;;;;;;;;;;;;;;;;;;;;;;;;;;
07:08:18;12;03;9999;074;999;09;111111111111000000000000;000000000000000000000000;11101000;000;_;e;10;101111001100000000000000;____;10;050;067;024;044;051;238;0425697293;;;;;;;;;;;;;;;;;;;;;;;;;;;;;;;;;;;;;;;;;;;;;;;;;;
07:18:43;12;04;9999;043;999;09;111111111111000000000000;000000000000000000000000;11101000;000;_;e;10;000001000010000000000000;____;06;032;049;025;032;038;011;0425702629;;;;;;;;;;;;;;;;;;;;;;;;;;;;;;;;;;;;;;;;;;;;;;;;;;
07:29:31;12;05;9999;047;999;09;111111111111000000000000;000000000000000000000000;11101000;000;_;e;10;000100000101000000000000;____;04;-08;082;012;-17;-07;072;0425702528;;;;;;;;;;;;;;;;;;;;;;;;;;;;;;;;;;;;;;;;;;;;;;;;;;
08:09:52;12;06;9999;076;999;09;111111111111000000000000;000000000000000000000000;11101000;000;_;e;10;000100000100000000000000;____;10;032;061;030;032;034;004;0425702560;;;;;;;;;;;;;;;;;;;;;;;;;;;;;;;;;;;;;;;;;;;;;;;;;;
08:15:55;12;07;9999;067;999;08;111111111111000000000000;000000000000000000000000;11101000;000;_;e;10;111100111000000000000000;____;03;036;080;050;031;039;105;0425703426;;;;;;;;;;;;;;;;;;;;;;;;;;;;;;;;;;;;;;;;;;;;;;;;;;
08:16:33;12;08;9999;082;999;08;111111111111000000000000;000000000000000000000000;11101000;000;_;e;10;110000001000000000000000;____;02;050;097;006;050;074;054;0425703421;;;;;;;;;;;;;;;;;;;;;;;;;;;;;;;;;;;;;;;;;;;;;;;;;;
08:23:14;12;09;9999;075;999;09;111111111111000000000000;000000000000000000000000;11101000;000;_;e;10;111111000100000000000000;____;10;042;066;041;033;049;106;0425702571;;;;;;;;;;;;;;;;;;;;;;;;;;;;;;;;;;;;;;;;;;;;;;;;;;
08:32:18;12;10;9999;065;999;09;111111111111000000000000;000000000000000000000000;11101000;000;_;e;10;000111111000000000000000;____;07;039;047;011;033;068;056;0425703537;;;;;;;;;;;;;;;;;;;;;;;;;;;;;;;;;;;;;;;;;;;;;;;;;;
08:38:45;12;11;9999;075;999;09;111111111111000000000000;000000000000000000000000;11101000;000;_;e;10;001111001100000000000000;____;03;047;071;053;010;050;106;0425703452;;;;;;;;;;;;;;;;;;;;;;;;;;;;;;;;;;;;;;;;;;;;;;;;;;
09:08:01;12;12;9999;076;999;08;111111111111000000000000;000000000000000000000000;11101000;000;_;e;10;000111111100000000000000;____;05;035;053;027;017;037;127;0425696055;;;;;;;;;;;;;;;;;;;;;;;;;;;;;;;;;;;;;;;;;;;;;;;;;;
10:12:51;12;13;9999;078;999;08;111111111111000000000000;000000000000000000000000;11101000;000;_;e;10;110000000000000000000000;____;02;039;099;013;038;044;057;0425690788;;;;;;;;;;;;;;;;;;;;;;;;;;;;;;;;;;;;;;;;;;;;;;;;;;
10:26:09;12;14;9999;062;999;09;111111111111000000000000;000000000000000000000000;11101000;000;_;e;10;110000000000000000000000;____;01;027;101;010;027;029;040;0425702709;;;;;;;;;;;;;;;;;;;;;;;;;;;;;;;;;;;;;;;;;;;;;;;;;;
10:28:20;12;15;9999;074;999;09;111111111111000000000000;000000000000000000000000;11101000;000;_;e;10;101110001100000000000000;____;04;046;080;025;012;048;069;0425696067;;;;;;;;;;;;;;;;;;;;;;;;;;;;;;;;;;;;;;;;;;;;;;;;;;
10:38:45;12;16;9999;052;999;09;111111111111000000000000;000000000000000000000000;11101000;000;_;e;10;010100100000000000000000;____;02;-06;075;020;-08;-01;039;0425696068;;;;;;;;;;;;;;;;;;;;;;;;;;;;;;;;;;;;;;;;;;;;;;;;;;
10:40:36;12;17;9999;067;999;09;111111111111000000000000;000000000000000000000000;11101000;000;_;e;10;110000000100000000000000;____;01;032;100;017;011;033;093;0425696069;;;;;;;;;;;;;;;;;;;;;;;;;;;;;;;;;;;;;;;;;;;;;;;;;;
10:59:06;12;18;9999;058;999;09;111111111111000000000000;000000000000000000000000;11101000;000;_;e;10;110000000000000000000000;____;02;032;100;013;007;033;034;0425702715;;;;;;;;;;;;;;;;;;;;;;;;;;;;;;;;;;;;;;;;;;;;;;;;;;
11:14:30;12;19;9999;075;999;09;111111111111000000000000;000000000000000000000000;11101000;000;_;e;10;000111001000000000000000;____;05;042;060;034;042;047;081;0425696077;;;;;;;;;;;;;;;;;;;;;;;;;;;;;;;;;;;;;;;;;;;;;;;;;;
11:15:14;12;20;9999;066;999;09;111111111111000000000000;000000000000000000000000;11101000;000;_;e;10;000000000001000000000000;____;12;-06;070;004;-06;-06;014;0425702724;;;;;;;;;;;;;;;;;;;;;;;;;;;;;;;;;;;;;;;;;;;;;;;;;;
11:16:48;12;21;9999;075;999;09;111111111111000000000000;000000000000000000000000;11101000;000;_;e;10;000111111000000000000000;____;05;054;056;027;053;057;099;0425690789;;;;;;;;;;;;;;;;;;;;;;;;;;;;;;;;;;;;;;;;;;;;;;;;;;
11:24:40;12;22;9999;074;999;09;111111111111000000000000;000000000000000000000000;11101000;000;_;e;10;001101001100000000000000;____;03;054;074;042;052;056;085;0425697199;;;;;;;;;;;;;;;;;;;;;;;;;;;;;;;;;;;;;;;;;;;;;;;;;;
11:25:09;12;23;9999;074;999;09;111111111111000000000000;000000000000000000000000;11101000;000;_;e;10;001101001000000000000000;____;09;029;085;014;028;032;072;0425696499;;;;;;;;;;;;;;;;;;;;;;;;;;;;;;;;;;;;;;;;;;;;;;;;;;
11:28:55;12;24;9999;075;999;09;111111111111000000000000;000000000000000000000000;11101000;000;_;e;10;001001001100000000000000;____;03;005;051;005;005;051;087;0425702641;;;;;;;;;;;;;;;;;;;;;;;;;;;;;;;;;;;;;;;;;;;;;;;;;;
11:31:11;12;25;9999;074;999;09;111111111111000000000000;000000000000000000000000;11101000;000;_;e;10;001111001100000000000000;____;04;045;067;040;041;060;112;0425696079;;;;;;;;;;;;;;;;;;;;;;;;;;;;;;;;;;;;;;;;;;;;;;;;;;
11:34:31;12;26;9999;077;999;09;111111111111000000000000;000000000000000000000000;11101000;000;_;e;10;000100000100000000000000;____;10;007;075;008;006;007;013;0425702644;;;;;;;;;;;;;;;;;;;;;;;;;;;;;;;;;;;;;;;;;;;;;;;;;;
11:37:47;12;27;9999;064;999;09;111111111111000000000000;000000000000000000000000;11101000;000;_;e;10;000101001000000000000000;____;06;004;073;026;-01;014;036;0425702738;;;;;;;;;;;;;;;;;;;;;;;;;;;;;;;;;;;;;;;;;;;;;;;;;;
11:38:34;12;28;9999;075;999;09;111111111111000000000000;000000000000000000000000;11101000;000;_;e;10;001111001100000000000000;____;10;008;063;012;008;061;075;0425702739;;;;;;;;;;;;;;;;;;;;;;;;;;;;;;;;;;;;;;;;;;;;;;;;;;
11:43:11;12;29;9999;061;999;09;111111111111000000000000;000000000000000000000000;11101000;000;_;e;10;000100001100000000000000;____;10;005;085;020;004;022;058;0425702646;;;;;;;;;;;;;;;;;;;;;;;;;;;;;;;;;;;;;;;;;;;;;;;;;;
11:47:04;12;30;9999;067;999;09;111111111111000000000000;000000000000000000000000;11101000;000;_;e;10;111001000000000000000000;____;01;034;101;012;019;034;062;0425702648;;;;;;;;;;;;;;;;;;;;;;;;;;;;;;;;;;;;;;;;;;;;;;;;;;
12:02:56;12;31;9999;074;999;09;111111111111000000000000;000000000000000000000000;11101000;000;_;e;10;000000000100000000000000;____;10;011;077;008;011;012;025;0425703463;;;;;;;;;;;;;;;;;;;;;;;;;;;;;;;;;;;;;;;;;;;;;;;;;;
12:06:06;12;32;9999;071;999;09;111111111111000000000000;000000000000000000000000;11101000;000;_;e;10;000110001101000000000000;____;10;-04;081;006;-12;016;075;0425703547;;;;;;;;;;;;;;;;;;;;;;;;;;;;;;;;;;;;;;;;;;;;;;;;;;
12:08:52;12;33;9999;060;999;09;111111111111000000000000;000000000000000000000000;11101000;000;_;e;10;001000001100000000000000;____;03;004;077;014;003;017;034;0425703465;;;;;;;;;;;;;;;;;;;;;;;;;;;;;;;;;;;;;;;;;;;;;;;;;;
12:10:00;12;34;9999;055;999;09;111111111111000000000000;000000000000000000000000;11101000;000;_;e;10;000011110001000000000000;____;06;018;058;003;016;021;060;0425703466;;;;;;;;;;;;;;;;;;;;;;;;;;;;;;;;;;;;;;;;;;;;;;;;;;
12:12:21;12;35;9999;073;999;09;111111111111000000000000;000000000000000000000000;11101000;000;_;e;10;000010001000000000000000;____;05;039;049;022;038;061;015;0425702580;;;;;;;;;;;;;;;;;;;;;;;;;;;;;;;;;;;;;;;;;;;;;;;;;;
12:13:12;12;36;9999;065;999;09;111111111111000000000000;000000000000000000000000;11101000;000;_;e;10;110010000100000000000000;____;01;028;101;027;-10;050;048;0425702661;;;;;;;;;;;;;;;;;;;;;;;;;;;;;;;;;;;;;;;;;;;;;;;;;;
12:13:20;12;37;9999;064;606;09;111111111111000000000000;000000000000000000000000;11101000;000;_;e;10;110100000000000000000000;____;01;038;100;015;026;039;050;0425703550;;;;;;;;;;;;;;;;;;;;;;;;;;;;;;;;;;;;;;;;;;;;;;;;;;
12:16:57;12;38;9999;077;999;09;111111111111000000000000;000000000000000000000000;11101000;000;_;e;10;000011110100000000000000;____;07;063;039;029;061;069;072;0425702663;;;;;;;;;;;;;;;;;;;;;;;;;;;;;;;;;;;;;;;;;;;;;;;;;;
12:21:17;12;39;9999;067;999;08;111111111111000000000000;000000000000000000000000;11101000;000;_;e;10;111000001000000000000000;____;01;034;101;013;024;039;047;0425702662;;;;;;;;;;;;;;;;;;;;;;;;;;;;;;;;;;;;;;;;;;;;;;;;;;
12:32:40;12;40;9999;076;999;09;111111111111000000000000;000000000000000000000000;11101000;000;_;e;10;111100000100000000000000;____;10;040;073;043;038;042;101;0425703469;;;;;;;;;;;;;;;;;;;;;;;;;;;;;;;;;;;;;;;;;;;;;;;;;;
12:34:12;12;41;9999;076;999;08;111111111111000000000000;000000000000000000000000;11101000;000;_;e;10;100000001000000000000000;____;01;042;101;016;041;073;074;0425702675;;;;;;;;;;;;;;;;;;;;;;;;;;;;;;;;;;;;;;;;;;;;;;;;;;
12:34:41;12;42;9999;063;999;09;111111111111000000000000;000000000000000000000000;11101000;000;_;e;10;110000000100000000000000;____;01;037;099;008;009;038;047;0425703565;;;;;;;;;;;;;;;;;;;;;;;;;;;;;;;;;;;;;;;;;;;;;;;;;;
12:36:49;12;43;9999;070;999;09;111111111111000000000000;000000000000000000000000;11101000;000;_;e;10;111101001100000000000000;____;06;011;083;029;-07;014;112;0425703564;;;;;;;;;;;;;;;;;;;;;;;;;;;;;;;;;;;;;;;;;;;;;;;;;;
12:43:33;12;44;9999;050;999;09;111111111111000000000000;000000000000000000000000;11101000;000;_;e;10;100100001100000000000000;____;10;-03;081;020;-04;025;047;0425702677;;;;;;;;;;;;;;;;;;;;;;;;;;;;;;;;;;;;;;;;;;;;;;;;;;
12:47:36;12;45;9999;056;999;09;111111111111000000000000;000000000000000000000000;11101000;000;_;e;10;001111001101000000000000;____;10;-07;072;020;-11;-01;186;0425702678;;;;;;;;;;;;;;;;;;;;;;;;;;;;;;;;;;;;;;;;;;;;;;;;;;
12:48:06;12;46;9999;075;999;09;111111111111000000000000;000000000000000000000000;11101000;000;_;e;10;011101001100000000000000;____;03;028;077;024;006;070;066;0425702679;;;;;;;;;;;;;;;;;;;;;;;;;;;;;;;;;;;;;;;;;;;;;;;;;;
12:50:47;12;47;9999;075;999;09;111111111111000000000000;000000000000000000000000;11101000;000;_;e;10;001111001100000000000000;____;03;059;077;033;039;067;116;0425703570;;;;;;;;;;;;;;;;;;;;;;;;;;;;;;;;;;;;;;;;;;;;;;;;;;
12:52:21;12;48;9999;054;999;09;111111111111000000000000;000000000000000000000000;11101000;000;_;e;10;101110001100000000000000;____;10;007;082;023;-05;026;100;0425702683;;;;;;;;;;;;;;;;;;;;;;;;;;;;;;;;;;;;;;;;;;;;;;;;;;
12:53:20;12;49;9999;064;999;09;111111111111000000000000;000000000000000000000000;11101000;000;_;e;10;001111001110000000000000;____;10;026;052;009;020;028;156;0425702687;;;;;;;;;;;;;;;;;;;;;;;;;;;;;;;;;;;;;;;;;;;;;;;;;;
12:55:45;12;50;9999;074;999;09;111111111111000000000000;000000000000000000000000;11101000;000;_;e;10;001100011100000000000000;____;04;047;088;006;013;060;033;0425703481;;;;;;;;;;;;;;;;;;;;;;;;;;;;;;;;;;;;;;;;;;;;;;;;;;
12:56:45;12;51;9999;074;999;09;111111111111000000000000;000000000000000000000000;11101000;000;_;e;10;000010000000000000000000;____;05;035;064;025;035;035;004;0425702690;;;;;;;;;;;;;;;;;;;;;;;;;;;;;;;;;;;;;;;;;;;;;;;;;;
12:58:39;12;52;9999;052;999;09;111111111111000000000000;000000000000000000000000;11101000;000;_;e;10;001100001100000000000000;____;09;029;079;044;026;029;095;0425707000;;;;;;;;;;;;;;;;;;;;;;;;;;;;;;;;;;;;;;;;;;;;;;;;;;
13:02:38;12;53;9999;075;999;09;111111111111000000000000;000000000000000000000000;11101000;000;_;e;10;101111101000000000000000;____;05;049;066;032;045;052;121;0425703483;;;;;;;;;;;;;;;;;;;;;;;;;;;;;;;;;;;;;;;;;;;;;;;;;;
13:05:19;12;54;9999;075;999;08;111111111111000000000000;000000000000000000000000;11101000;000;_;e;10;110010000000000000000000;____;01;037;097;027;-01;040;017;0425706904;;;;;;;;;;;;;;;;;;;;;;;;;;;;;;;;;;;;;;;;;;;;;;;;;;
13:06:23;12;55;9999;076;999;09;111111111111000000000000;000000000000000000000000;11101000;000;_;e;10;001110001100000000000000;____;04;061;087;020;055;067;084;0425702695;;;;;;;;;;;;;;;;;;;;;;;;;;;;;;;;;;;;;;;;;;;;;;;;;;
13:08:44;12;56;9999;074;999;09;111111111111000000000000;000000000000000000000000;11101000;000;_;e;10;011101001100000000000000;____;09;046;073;028;046;049;100;0425707105;;;;;;;;;;;;;;;;;;;;;;;;;;;;;;;;;;;;;;;;;;;;;;;;;;
13:12:16;12;57;9999;075;999;09;111111111111000000000000;000000000000000000000000;11101000;000;_;e;10;000000000100000000000000;____;10;047;068;029;047;048;007;0425703584;;;;;;;;;;;;;;;;;;;;;;;;;;;;;;;;;;;;;;;;;;;;;;;;;;
13:23:03;12;58;9999;078;999;08;111111111111000000000000;000000000000000000000000;11101000;000;_;e;10;000010110000000000000000;____;05;044;035;018;043;045;051;0425703493;;;;;;;;;;;;;;;;;;;;;;;;;;;;;;;;;;;;;;;;;;;;;;;;;;
13:24:23;12;59;9999;075;999;09;111111111111000000000000;000000000000000000000000;11101000;000;_;e;10;000000000100000000000000;____;10;018;058;018;018;020;029;0425707118;;;;;;;;;;;;;;;;;;;;;;;;;;;;;;;;;;;;;;;;;;;;;;;;;;
13:46:58;12;60;9999;042;999;09;111111111111000000000000;000000000000000000000000;11101000;000;_;e;10;000100100101000000000000;____;10;-04;074;008;-05;016;087;0425703497;;;;;;;;;;;;;;;;;;;;;;;;;;;;;;;;;;;;;;;;;;;;;;;;;;
13:51:16;12;61;9999;057;999;09;111111111111000000000000;000000000000000000000000;11101000;000;_;e;10;011000001000000000000000;____;09;002;073;027;-02;003;049;0425707006;;;;;;;;;;;;;;;;;;;;;;;;;;;;;;;;;;;;;;;;;;;;;;;;;;
13:54:11;12;62;9999;075;999;09;111111111111000000000000;000000000000000000000000;11101000;000;_;e;10;101101100100000000000000;____;10;038;071;039;036;064;055;0425707127;;;;;;;;;;;;;;;;;;;;;;;;;;;;;;;;;;;;;;;;;;;;;;;;;;
13:58:13;12;63;9999;074;999;09;111111111111000000000000;000000000000000000000000;11101000;000;_;e;10;001111000100000000000000;____;04;032;078;022;012;034;055;0425703593;;;;;;;;;;;;;;;;;;;;;;;;;;;;;;;;;;;;;;;;;;;;;;;;;;
14:43:03;12;64;9999;061;999;09;111111111111000000000000;000000000000000000000000;11101000;000;_;e;10;011000000000000000000000;____;02;008;086;023;008;027;030;0425707150;;;;;;;;;;;;;;;;;;;;;;;;;;;;;;;;;;;;;;;;;;;;;;;;;;
14:44:13;12;65;9999;076;999;09;111111111111000000000000;000000000000000000000000;11101000;000;_;e;10;001101001100000000000000;____;04;047;071;031;016;048;093;0425707151;;;;;;;;;;;;;;;;;;;;;;;;;;;;;;;;;;;;;;;;;;;;;;;;;;
14:56:41;12;66;9999;064;999;09;111111111111000000000000;000000000000000000000000;11101000;000;_;e;10;110000001100000000000000;____;01;037;097;011;006;048;063;0425707021;;;;;;;;;;;;;;;;;;;;;;;;;;;;;;;;;;;;;;;;;;;;;;;;;;
15:10:58;12;67;9999;078;999;09;111111111111000000000000;000000000000000000000000;11101000;000;_;e;10;101110001100000000000000;____;03;041;069;033;017;044;041;0425707161;;;;;;;;;;;;;;;;;;;;;;;;;;;;;;;;;;;;;;;;;;;;;;;;;;
15:18:41;12;68;9999;075;999;09;111111111111000000000000;000000000000000000000000;11101000;000;_;e;10;001111001100000000000000;____;04;006;077;008;003;045;108;0425707032;;;;;;;;;;;;;;;;;;;;;;;;;;;;;;;;;;;;;;;;;;;;;;;;;;
15:25:29;12;69;9999;076;999;09;111111111111000000000000;000000000000000000000000;11101000;000;_;e;10;001111001100000000000000;____;09;041;048;023;035;043;104;0425707033;;;;;;;;;;;;;;;;;;;;;;;;;;;;;;;;;;;;;;;;;;;;;;;;;;
15:35:16;12;70;9999;064;999;09;111111111111000000000000;000000000000000000000000;11101000;000;_;e;10;101100001100000000000000;____;10;001;074;030;001;018;085;0425702755;;;;;;;;;;;;;;;;;;;;;;;;;;;;;;;;;;;;;;;;;;;;;;;;;;
15:36:29;12;71;9999;076;999;09;111111111111000000000000;000000000000000000000000;11101000;000;_;e;10;001110001100000000000000;____;10;005;064;030;001;009;098;0425696094;;;;;;;;;;;;;;;;;;;;;;;;;;;;;;;;;;;;;;;;;;;;;;;;;;
15:36:58;12;72;9999;059;999;09;111111111111000000000000;000000000000000000000000;11101000;000;_;e;10;000000110000000000000000;____;08;027;052;010;015;029;036;0425702756;;;;;;;;;;;;;;;;;;;;;;;;;;;;;;;;;;;;;;;;;;;;;;;;;;
15:47:40;12;73;9999;075;999;09;111111111111000000000000;000000000000000000000000;11101000;000;_;e;10;000110101000000000000000;____;07;051;054;028;047;052;075;0425702760;;;;;;;;;;;;;;;;;;;;;;;;;;;;;;;;;;;;;;;;;;;;;;;;;;
15:52:52;12;74;9999;068;999;09;111111111111000000000000;000000000000000000000000;11101000;000;_;e;10;000000100100000000000000;____;10;-03;074;024;-04;012;035;0425702763;;;;;;;;;;;;;;;;;;;;;;;;;;;;;;;;;;;;;;;;;;;;;;;;;;
15:54:21;12;75;9999;064;999;09;111111111111000000000000;000000000000000000000000;11101000;000;_;e;10;110101000000000000000000;____;02;033;102;011;026;036;085;0425706918;;;;;;;;;;;;;;;;;;;;;;;;;;;;;;;;;;;;;;;;;;;;;;;;;;
15:55:59;12;76;9999;069;999;09;111111111111000000000000;000000000000000000000000;11101000;000;_;e;10;011111111100000000000000;____;09;037;071;045;021;037;122;0425702764;;;;;;;;;;;;;;;;;;;;;;;;;;;;;;;;;;;;;;;;;;;;;;;;;;
15:56:13;12;77;9999;078;999;09;111111111111000000000000;000000000000000000000000;11101000;000;_;e;10;001111001101000000000000;____;10;078;067;021;044;082;191;0425702765;;;;;;;;;;;;;;;;;;;;;;;;;;;;;;;;;;;;;;;;;;;;;;;;;;
16:05:46;12;78;9999;060;999;09;111111111111000000000000;000000000000000000000000;11101000;000;_;e;10;100000001000000000000000;____;09;004;083;031;003;012;040;0425706926;;;;;;;;;;;;;;;;;;;;;;;;;;;;;;;;;;;;;;;;;;;;;;;;;;
16:08:49;12;79;9999;061;999;09;111111111111000000000000;000000000000000000000000;11101000;000;_;e;10;000111000101000000000000;____;10;001;079;001;-05;006;092;0425706928;;;;;;;;;;;;;;;;;;;;;;;;;;;;;;;;;;;;;;;;;;;;;;;;;;
16:09:58;12;80;9999;075;999;09;111111111111000000000000;000000000000000000000000;11101000;000;_;e;10;111101001100000000000000;____;02;032;086;034;007;035;053;0425702776;;;;;;;;;;;;;;;;;;;;;;;;;;;;;;;;;;;;;;;;;;;;;;;;;;
16:18:02;12;81;9999;071;999;08;111111111111000000000000;000000000000000000000000;11101000;000;_;e;10;110000000000000000000000;____;01;033;100;024;032;038;035;0425702781;;;;;;;;;;;;;;;;;;;;;;;;;;;;;;;;;;;;;;;;;;;;;;;;;;
16:19:06;12;82;9999;039;999;09;111111111111000000000000;000000000000000000000000;11101000;000;_;e;10;001010101111000000000000;____;05;046;067;008;030;050;107;0425703499;;;;;;;;;;;;;;;;;;;;;;;;;;;;;;;;;;;;;;;;;;;;;;;;;;
16:23:43;12;83;9999;078;999;09;111111111111000000000000;000000000000000000000000;11101000;000;_;e;10;001111001100000000000000;____;04;016;071;029;012;019;111;0425702782;;;;;;;;;;;;;;;;;;;;;;;;;;;;;;;;;;;;;;;;;;;;;;;;;;
16:27:49;12;84;9999;056;999;09;111111111111000000000000;000000000000000000000000;11101000;000;_;e;10;110100110001000000000000;____;02;-09;089;018;-12;016;082;0425706935;;;;;;;;;;;;;;;;;;;;;;;;;;;;;;;;;;;;;;;;;;;;;;;;;;
16:32:26;12;85;9999;060;999;09;111111111111000000000000;000000000000000000000000;11101000;000;_;e;10;000001110000000000000000;____;08;034;049;020;033;038;036;0425707615;;;;;;;;;;;;;;;;;;;;;;;;;;;;;;;;;;;;;;;;;;;;;;;;;;
16:34:17;12;86;9999;076;999;09;111111111111000000000000;000000000000000000000000;11101000;000;_;e;10;101111001100000000000000;____;06;029;058;039;012;032;188;0425702791;;;;;;;;;;;;;;;;;;;;;;;;;;;;;;;;;;;;;;;;;;;;;;;;;;
16:48:46;12;87;9999;069;999;08;111111111111000000000000;000000000000000000000000;11101000;000;_;e;10;001111001100000000000000;____;10;035;039;015;034;037;150;0425706945;;;;;;;;;;;;;;;;;;;;;;;;;;;;;;;;;;;;;;;;;;;;;;;;;;
16:53:33;12;88;9999;063;999;09;111111111111000000000000;000000000000000000000000;11101000;000;_;e;10;010000001100000000000000;____;10;016;078;004;004;028;029;0425710000;;;;;;;;;;;;;;;;;;;;;;;;;;;;;;;;;;;;;;;;;;;;;;;;;;
16:56:06;12;89;9999;068;999;08;111111111111000000000000;000000000000000000000000;11101000;000;_;e;10;110100000100000000000000;____;01;039;103;008;002;040;070;0425709307;;;;;;;;;;;;;;;;;;;;;;;;;;;;;;;;;;;;;;;;;;;;;;;;;;
17:02:04;12;90;9999;065;999;09;111111111111000000000000;000000000000000000000000;11010000;000;_;;;;;;;;;;;;;;;;;;;;;;;;;;;;;;;;;;;;;;;;;;;;;;;;;;;;;;;;;;;;;;
17:04:11;12;91;9999;066;999;09;111111111111000000000000;000000000000000000000000;11010000;000;_;;;;;;;;;;;;;;;;;;;;;;;;;;;;;;;;;;;;;;;;;;;;;;;;;;;;;;;;;;;;;;
17:04:28;12;92;9999;054;999;09;111111111111000000000000;000000000000000000000000;11101000;000;_;e;10;011110001100000000000000;____;04;019;086;019;012;038;110;0425706949;;;;;;;;;;;;;;;;;;;;;;;;;;;;;;;;;;;;;;;;;;;;;;;;;;
17:10:26;12;93;9999;074;999;09;111111111111000000000000;000000000000000000000000;11101000;000;_;e;10;001101001101000000000000;____;06;078;062;019;034;083;090;0425710500;;;;;;;;;;;;;;;;;;;;;;;;;;;;;;;;;;;;;;;;;;;;;;;;;;
17:11:17;12;94;9999;075;999;09;111111111111000000000000;000000000000000000000000;11101000;000;_;e;10;111100110000000000000000;____;03;050;059;040;050;054;101;0425710003;;;;;;;;;;;;;;;;;;;;;;;;;;;;;;;;;;;;;;;;;;;;;;;;;;
17:12:16;12;95;9999;066;999;09;111111111111000000000000;000000000000000000000000;11101000;000;_;e;10;111000000000000000000000;____;02;042;101;012;020;044;019;0425709312;;;;;;;;;;;;;;;;;;;;;;;;;;;;;;;;;;;;;;;;;;;;;;;;;;
17:13:54;12;96;9999;060;999;09;111111111111000000000000;000000000000000000000000;11101000;000;_;e;10;001111101100000000000000;____;10;027;077;040;024;030;098;0425710207;;;;;;;;;;;;;;;;;;;;;;;;;;;;;;;;;;;;;;;;;;;;;;;;;;
17:14:36;12;97;9999;054;999;09;111111111111000000000000;000000000000000000000000;11101000;000;_;e;10;111100100100000000000000;____;01;022;100;024;001;026;076;0425710206;;;;;;;;;;;;;;;;;;;;;;;;;;;;;;;;;;;;;;;;;;;;;;;;;;
17:16:40;12;98;9999;063;999;09;111111111111000000000000;000000000000000000000000;11101000;000;_;e;10;110100000000000000000000;____;01;036;099;009;010;037;064;0425709326;;;;;;;;;;;;;;;;;;;;;;;;;;;;;;;;;;;;;;;;;;;;;;;;;;
17:16:44;12;99;9999;078;315;09;111111111111000000000000;000000000000000000000000;11101000;000;_;e;10;110110001000000000000000;____;01;030;100;018;020;030;065;0425710406;;;;;;;;;;;;;;;;;;;;;;;;;;;;;;;;;;;;;;;;;;;;;;;;;;
17:20:29;12;01;9999;057;999;09;111111111111000000000000;000000000000000000000000;11101000;000;_;e;10;001011110001000000000000;____;07;044;051;010;035;045;049;0425707634;;;;;;;;;;;;;;;;;;;;;;;;;;;;;;;;;;;;;;;;;;;;;;;;;;
17:21:04;12;02;9999;077;999;09;111111111111000000000000;000000000000000000000000;11010000;000;_;;;;;;;;;;;;;;;;;;;;;;;;;;;;;;;;;;;;;;;;;;;;;;;;;;;;;;;;;;;;;;
17:22:42;12;03;9999;057;999;09;111111111111000000000000;000000000000000000000000;11101000;000;_;e;10;110000000000000000000000;____;01;031;101;014;027;031;045;0425709331;;;;;;;;;;;;;;;;;;;;;;;;;;;;;;;;;;;;;;;;;;;;;;;;;;
17:23:29;12;04;9999;074;999;09;111111111111000000000000;000000000000000000000000;11101000;000;_;e;10;000010111100000000000000;____;08;057;043;008;037;063;058;0425709332;;;;;;;;;;;;;;;;;;;;;;;;;;;;;;;;;;;;;;;;;;;;;;;;;;
17:26:02;12;05;9999;075;999;09;111111111111000000000000;000000000000000000000000;11101000;000;_;e;10;111110000100000000000000;____;01;042;080;037;026;046;088;0425710510;;;;;;;;;;;;;;;;;;;;;;;;;;;;;;;;;;;;;;;;;;;;;;;;;;
17:26:53;12;06;9999;077;999;09;111111111111000000000000;000000000000000000000000;11101000;000;_;e;10;001100110100000000000000;____;07;044;058;032;042;049;155;0425710511;;;;;;;;;;;;;;;;;;;;;;;;;;;;;;;;;;;;;;;;;;;;;;;;;;
17:27:10;12;07;9999;078;999;09;111111111111000000000000;000000000000000000000000;11101000;000;_;e;10;011111110000000000000000;____;07;054;039;007;028;055;050;0425706955;;;;;;;;;;;;;;;;;;;;;;;;;;;;;;;;;;;;;;;;;;;;;;;;;;
17:30:22;12;08;9999;074;999;09;111111111111000000000000;000000000000000000000000;11101000;000;_;e;10;001010110000000000000000;____;07;055;051;024;049;057;063;0425710515;;;;;;;;;;;;;;;;;;;;;;;;;;;;;;;;;;;;;;;;;;;;;;;;;;
17:31:13;12;09;9999;066;999;09;111111111111000000000000;000000000000000000000000;11101000;000;_;e;10;110000000000000000000000;____;01;036;098;010;036;037;061;0425709339;;;;;;;;;;;;;;;;;;;;;;;;;;;;;;;;;;;;;;;;;;;;;;;;;;
17:31:59;12;10;9999;059;999;09;111111111111000000000000;000000000000000000000000;11101000;000;_;e;10;001001001011000000000000;____;03;-02;060;011;-02;002;098;0425710602;;;;;;;;;;;;;;;;;;;;;;;;;;;;;;;;;;;;;;;;;;;;;;;;;;
17:32:03;12;11;9999;039;293;09;111111111111000000000000;000000000000000000000000;11010000;000;_;;;;;;;;;;;;;;;;;;;;;;;;;;;;;;;;;;;;;;;;;;;;;;;;;;;;;;;;;;;;;;
17:33:37;12;12;9999;055;999;09;111111111111000000000000;000000000000000000000000;11101000;000;_;e;10;000000001100000000000000;____;10;-08;071;012;-08;034;030;0425706959;;;;;;;;;;;;;;;;;;;;;;;;;;;;;;;;;;;;;;;;;;;;;;;;;;
17:35:01;12;13;9999;062;999;09;111111111111000000000000;000000000000000000000000;11101000;000;_;e;10;011000000000000000000000;____;03;018;091;025;018;038;006;0425707639;;;;;;;;;;;;;;;;;;;;;;;;;;;;;;;;;;;;;;;;;;;;;;;;;;
17:35:28;12;14;9999;075;999;08;111111111111000000000000;000000000000000000000000;11101000;000;_;e;10;011011000100000000000000;____;10;007;070;038;007;013;068;0425710520;;;;;;;;;;;;;;;;;;;;;;;;;;;;;;;;;;;;;;;;;;;;;;;;;;
17:38:00;12;15;9999;068;999;09;111111111111000000000000;000000000000000000000000;11101000;000;_;e;10;110000001101000000000000;____;01;017;100;020;017;045;058;0425709345;;;;;;;;;;;;;;;;;;;;;;;;;;;;;;;;;;;;;;;;;;;;;;;;;;
17:39:00;12;16;9999;063;999;09;111111111111000000000000;000000000000000000000000;11101000;000;_;e;10;010000001001000000000000;____;02;038;102;004;012;038;036;0425709346;;;;;;;;;;;;;;;;;;;;;;;;;;;;;;;;;;;;;;;;;;;;;;;;;;
17:39:30;12;17;9999;065;999;09;111111111111000000000000;000000000000000000000000;11101000;000;_;e;10;001100001101000000000000;____;10;-08;077;008;-08;019;119;0425709347;;;;;;;;;;;;;;;;;;;;;;;;;;;;;;;;;;;;;;;;;;;;;;;;;;
17:39:56;12;18;9999;078;999;09;111111111111000000000000;000000000000000000000000;11101000;000;_;e;10;001111100100000000000000;____;05;014;048;029;014;023;066;0425710523;;;;;;;;;;;;;;;;;;;;;;;;;;;;;;;;;;;;;;;;;;;;;;;;;;
17:47:48;12;19;9999;074;999;09;111111111111000000000000;000000000000000000000000;11010000;000;_;;;;;;;;;;;;;;;;;;;;;;;;;;;;;;;;;;;;;;;;;;;;;;;;;;;;;;;;;;;;;;
17:49:26;12;20;9999;074;999;09;111111111111000000000000;000000000000000000000000;11101000;000;_;e;10;000100000100000000000000;____;10;047;078;013;042;047;006;0425710526;;;;;;;;;;;;;;;;;;;;;;;;;;;;;;;;;;;;;;;;;;;;;;;;;;
17:49:43;12;21;9999;079;999;09;111111111111000000000000;000000000000000000000000;11101000;000;_;e;10;001101001100000000000000;____;09;072;072;022;020;072;110;0425710009;;;;;;;;;;;;;;;;;;;;;;;;;;;;;;;;;;;;;;;;;;;;;;;;;;
17:49:47;12;22;9999;076;253;09;111111111111000000000000;000000000000000000000000;11101000;000;_;e;10;001111001100000000000000;____;09;055;052;034;049;059;132;0425709422;;;;;;;;;;;;;;;;;;;;;;;;;;;;;;;;;;;;;;;;;;;;;;;;;;
17:55:24;12;23;9999;075;999;09;111111111111000000000000;000000000000000000000000;11101000;000;_;e;10;001000100000000000000000;____;03;020;062;034;020;027;006;0425710014;;;;;;;;;;;;;;;;;;;;;;;;;;;;;;;;;;;;;;;;;;;;;;;;;;
18:03:45;12;24;9999;077;999;09;111111111111000000000000;000000000000000000000000;11101000;000;_;e;10;110000000000000000000000;____;01;041;103;010;040;041;035;0425706972;;;;;;;;;;;;;;;;;;;;;;;;;;;;;;;;;;;;;;;;;;;;;;;;;;
18:06:05;12;25;9999;060;999;09;111111111111000000000000;000000000000000000000000;11101000;000;_;e;10;001101001001000000000000;____;03;000;057;008;000;006;124;0425710608;;;;;;;;;;;;;;;;;;;;;;;;;;;;;;;;;;;;;;;;;;;;;;;;;;
18:06:57;12;26;9999;068;999;09;111111111111000000000000;000000000000000000000000;11101000;000;_;e;10;001111001100000000000000;____;10;007;073;029;-01;014;198;0425710016;;;;;;;;;;;;;;;;;;;;;;;;;;;;;;;;;;;;;;;;;;;;;;;;;;
18:07:01;12;27;9999;060;258;09;111111111111000000000000;000000000000000000000000;11101000;000;_;e;10;110100000001000000000000;____;02;004;087;006;003;026;041;0425710018;;;;;;;;;;;;;;;;;;;;;;;;;;;;;;;;;;;;;;;;;;;;;;;;;;
18:09:51;12;28;9999;061;999;09;111111111111000000000000;000000000000000000000000;11101000;000;_;e;10;000100000101000000000000;____;04;003;081;004;000;006;055;0425710418;;;;;;;;;;;;;;;;;;;;;;;;;;;;;;;;;;;;;;;;;;;;;;;;;;
18:18:09;12;29;9999;085;999;08;111111111111000000000000;000000000000000000000000;11101000;000;_;e;10;111100000101000000000000;____;04;032;088;003;016;034;058;0425710613;;;;;;;;;;;;;;;;;;;;;;;;;;;;;;;;;;;;;;;;;;;;;;;;;;
18:22:32;12;30;9999;074;999;09;111111111111000000000000;000000000000000000000000;11101000;000;_;e;10;000001110000000000000000;____;07;044;059;033;039;047;053;0425710547;;;;;;;;;;;;;;;;;;;;;;;;;;;;;;;;;;;;;;;;;;;;;;;;;;
18:24:32;12;31;9999;062;999;09;111111111111000000000000;000000000000000000000000;11101000;000;_;e;10;100000101000000000000000;____;09;070;066;009;065;070;044;0425710616;;;;;;;;;;;;;;;;;;;;;;;;;;;;;;;;;;;;;;;;;;;;;;;;;;
18:24:36;12;32;9999;060;271;09;111111111111000000000000;000000000000000000000000;11101000;000;_;e;10;111110000101000000000000;____;10;-09;084;010;-10;000;165;0425710024;;;;;;;;;;;;;;;;;;;;;;;;;;;;;;;;;;;;;;;;;;;;;;;;;;
18:32:11;12;33;9999;075;999;09;111111111111000000000000;000000000000000000000000;11101000;000;_;e;10;001101001000000000000000;____;03;047;087;025;046;071;092;0425710428;;;;;;;;;;;;;;;;;;;;;;;;;;;;;;;;;;;;;;;;;;;;;;;;;;
18:38:51;12;34;9999;077;999;09;111111111111000000000000;000000000000000000000000;11101000;000;_;e;10;001110001100000000000000;____;03;053;084;038;050;056;060;0425710550;;;;;;;;;;;;;;;;;;;;;;;;;;;;;;;;;;;;;;;;;;;;;;;;;;
18:40:46;12;35;9999;056;999;09;111111111111000000000000;000000000000000000000000;11101000;000;_;e;10;001111000100000000000000;____;10;-05;079;001;-10;007;085;0425710551;;;;;;;;;;;;;;;;;;;;;;;;;;;;;;;;;;;;;;;;;;;;;;;;;;
18:41:41;12;36;9999;070;999;09;111111111111000000000000;000000000000000000000000;11101000;000;_;e;10;000111101110000000000000;____;05;044;041;008;034;048;149;0425710618;;;;;;;;;;;;;;;;;;;;;;;;;;;;;;;;;;;;;;;;;;;;;;;;;;
19:01:42;12;37;9999;054;999;09;111111111111000000000000;000000000000000000000000;11101000;000;_;e;10;110000100000000000000000;____;01;-07;092;012;-10;-01;058;0425710558;;;;;;;;;;;;;;;;;;;;;;;;;;;;;;;;;;;;;;;;;;;;;;;;;;
19:04:09;12;38;9999;065;999;09;111111111111000000000000;000000000000000000000000;11101000;000;_;e;10;010000000001000000000000;____;02;-04;093;008;-04;001;007;0425710629;;;;;;;;;;;;;;;;;;;;;;;;;;;;;;;;;;;;;;;;;;;;;;;;;;
19:07:46;12;39;9999;075;999;09;111111111111000000000000;000000000000000000000000;11101000;000;_;e;10;001111001110000000000000;____;03;075;059;021;025;084;229;0425710560;;;;;;;;;;;;;;;;;;;;;;;;;;;;;;;;;;;;;;;;;;;;;;;;;;
19:12:31;12;40;9999;075;999;09;111111111111000000000000;000000000000000000000000;11101000;000;_;e;10;001111001100000000000000;____;10;003;062;020;003;050;126;0425710632;;;;;;;;;;;;;;;;;;;;;;;;;;;;;;;;;;;;;;;;;;;;;;;;;;
19:13:14;12;41;9999;078;999;09;111111111111000000000000;000000000000000000000000;11101000;000;_;e;10;000011010100000000000000;____;06;008;051;025;008;011;080;0425710445;;;;;;;;;;;;;;;;;;;;;;;;;;;;;;;;;;;;;;;;;;;;;;;;;;
19:18:28;12;42;9999;075;999;09;111111111111000000000000;000000000000000000000000;11101000;000;_;e;10;000001001000000000000000;____;09;055;058;030;053;056;040;0425710634;;;;;;;;;;;;;;;;;;;;;;;;;;;;;;;;;;;;;;;;;;;;;;;;;;
19:18:50;12;43;9999;076;999;09;111111111111000000000000;000000000000000000000000;11101000;000;_;e;10;001111001100000000000000;____;04;072;064;025;069;077;121;0425707165;;;;;;;;;;;;;;;;;;;;;;;;;;;;;;;;;;;;;;;;;;;;;;;;;;
19:19:02;12;44;9999;074;986;09;111111111111000000000000;000000000000000000000000;11101000;000;_;e;10;001111001100000000000000;____;10;044;064;028;042;046;165;0425707164;;;;;;;;;;;;;;;;;;;;;;;;;;;;;;;;;;;;;;;;;;;;;;;;;;
19:23:05;12;45;9999;078;999;08;111111111111000000000000;000000000000000000000000;11101000;000;_;e;10;001100001000000000000000;____;03;062;079;010;042;065;061;0425710448;;;;;;;;;;;;;;;;;;;;;;;;;;;;;;;;;;;;;;;;;;;;;;;;;;
19:26:20;12;46;9999;054;999;09;111111111111000000000000;000000000000000000000000;11101000;000;_;e;10;001110111100000000000000;____;03;029;055;027;023;032;102;0425710451;;;;;;;;;;;;;;;;;;;;;;;;;;;;;;;;;;;;;;;;;;;;;;;;;;
20:01:05;12;47;9999;070;999;09;111111111111000000000000;000000000000000000000000;11101000;000;_;e;10;110010001101000000000000;____;01;036;099;025;028;052;079;0425707185;;;;;;;;;;;;;;;;;;;;;;;;;;;;;;;;;;;;;;;;;;;;;;;;;;
20:02:08;12;48;9999;074;999;08;111111111111000000000000;000000000000000000000000;11101000;000;_;e;10;000000000100000000000000;____;10;009;075;020;009;010;042;0425707184;;;;;;;;;;;;;;;;;;;;;;;;;;;;;;;;;;;;;;;;;;;;;;;;;;
20:08:09;12;49;9999;054;999;09;111111111111000000000000;000000000000000000000000;11101000;000;_;e;10;010000001100000000000000;____;09;-03;080;024;-05;-03;051;0425707186;;;;;;;;;;;;;;;;;;;;;;;;;;;;;;;;;;;;;;;;;;;;;;;;;;
20:15:49;12;50;9999;072;999;09;111111111111000000000000;000000000000000000000000;11101000;000;_;e;10;111100000000000000000000;____;02;026;092;017;024;039;043;0425710216;;;;;;;;;;;;;;;;;;;;;;;;;;;;;;;;;;;;;;;;;;;;;;;;;;
20:17:40;12;51;9999;074;999;09;111111111111000000000000;000000000000000000000000;11101000;000;_;e;10;000110000100000000000000;____;10;072;082;008;065;074;041;0425707193;;;;;;;;;;;;;;;;;;;;;;;;;;;;;;;;;;;;;;;;;;;;;;;;;;
20:19:09;12;52;9999;066;999;09;111111111111000000000000;000000000000000000000000;11101000;000;_;e;10;110000000000000000000000;____;01;032;101;016;032;035;055;0425710219;;;;;;;;;;;;;;;;;;;;;;;;;;;;;;;;;;;;;;;;;;;;;;;;;;
20:19:43;12;53;9999;076;999;09;111111111111000000000000;000000000000000000000000;11101000;000;_;e;10;001101001100000000000000;____;10;017;060;004;014;072;095;0425707195;;;;;;;;;;;;;;;;;;;;;;;;;;;;;;;;;;;;;;;;;;;;;;;;;;
20:30:40;12;54;9999;076;999;09;111111111111000000000000;000000000000000000000000;11101000;000;_;e;10;000110000100000000000000;____;04;002;068;025;-02;038;062;0425707198;;;;;;;;;;;;;;;;;;;;;;;;;;;;;;;;;;;;;;;;;;;;;;;;;;
20:37:09;12;55;9999;064;999;09;111111111111000000000000;000000000000000000000000;11101000;000;_;e;10;011100001100000000000000;____;09;-02;076;032;-05;013;103;0425710228;;;;;;;;;;;;;;;;;;;;;;;;;;;;;;;;;;;;;;;;;;;;;;;;;;
20:40:07;12;56;9999;071;999;09;111111111111000000000000;000000000000000000000000;11101000;000;_;e;10;000010111000000000000000;____;07;042;045;009;037;042;056;0425710230;;;;;;;;;;;;;;;;;;;;;;;;;;;;;;;;;;;;;;;;;;;;;;;;;;
20:40:33;12;57;9999;060;999;09;111111111111000000000000;000000000000000000000000;11101000;000;_;e;10;110000000000000000000000;____;02;043;100;024;005;044;042;0425712307;;;;;;;;;;;;;;;;;;;;;;;;;;;;;;;;;;;;;;;;;;;;;;;;;;
20:40:37;12;58;9999;055;259;09;111111111111000000000000;000000000000000000000000;11101000;000;_;e;10;000000000001000000000000;____;12;-05;073;004;-05;000;005;0425712306;;;;;;;;;;;;;;;;;;;;;;;;;;;;;;;;;;;;;;;;;;;;;;;;;;
20:41:58;12;59;9999;061;999;09;111111111111000000000000;000000000000000000000000;11101000;000;_;e;10;001011111100000000000000;____;05;028;070;034;004;040;164;0425712309;;;;;;;;;;;;;;;;;;;;;;;;;;;;;;;;;;;;;;;;;;;;;;;;;;
20:43:28;12;60;9999;060;999;08;111111111111000000000000;000000000000000000000000;11101000;000;_;e;10;111100000000000000000000;____;01;040;096;032;038;045;068;0425712308;;;;;;;;;;;;;;;;;;;;;;;;;;;;;;;;;;;;;;;;;;;;;;;;;;
20:48:21;12;61;9999;074;999;09;111111111111000000000000;000000000000000000000000;11101000;000;_;e;10;001111001100000000000000;____;10;031;062;033;028;034;258;0425707644;;;;;;;;;;;;;;;;;;;;;;;;;;;;;;;;;;;;;;;;;;;;;;;;;;
20:56:36;12;62;9999;074;999;09;111111111111000000000000;000000000000000000000000;11101000;000;_;e;10;000011111110000000000000;____;06;046;036;013;046;059;049;0425710105;;;;;;;;;;;;;;;;;;;;;;;;;;;;;;;;;;;;;;;;;;;;;;;;;;
20:59:47;12;63;9999;041;999;09;111111111111000000000000;000000000000000000000000;11101000;000;_;e;10;000000001000000000000000;____;09;038;058;006;038;038;003;0425707818;;;;;;;;;;;;;;;;;;;;;;;;;;;;;;;;;;;;;;;;;;;;;;;;;;
21:00:57;12;64;9999;052;999;09;111111111111000000000000;000000000000000000000000;11101000;000;_;e;10;001111001110000000000000;____;05;055;051;011;050;059;140;0425707819;;;;;;;;;;;;;;;;;;;;;;;;;;;;;;;;;;;;;;;;;;;;;;;;;;
21:02:07;12;65;9999;056;999;09;111111111111000000000000;000000000000000000000000;11010000;000;_;;;;;;;;;;;;;;;;;;;;;;;;;;;;;;;;;;;;;;;;;;;;;;;;;;;;;;;;;;;;;;
21:03:16;12;66;9999;075;999;09;111111111111000000000000;000000000000000000000000;11101000;000;_;e;10;101111101100000000000000;____;05;030;086;037;026;038;127;0425707059;;;;;;;;;;;;;;;;;;;;;;;;;;;;;;;;;;;;;;;;;;;;;;;;;;
21:03:46;12;67;9999;068;999;08;111111111111000000000000;000000000000000000000000;11101000;000;_;e;10;111000000000000000000000;____;01;029;099;022;029;032;054;0425707060;;;;;;;;;;;;;;;;;;;;;;;;;;;;;;;;;;;;;;;;;;;;;;;;;;
21:05:07;12;68;9999;075;999;09;111111111111000000000000;000000000000000000000000;11101000;000;_;e;10;000011001100000000000000;____;06;043;055;040;025;049;088;0425710238;;;;;;;;;;;;;;;;;;;;;;;;;;;;;;;;;;;;;;;;;;;;;;;;;;
21:05:15;12;69;9999;073;598;09;111111111111000000000000;000000000000000000000000;11101000;000;_;e;10;000111011100000000000000;____;09;039;051;029;031;039;111;0425707656;;;;;;;;;;;;;;;;;;;;;;;;;;;;;;;;;;;;;;;;;;;;;;;;;;
21:05:45;12;70;9999;064;999;09;111111111111000000000000;000000000000000000000000;11101000;000;_;e;10;001101001100000000000000;____;04;-05;080;010;-10;041;106;0425707658;;;;;;;;;;;;;;;;;;;;;;;;;;;;;;;;;;;;;;;;;;;;;;;;;;
21:05:49;12;71;9999;075;279;09;111111111111000000000000;000000000000000000000000;11101000;000;_;e;10;001111000000000000000000;____;03;031;076;029;013;059;077;0425707820;;;;;;;;;;;;;;;;;;;;;;;;;;;;;;;;;;;;;;;;;;;;;;;;;;
21:08:26;12;72;9999;068;999;09;111111111111000000000000;000000000000000000000000;11101000;000;_;e;10;110000000000000000000000;____;01;039;102;012;036;040;044;0425707065;;;;;;;;;;;;;;;;;;;;;;;;;;;;;;;;;;;;;;;;;;;;;;;;;;
21:09:42;12;73;9999;076;999;09;111111111111000000000000;000000000000000000000000;11101000;000;_;e;10;110100000101000000000000;____;10;010;083;005;008;040;121;0425710241;;;;;;;;;;;;;;;;;;;;;;;;;;;;;;;;;;;;;;;;;;;;;;;;;;
21:09:51;12;74;9999;066;754;09;111111111111000000000000;000000000000000000000000;11101000;000;_;e;10;110000000001000000000000;____;01;030;099;013;013;030;026;0425710109;;;;;;;;;;;;;;;;;;;;;;;;;;;;;;;;;;;;;;;;;;;;;;;;;;
21:10:00;12;75;9999;066;682;09;111111111111000000000000;000000000000000000000000;11101000;000;_;e;10;101110000100000000000000;____;10;001;081;021;001;034;072;0425706984;;;;;;;;;;;;;;;;;;;;;;;;;;;;;;;;;;;;;;;;;;;;;;;;;;
21:10:08;12;76;9999;065;569;09;111111111111000000000000;000000000000000000000000;11101000;000;_;e;10;110000000000000000000000;____;01;037;098;011;036;038;071;0425707821;;;;;;;;;;;;;;;;;;;;;;;;;;;;;;;;;;;;;;;;;;;;;;;;;;
21:10:39;12;77;9999;074;999;09;111111111111000000000000;000000000000000000000000;11101000;000;_;e;10;001101101100000000000000;____;03;043;060;025;042;066;041;0425706985;;;;;;;;;;;;;;;;;;;;;;;;;;;;;;;;;;;;;;;;;;;;;;;;;;
21:11:41;12;78;9999;050;999;09;111111111111000000000000;000000000000000000000000;11101000;000;_;e;10;001111101110000000000000;____;09;025;055;015;023;050;157;0425707066;;;;;;;;;;;;;;;;;;;;;;;;;;;;;;;;;;;;;;;;;;;;;;;;;;
21:11:50;12;79;9999;067;679;09;111111111111000000000000;000000000000000000000000;11101000;000;_;e;10;001100000000000000000000;____;03;042;097;036;036;044;033;0425706987;;;;;;;;;;;;;;;;;;;;;;;;;;;;;;;;;;;;;;;;;;;;;;;;;;
21:13:19;12;80;9999;078;999;09;111111111111000000000000;000000000000000000000000;11101000;000;_;e;10;000111101100000000000000;____;05;050;061;026;048;055;157;0425706988;;;;;;;;;;;;;;;;;;;;;;;;;;;;;;;;;;;;;;;;;;;;;;;;;;
21:13:32;12;81;9999;057;999;09;111111111111000000000000;000000000000000000000000;11101000;000;_;e;10;110000000000000000000000;____;01;029;100;009;028;030;039;0425706989;;;;;;;;;;;;;;;;;;;;;;;;;;;;;;;;;;;;;;;;;;;;;;;;;;
21:13:49;12;82;9999;044;999;09;111111111111000000000000;000000000000000000000000;11101000;000;_;e;10;100100000101000000000000;____;10;-03;083;004;-03;020;077;0425710248;;;;;;;;;;;;;;;;;;;;;;;;;;;;;;;;;;;;;;;;;;;;;;;;;;
21:14:07;12;83;9999;075;999;09;111111111111000000000000;000000000000000000000000;11101000;000;_;e;10;001100001100000000000000;____;04;008;076;011;008;035;069;0425710246;;;;;;;;;;;;;;;;;;;;;;;;;;;;;;;;;;;;;;;;;;;;;;;;;;
21:14:31;12;84;9999;050;999;09;111111111111000000000000;000000000000000000000000;11101000;000;_;e;10;000011100101000000000000;____;07;029;054;007;021;029;088;0425710250;;;;;;;;;;;;;;;;;;;;;;;;;;;;;;;;;;;;;;;;;;;;;;;;;;
21:15:49;12;85;9999;060;999;09;111111111111000000000000;000000000000000000000000;11101000;000;_;e;10;000010100000000000000000;____;05;042;049;008;042;046;028;0425710245;;;;;;;;;;;;;;;;;;;;;;;;;;;;;;;;;;;;;;;;;;;;;;;;;;
21:16:15;12;86;9999;075;999;09;111111111111000000000000;000000000000000000000000;11101000;000;_;e;10;011110001000000000000000;____;09;073;071;024;051;073;077;0425707825;;;;;;;;;;;;;;;;;;;;;;;;;;;;;;;;;;;;;;;;;;;;;;;;;;
21:16:31;12;87;9999;075;999;09;111111111111000000000000;000000000000000000000000;11101000;000;_;e;10;000010000100000000000000;____;10;074;064;016;054;074;024;0425710251;;;;;;;;;;;;;;;;;;;;;;;;;;;;;;;;;;;;;;;;;;;;;;;;;;
21:16:57;12;88;9999;075;999;09;111111111111000000000000;000000000000000000000000;11101000;000;_;e;10;011111000100000000000000;____;05;064;072;029;019;069;051;0425706991;;;;;;;;;;;;;;;;;;;;;;;;;;;;;;;;;;;;;;;;;;;;;;;;;;
21:17:14;12;89;9999;076;999;09;111111111111000000000000;000000000000000000000000;11101000;000;_;e;10;001111100100000000000000;____;05;041;051;031;041;055;116;0425712318;;;;;;;;;;;;;;;;;;;;;;;;;;;;;;;;;;;;;;;;;;;;;;;;;;
21:18:04;12;90;9999;076;999;09;111111111111000000000000;000000000000000000000000;11101000;000;_;e;10;111001001000000000000000;____;02;041;086;024;036;042;075;0425710113;;;;;;;;;;;;;;;;;;;;;;;;;;;;;;;;;;;;;;;;;;;;;;;;;;
21:18:23;12;91;9999;066;999;09;111111111111000000000000;000000000000000000000000;11101000;000;_;e;10;001100000000000000000000;____;03;032;082;038;031;032;050;0425707666;;;;;;;;;;;;;;;;;;;;;;;;;;;;;;;;;;;;;;;;;;;;;;;;;;
21:19:04;12;92;9999;056;999;09;111111111111000000000000;000000000000000000000000;11101000;000;_;e;10;111000000001000000000000;____;03;031;092;000;022;033;034;0425707068;;;;;;;;;;;;;;;;;;;;;;;;;;;;;;;;;;;;;;;;;;;;;;;;;;
21:20:04;12;93;9999;077;999;09;111111111111000000000000;000000000000000000000000;11101000;000;_;e;10;001011100000000000000000;____;05;041;060;023;040;044;022;0425707826;;;;;;;;;;;;;;;;;;;;;;;;;;;;;;;;;;;;;;;;;;;;;;;;;;
21:20:42;12;94;9999;078;999;09;111111111111000000000000;000000000000000000000000;11101000;000;_;e;10;001000001100000000000000;____;03;061;067;002;011;064;068;0425707827;;;;;;;;;;;;;;;;;;;;;;;;;;;;;;;;;;;;;;;;;;;;;;;;;;
21:23:10;12;95;9999;074;999;09;111111111111000000000000;000000000000000000000000;11101000;000;_;e;10;000001000100000000000000;____;06;056;065;050;052;056;047;0425707070;;;;;;;;;;;;;;;;;;;;;;;;;;;;;;;;;;;;;;;;;;;;;;;;;;
21:24:50;12;96;9999;066;999;09;111111111111000000000000;000000000000000000000000;11101000;000;_;e;10;100100000000000000000000;____;04;024;079;044;022;024;008;0425710256;;;;;;;;;;;;;;;;;;;;;;;;;;;;;;;;;;;;;;;;;;;;;;;;;;
21:25:22;12;97;9999;074;999;09;111111111111000000000000;000000000000000000000000;11101000;000;_;e;10;000011111100000000000000;____;10;040;060;033;018;044;096;0425707071;;;;;;;;;;;;;;;;;;;;;;;;;;;;;;;;;;;;;;;;;;;;;;;;;;
21:29:38;12;98;9999;072;999;09;111111111111000000000000;000000000000000000000000;11101000;000;_;e;10;111100000000000000000000;____;02;044;100;025;041;046;054;0425707072;;;;;;;;;;;;;;;;;;;;;;;;;;;;;;;;;;;;;;;;;;;;;;;;;;
21:30:08;12;99;9999;075;999;09;111111111111000000000000;000000000000000000000000;11101000;000;_;e;10;001111001100000000000000;____;04;026;074;033;023;031;150;0425707073;;;;;;;;;;;;;;;;;;;;;;;;;;;;;;;;;;;;;;;;;;;;;;;;;;
21:34:28;12;01;9999;075;999;09;111111111111000000000000;000000000000000000000000;11101000;000;_;e;10;011111010100000000000000;____;03;037;079;038;026;043;069;0425710118;;;;;;;;;;;;;;;;;;;;;;;;;;;;;;;;;;;;;;;;;;;;;;;;;;
21:36:32;12;02;9999;071;999;09;111111111111000000000000;000000000000000000000000;11101000;000;_;e;10;000010110000000000000000;____;07;054;048;012;051;055;069;0425712327;;;;;;;;;;;;;;;;;;;;;;;;;;;;;;;;;;;;;;;;;;;;;;;;;;
21:38:09;12;03;9999;074;999;09;111111111111000000000000;000000000000000000000000;11101000;000;_;e;10;001101001100000000000000;____;09;005;073;019;001;008;094;0425707830;;;;;;;;;;;;;;;;;;;;;;;;;;;;;;;;;;;;;;;;;;;;;;;;;;
21:39:38;12;04;9999;074;999;09;111111111111000000000000;000000000000000000000000;11101000;000;_;e;10;001111101100000000000000;____;10;039;059;038;005;041;134;0425707675;;;;;;;;;;;;;;;;;;;;;;;;;;;;;;;;;;;;;;;;;;;;;;;;;;
21:42:02;12;05;9999;076;999;09;111111111111000000000000;000000000000000000000000;11101000;000;_;e;10;000011110100000000000000;____;07;048;051;024;044;049;098;0425712329;;;;;;;;;;;;;;;;;;;;;;;;;;;;;;;;;;;;;;;;;;;;;;;;;;
21:45:14;12;06;9999;056;999;09;111111111111000000000000;000000000000000000000000;11101000;000;_;e;10;111000000000000000000000;____;01;029;102;007;027;031;034;0425712330;;;;;;;;;;;;;;;;;;;;;;;;;;;;;;;;;;;;;;;;;;;;;;;;;;
21:45:31;12;07;9999;076;999;09;111111111111000000000000;000000000000000000000000;11101000;000;_;e;10;111100001000000000000000;____;03;028;084;028;020;028;128;0425712331;;;;;;;;;;;;;;;;;;;;;;;;;;;;;;;;;;;;;;;;;;;;;;;;;;
21:48:00;12;08;9999;067;999;09;111111111111000000000000;000000000000000000000000;11101000;000;_;e;10;011000000000000000000000;____;03;034;098;032;016;034;019;0425707677;;;;;;;;;;;;;;;;;;;;;;;;;;;;;;;;;;;;;;;;;;;;;;;;;;
21:50:41;12;09;9999;064;999;09;111111111111000000000000;000000000000000000000000;11101000;000;_;e;10;000000000011000000000000;____;12;010;060;004;010;010;019;0425710122;;;;;;;;;;;;;;;;;;;;;;;;;;;;;;;;;;;;;;;;;;;;;;;;;;
21:50:54;12;10;9999;046;999;09;111111111111000000000000;000000000000000000000000;11101000;000;_;e;10;001111100100000000000000;____;04;024;052;018;015;025;096;0425712333;;;;;;;;;;;;;;;;;;;;;;;;;;;;;;;;;;;;;;;;;;;;;;;;;;
21:53:45;12;11;9999;067;999;09;111111111111000000000000;000000000000000000000000;11101000;000;_;e;10;001110001101000000000000;____;10;-09;081;009;-13;024;113;0425707078;;;;;;;;;;;;;;;;;;;;;;;;;;;;;;;;;;;;;;;;;;;;;;;;;;
21:57:51;12;12;9999;071;999;09;111111111111000000000000;000000000000000000000000;11101000;000;_;e;10;000011110000000000000000;____;07;050;044;020;048;052;087;0425710266;;;;;;;;;;;;;;;;;;;;;;;;;;;;;;;;;;;;;;;;;;;;;;;;;;
21:59:29;12;13;9999;057;999;09;111111111111000000000000;000000000000000000000000;11101000;000;_;e;10;001101001000000000000000;____;09;056;082;021;055;060;094;0425707832;;;;;;;;;;;;;;;;;;;;;;;;;;;;;;;;;;;;;;;;;;;;;;;;;;
22:00:02;12;14;9999;074;999;08;111111111111000000000000;000000000000000000000000;11101000;000;_;e;10;000011100100000000000000;____;07;050;049;028;017;050;087;0425712337;;;;;;;;;;;;;;;;;;;;;;;;;;;;;;;;;;;;;;;;;;;;;;;;;;
22:00:09;12;15;9999;050;460;09;111111111111000000000000;000000000000000000000000;11101000;000;_;e;10;110000000011000000000000;____;02;014;095;007;014;039;036;0425707681;;;;;;;;;;;;;;;;;;;;;;;;;;;;;;;;;;;;;;;;;;;;;;;;;;
22:01:23;12;16;9999;047;999;09;111111111111000000000000;000000000000000000000000;11101000;000;_;e;10;000100000101000000000000;____;10;-07;086;011;-07;-05;077;0425707680;;;;;;;;;;;;;;;;;;;;;;;;;;;;;;;;;;;;;;;;;;;;;;;;;;
22:02:44;12;17;9999;057;999;09;111111111111000000000000;000000000000000000000000;11101000;000;_;e;10;111100000100000000000000;____;04;038;089;021;012;038;072;0425706999;;;;;;;;;;;;;;;;;;;;;;;;;;;;;;;;;;;;;;;;;;;;;;;;;;
22:13:18;12;18;9999;063;999;09;111111111111000000000000;000000000000000000000000;11101000;000;_;e;10;110000001100000000000000;____;01;035;103;009;011;040;057;0425710038;;;;;;;;;;;;;;;;;;;;;;;;;;;;;;;;;;;;;;;;;;;;;;;;;;
22:15:30;12;19;9999;063;999;09;111111111111000000000000;000000000000000000000000;11101000;000;_;e;10;001111001100000000000000;____;10;002;080;003;-03;044;148;0425707080;;;;;;;;;;;;;;;;;;;;;;;;;;;;;;;;;;;;;;;;;;;;;;;;;;
22:17:46;12;20;9999;072;999;09;111111111111000000000000;000000000000000000000000;11101000;000;_;e;10;111111000100000000000000;____;04;039;089;028;013;061;090;0425710041;;;;;;;;;;;;;;;;;;;;;;;;;;;;;;;;;;;;;;;;;;;;;;;;;;
22:18:03;12;21;9999;073;999;09;111111111111000000000000;000000000000000000000000;11101000;000;_;e;10;000000000101000000000000;____;12;-04;073;004;-09;006;036;0425710040;;;;;;;;;;;;;;;;;;;;;;;;;;;;;;;;;;;;;;;;;;;;;;;;;;
22:19:06;12;22;9999;071;999;09;111111111111000000000000;000000000000000000000000;11101000;000;_;e;10;110100000001000000000000;____;01;020;090;016;019;024;050;0425710042;;;;;;;;;;;;;;;;;;;;;;;;;;;;;;;;;;;;;;;;;;;;;;;;;;
22:27:33;12;23;9999;058;999;09;111111111111000000000000;000000000000000000000000;11101000;000;_;e;10;000000001101000000000000;____;10;001;081;019;-05;030;035;0425710045;;;;;;;;;;;;;;;;;;;;;;;;;;;;;;;;;;;;;;;;;;;;;;;;;;
22:30:14;12;24;9999;054;999;09;111111111111000000000000;000000000000000000000000;11101000;000;_;e;10;001111001100000000000000;____;10;-09;066;008;-12;-01;121;0425707688;;;;;;;;;;;;;;;;;;;;;;;;;;;;;;;;;;;;;;;;;;;;;;;;;;
22:30:36;12;25;9999;074;999;09;111111111111000000000000;000000000000000000000000;11101000;000;_;e;10;001011110000000000000000;____;07;050;046;029;021;051;052;0425707689;;;;;;;;;;;;;;;;;;;;;;;;;;;;;;;;;;;;;;;;;;;;;;;;;;
22:37:41;12;26;9999;058;999;09;111111111111000000000000;000000000000000000000000;11101000;000;_;e;10;001111001101000000000000;____;10;-11;074;010;-14;052;241;0425710268;;;;;;;;;;;;;;;;;;;;;;;;;;;;;;;;;;;;;;;;;;;;;;;;;;
22:45:16;12;27;9999;077;999;09;111111111111000000000000;000000000000000000000000;11101000;000;_;e;10;101111001100000000000000;____;04;040;064;037;035;064;164;0425710269;;;;;;;;;;;;;;;;;;;;;;;;;;;;;;;;;;;;;;;;;;;;;;;;;;
22:45:59;12;28;9999;076;999;09;111111111111000000000000;000000000000000000000000;11101000;000;_;e;10;001111001100000000000000;____;04;027;068;039;007;029;123;0425707838;;;;;;;;;;;;;;;;;;;;;;;;;;;;;;;;;;;;;;;;;;;;;;;;;;
22:50:43;12;29;9999;068;999;09;111111111111000000000000;000000000000000000000000;11101000;000;_;e;10;111100000000000000000000;____;04;033;091;028;031;035;074;0425712344;;;;;;;;;;;;;;;;;;;;;;;;;;;;;;;;;;;;;;;;;;;;;;;;;;
23:19:53;12;30;9999;075;999;09;111111111111000000000000;000000000000000000000000;11010000;000;_;;;;;;;;;;;;;;;;;;;;;;;;;;;;;;;;;;;;;;;;;;;;;;;;;;;;;;;;;;;;;;
