RDT400 Server V3.30
Site: 
System: Barcode scanner PLC06_178 (Sick); System type: OPS
Date: 13-12-2024  00:00:16
Date    ;ID;CT;IDX ;TLE;TGA;V ;DEVICE LIST             ;ERROR LIST              ;OUTPUT  ;ENR;R;CODE1 ID;LENGTH;READ LIST;RES;CLV ID;XPOS;YPOS;ZPOS;XMIN;XMAX;CS;CODE CONTENT;XPOS;YPOS;ZPOS;XMIN;XMAX;CS;CODE CONTENT;CODE2 ID;LENGTH;READ LIST;RES;CLV ID;XPOS;YPOS;ZPOS;XMIN;XMAX;CS;CODE CONTENT;XPOS;YPOS;ZPOS;XMIN;XMAX;CS;CODE CONTENT;CODE3 ID;LENGTH;READ LIST;RES;CLV ID;XPOS;YPOS;ZPOS;XMIN;XMAX;CS;CODE CONTENT;XPOS;YPOS;ZPOS;XMIN;XMAX;CS;CODE CONTENT;INFO1;INFO2;CUSTOM1;CUSTOM2;
05:05:05;17;95;9999;046;999;11;111111111111000000000000;000000000000000000000000;11101000;000;_;e;10;000010100100000000000000;____;07;009;016;007;009;018;041;0425559501;;;;;;;;;;;;;;;;;;;;;;;;;;;;;;;;;;;;;;;;;;;;;;;;;;
05:05:07;17;96;9999;080;147;11;111111111111000000000000;000000000000000000000000;11101000;000;_;e;10;000111001000000000000000;____;06;-04;054;029;-05;002;049;0425559502;;;;;;;;;;;;;;;;;;;;;;;;;;;;;;;;;;;;;;;;;;;;;;;;;;
05:34:22;17;97;9999;060;999;11;111111111111000000000000;000000000000000000000000;11101000;000;_;e;10;000000001000000000000000;____;09;035;035;009;035;035;023;0425549002;;;;;;;;;;;;;;;;;;;;;;;;;;;;;;;;;;;;;;;;;;;;;;;;;;
05:34:24;17;98;9999;083;143;11;111111111111000000000000;000000000000000000000000;11101000;000;_;e;10;100101001001000000000000;____;06;034;076;008;030;034;044;0425549003;;;;;;;;;;;;;;;;;;;;;;;;;;;;;;;;;;;;;;;;;;;;;;;;;;
05:34:26;17;99;9999;077;147;11;111111111111000000000000;000000000000000000000000;11101000;000;_;e;10;000010000000000000000000;____;05;-07;047;034;-07;-07;002;0425532005;;;;;;;;;;;;;;;;;;;;;;;;;;;;;;;;;;;;;;;;;;;;;;;;;;
05:34:28;17;01;9999;072;148;11;111111111111000000000000;000000000000000000000000;11010000;000;_;;;;;;;;;;;;;;;;;;;;;;;;;;;;;;;;;;;;;;;;;;;;;;;;;;;;;;;;;;;;;;
05:34:32;17;02;9999;047;204;05;111111111111000000000000;000000000000000000000000;11010000;000;_;;;;;;;;;;;;;;;;;;;;;;;;;;;;;;;;;;;;;;;;;;;;;;;;;;;;;;;;;;;;;;
05:34:35;17;03;9999;079;233;11;111111111111000000000000;000000000000000000000000;11101000;000;_;e;10;001111001000000000000000;____;05;025;041;042;012;026;076;0425558385;;;;;;;;;;;;;;;;;;;;;;;;;;;;;;;;;;;;;;;;;;;;;;;;;;
05:34:39;17;04;9999;044;157;11;111111111111000000000000;000000000000000000000000;11101000;000;_;e;10;000101000100000000000000;____;06;-20;026;009;-20;009;014;0425552767;;;;;;;;;;;;;;;;;;;;;;;;;;;;;;;;;;;;;;;;;;;;;;;;;;
05:34:41;17;05;9999;081;052;02;111111111111000000000000;000000000000000000000000;11101000;000;_;e;10;000011001100000000000000;____;06;011;025;031;-20;016;048;0425552768;;;;;;;;;;;;;;;;;;;;;;;;;;;;;;;;;;;;;;;;;;;;;;;;;;
05:34:43;17;06;9999;081;154;11;111111111111000000000000;000000000000000000000000;11101000;000;_;e;10;000011000100000000000000;____;06;007;031;034;007;011;041;0425558238;;;;;;;;;;;;;;;;;;;;;;;;;;;;;;;;;;;;;;;;;;;;;;;;;;
05:34:48;17;07;9999;045;096;01;111111111111000000000000;000000000000000000000000;11101000;000;_;e;10;100000001000000000000000;____;01;000;067;032;-02;002;024;0425558239;;;;;;;;;;;;;;;;;;;;;;;;;;;;;;;;;;;;;;;;;;;;;;;;;;
05:34:51;17;08;9999;058;249;11;111111111111000000000000;000000000000000000000000;11101000;000;_;e;10;000111011100000000000000;____;04;036;024;012;020;042;107;0425558149;;;;;;;;;;;;;;;;;;;;;;;;;;;;;;;;;;;;;;;;;;;;;;;;;;
05:34:57;17;09;9999;081;354;11;111111111111000000000000;000000000000000000000000;11010000;000;_;;;;;;;;;;;;;;;;;;;;;;;;;;;;;;;;;;;;;;;;;;;;;;;;;;;;;;;;;;;;;;
05:35:01;17;10;9999;045;343;11;111111111111000000000000;000000000000000000000000;11101000;000;_;e;10;000101000000000000000000;____;04;000;068;013;-05;000;037;0425558241;;;;;;;;;;;;;;;;;;;;;;;;;;;;;;;;;;;;;;;;;;;;;;;;;;
05:35:03;17;11;9999;077;240;11;111111111111000000000000;000000000000000000000000;11101000;000;_;e;10;000000001000000000000000;____;09;067;033;033;067;069;035;0425558242;;;;;;;;;;;;;;;;;;;;;;;;;;;;;;;;;;;;;;;;;;;;;;;;;;
05:35:05;17;12;9999;060;152;11;111111111111000000000000;000000000000000000000000;11001000;000;_;e;10;000111000001000000000000;____;04;014;006;017;010;016;038;0425552769;001;066;004;-01;009;022;0050120162;;;;;;;;;;;;;;;;;;;;;;;;;;;;;;;;;;;;;;;;;;;
05:35:08;17;13;9999;068;196;11;111111111111000000000000;000000000000000000000000;11101000;000;_;e;10;000100011010000000000000;____;04;037;035;005;009;040;042;0425558245;;;;;;;;;;;;;;;;;;;;;;;;;;;;;;;;;;;;;;;;;;;;;;;;;;
05:35:10;17;14;9999;073;139;11;111111111111000000000000;000000000000000000000000;11101000;000;_;e;10;100000000000000000000000;____;01;018;048;030;017;019;023;0425552770;;;;;;;;;;;;;;;;;;;;;;;;;;;;;;;;;;;;;;;;;;;;;;;;;;
05:35:12;17;15;9999;078;151;11;111111111111000000000000;000000000000000000000000;11101000;000;_;e;10;001111001100000000000000;____;04;-02;043;029;-02;001;074;0425558246;;;;;;;;;;;;;;;;;;;;;;;;;;;;;;;;;;;;;;;;;;;;;;;;;;
05:35:14;17;16;9999;076;145;11;111111111111000000000000;000000000000000000000000;11101000;000;_;e;10;100111001100000000000000;____;09;016;053;041;-17;023;107;0425552771;;;;;;;;;;;;;;;;;;;;;;;;;;;;;;;;;;;;;;;;;;;;;;;;;;
06:04:34;17;17;9999;073;999;11;111111111111000000000000;000000000000000000000000;11101000;000;_;e;10;110000001000000000000000;____;01;031;078;005;025;031;030;0425560338;;;;;;;;;;;;;;;;;;;;;;;;;;;;;;;;;;;;;;;;;;;;;;;;;;
06:04:37;17;18;9999;047;259;11;111111111111000000000000;000000000000000000000000;11101000;000;_;e;10;000000000001000000000000;____;12;000;053;004;000;000;002;0425558855;;;;;;;;;;;;;;;;;;;;;;;;;;;;;;;;;;;;;;;;;;;;;;;;;;
06:04:39;17;19;9999;052;145;11;111111111111000000000000;000000000000000000000000;11101000;000;_;e;10;000111001001000000000000;____;09;033;047;006;030;034;068;0425558856;;;;;;;;;;;;;;;;;;;;;;;;;;;;;;;;;;;;;;;;;;;;;;;;;;
06:04:41;17;20;9999;069;158;11;111111111111000000000000;000000000000000000000000;11101000;000;_;e;10;110100001000000000000000;____;01;022;090;004;016;037;035;0425558857;;;;;;;;;;;;;;;;;;;;;;;;;;;;;;;;;;;;;;;;;;;;;;;;;;
06:04:43;17;21;9999;042;172;11;111111111111000000000000;000000000000000000000000;11101000;000;_;e;10;000110000001000000000000;____;04;023;071;006;018;047;032;0425558859;;;;;;;;;;;;;;;;;;;;;;;;;;;;;;;;;;;;;;;;;;;;;;;;;;
06:04:46;17;22;9999;057;293;11;111111111111000000000000;000000000000000000000000;11101000;000;_;e;10;000110001101000000000000;____;05;035;060;011;-05;037;080;0425558858;;;;;;;;;;;;;;;;;;;;;;;;;;;;;;;;;;;;;;;;;;;;;;;;;;
06:04:50;17;23;9999;072;164;01;111111111111000000000000;000000000000000000000000;11101000;000;_;e;10;000011000000000000000000;____;06;-01;035;030;-01;003;044;0425560339;;;;;;;;;;;;;;;;;;;;;;;;;;;;;;;;;;;;;;;;;;;;;;;;;;
06:04:52;17;24;9999;057;180;11;111111111111000000000000;000000000000000000000000;11101000;000;_;e;10;110100000001000000000000;____;01;010;099;004;-10;015;023;0425558860;;;;;;;;;;;;;;;;;;;;;;;;;;;;;;;;;;;;;;;;;;;;;;;;;;
06:04:54;17;25;9999;057;162;11;111111111111000000000000;000000000000000000000000;11101000;000;_;e;10;000111110001000000000000;____;07;013;040;005;-06;013;063;0425558861;;;;;;;;;;;;;;;;;;;;;;;;;;;;;;;;;;;;;;;;;;;;;;;;;;
06:05:01;17;26;9999;059;142;01;111111111111000000000000;000000000000000000000000;11101000;000;_;e;10;000110011010000000000000;____;05;-17;040;009;-20;004;033;0425558862;;;;;;;;;;;;;;;;;;;;;;;;;;;;;;;;;;;;;;;;;;;;;;;;;;
06:05:04;17;27;9999;084;236;07;111111111111000000000000;000000000000000000000000;11101000;000;_;e;10;000111001000000000000000;____;06;017;059;024;012;018;053;0425560340;;;;;;;;;;;;;;;;;;;;;;;;;;;;;;;;;;;;;;;;;;;;;;;;;;
06:05:07;17;28;9999;071;155;11;111111111111000000000000;000000000000000000000000;11101000;000;_;e;10;100000000000000000000000;____;01;-07;090;018;-07;-07;002;0425294919;;;;;;;;;;;;;;;;;;;;;;;;;;;;;;;;;;;;;;;;;;;;;;;;;;
06:05:08;17;29;9999;082;113;11;111111111111000000000000;000000000000000000000000;11101000;000;_;e;10;000111001100000000000000;____;04;009;058;038;007;027;046;0425560341;;;;;;;;;;;;;;;;;;;;;;;;;;;;;;;;;;;;;;;;;;;;;;;;;;
06:05:13;17;30;9999;044;123;06;111111111111000000000000;000000000000000000000000;11101000;000;_;e;10;000111001000000000000000;____;09;008;061;035;-08;010;054;0425560342;;;;;;;;;;;;;;;;;;;;;;;;;;;;;;;;;;;;;;;;;;;;;;;;;;
06:05:15;17;31;9999;088;161;11;111111111111000000000000;000000000000000000000000;11010000;000;_;;;;;;;;;;;;;;;;;;;;;;;;;;;;;;;;;;;;;;;;;;;;;;;;;;;;;;;;;;;;;;
06:05:20;17;32;9999;050;413;11;111111111111000000000000;000000000000000000000000;11101000;000;_;e;10;101101001000000000000000;____;09;010;070;032;-03;012;076;0425560345;;;;;;;;;;;;;;;;;;;;;;;;;;;;;;;;;;;;;;;;;;;;;;;;;;
06:05:22;17;33;9999;073;222;11;111111111111000000000000;000000000000000000000000;11101000;000;_;e;10;100000000001000000000000;____;01;009;054;006;009;025;010;0425560346;;;;;;;;;;;;;;;;;;;;;;;;;;;;;;;;;;;;;;;;;;;;;;;;;;
06:34:39;17;34;9999;061;999;11;111111111111000000000000;000000000000000000000000;11101000;000;_;e;10;000011110010000000000000;____;05;030;023;009;024;030;077;0425549203;;;;;;;;;;;;;;;;;;;;;;;;;;;;;;;;;;;;;;;;;;;;;;;;;;
06:34:40;17;35;9999;043;152;11;111111111111000000000000;000000000000000000000000;11010000;000;_;;;;;;;;;;;;;;;;;;;;;;;;;;;;;;;;;;;;;;;;;;;;;;;;;;;;;;;;;;;;;;
06:34:43;17;36;9999;075;160;06;111111111111000000000000;000000000000000000000000;11101000;000;_;e;10;000011001000000000000000;____;06;011;014;018;010;012;071;0425549201;;;;;;;;;;;;;;;;;;;;;;;;;;;;;;;;;;;;;;;;;;;;;;;;;;
06:34:46;17;37;9999;079;162;11;111111111111000000000000;000000000000000000000000;11101000;000;_;e;10;000111001000000000000000;____;09;-09;049;033;-14;-07;034;0425549202;;;;;;;;;;;;;;;;;;;;;;;;;;;;;;;;;;;;;;;;;;;;;;;;;;
06:34:49;17;38;9999;045;157;00;111111111111000000000000;000000000000000000000000;11101000;000;_;e;10;000011001000000000000000;____;05;006;035;027;003;007;052;0425559647;;;;;;;;;;;;;;;;;;;;;;;;;;;;;;;;;;;;;;;;;;;;;;;;;;
06:34:51;17;39;9999;080;187;11;111111111111000000000000;000000000000000000000000;11101000;000;_;e;10;000000111000000000000000;____;08;054;028;007;016;083;255;0425557459;;;;;;;;;;;;;;;;;;;;;;;;;;;;;;;;;;;;;;;;;;;;;;;;;;
06:34:54;17;40;9999;060;236;11;111111111111000000000000;000000000000000000000000;11101000;000;_;e;10;000111001100000000000000;____;06;008;049;030;004;015;070;0425557460;;;;;;;;;;;;;;;;;;;;;;;;;;;;;;;;;;;;;;;;;;;;;;;;;;
06:34:57;17;41;9999;077;245;11;111111111111000000000000;000000000000000000000000;11101000;000;_;e;10;101101001000000000000000;____;09;006;033;040;004;009;077;0425557463;;;;;;;;;;;;;;;;;;;;;;;;;;;;;;;;;;;;;;;;;;;;;;;;;;
06:34:59;17;42;9999;050;141;11;111111111111000000000000;000000000000000000000000;11101000;000;_;e;10;000100000000000000000000;____;04;019;045;012;019;021;017;0425507981;;;;;;;;;;;;;;;;;;;;;;;;;;;;;;;;;;;;;;;;;;;;;;;;;;
06:35:01;17;43;9999;058;166;11;111111111111000000000000;000000000000000000000000;11101000;000;_;e;10;000111101110000000000000;____;05;027;024;009;006;029;059;0425557461;;;;;;;;;;;;;;;;;;;;;;;;;;;;;;;;;;;;;;;;;;;;;;;;;;
06:35:05;17;44;9999;047;184;01;111111111111000000000000;000000000000000000000000;11010000;000;_;;;;;;;;;;;;;;;;;;;;;;;;;;;;;;;;;;;;;;;;;;;;;;;;;;;;;;;;;;;;;;
06:35:07;17;45;9999;060;182;11;111111111111000000000000;000000000000000000000000;11101000;000;_;e;10;000111001100000000000000;____;09;002;035;025;-04;010;093;0425557462;;;;;;;;;;;;;;;;;;;;;;;;;;;;;;;;;;;;;;;;;;;;;;;;;;
06:35:09;17;46;9999;063;157;11;111111111111000000000000;000000000000000000000000;11101000;000;_;e;10;000000001100000000000000;____;09;-03;015;032;-03;014;006;0425557465;;;;;;;;;;;;;;;;;;;;;;;;;;;;;;;;;;;;;;;;;;;;;;;;;;
06:35:11;17;47;9999;074;127;11;111111111111000000000000;000000000000000000000000;11101000;000;_;e;10;000111001000000000000000;____;04;-02;049;030;-04;009;037;0425557466;;;;;;;;;;;;;;;;;;;;;;;;;;;;;;;;;;;;;;;;;;;;;;;;;;
06:35:14;17;48;9999;051;240;11;111111111111000000000000;000000000000000000000000;11101000;000;_;e;10;000111001100000000000000;____;09;005;051;026;002;006;083;0425557467;;;;;;;;;;;;;;;;;;;;;;;;;;;;;;;;;;;;;;;;;;;;;;;;;;
06:35:16;17;49;9999;047;153;11;111111111111000000000000;000000000000000000000000;11101000;000;_;e;10;101111001000000000000000;____;09;017;044;026;-05;017;052;0425557468;;;;;;;;;;;;;;;;;;;;;;;;;;;;;;;;;;;;;;;;;;;;;;;;;;
07:34:51;17;50;9999;061;999;11;111111111111000000000000;000000000000000000000000;11101000;000;_;e;10;000001000001000000000000;____;12;-17;061;004;-19;001;020;0425563100;;;;;;;;;;;;;;;;;;;;;;;;;;;;;;;;;;;;;;;;;;;;;;;;;;
07:34:53;17;51;9999;067;151;11;111111111111000000000000;000000000000000000000000;11101000;000;_;e;10;000011011011000000000000;____;05;034;047;010;003;035;081;0425563102;;;;;;;;;;;;;;;;;;;;;;;;;;;;;;;;;;;;;;;;;;;;;;;;;;
07:34:55;17;52;9999;056;159;11;111111111111000000000000;000000000000000000000000;11101000;000;_;e;10;110000000000000000000000;____;02;-15;084;006;-15;-12;027;0425563103;;;;;;;;;;;;;;;;;;;;;;;;;;;;;;;;;;;;;;;;;;;;;;;;;;
08:04:33;17;53;9999;082;999;11;111111111111000000000000;000000000000000000000000;11101000;000;_;e;10;100000000000000000000000;____;01;002;082;016;002;055;003;0555538244;;;;;;;;;;;;;;;;;;;;;;;;;;;;;;;;;;;;;;;;;;;;;;;;;;
08:04:35;17;54;9999;081;149;11;111111111111000000000000;000000000000000000000000;11101000;000;_;e;10;000111001000000000000000;____;04;002;053;025;001;005;090;0425523507;;;;;;;;;;;;;;;;;;;;;;;;;;;;;;;;;;;;;;;;;;;;;;;;;;
08:04:42;17;55;9999;058;667;11;111111111111000000000000;000000000000000000000000;11101000;000;_;e;10;110100000001000000000000;____;02;-05;076;009;-05;000;042;0425563300;;;;;;;;;;;;;;;;;;;;;;;;;;;;;;;;;;;;;;;;;;;;;;;;;;
08:04:44;17;56;9999;060;234;11;111111111111000000000000;000000000000000000000000;11101000;000;_;e;10;000000001001000000000000;____;09;038;062;015;037;042;041;0425563302;;;;;;;;;;;;;;;;;;;;;;;;;;;;;;;;;;;;;;;;;;;;;;;;;;
08:04:48;17;57;9999;082;284;11;111111111111000000000000;000000000000000000000000;11010000;000;_;;;;;;;;;;;;;;;;;;;;;;;;;;;;;;;;;;;;;;;;;;;;;;;;;;;;;;;;;;;;;;
08:04:50;17;58;9999;047;161;11;111111111111000000000000;000000000000000000000000;11101000;000;_;e;10;110000000000000000000000;____;01;-06;096;008;-09;-06;013;0425551101;;;;;;;;;;;;;;;;;;;;;;;;;;;;;;;;;;;;;;;;;;;;;;;;;;
08:04:52;17;59;9999;080;198;11;111111111111000000000000;000000000000000000000000;11101000;000;_;e;10;000111001000000000000000;____;06;009;045;033;009;015;098;0425551102;;;;;;;;;;;;;;;;;;;;;;;;;;;;;;;;;;;;;;;;;;;;;;;;;;
08:04:54;17;60;9999;054;156;11;111111111111000000000000;000000000000000000000000;11010000;000;_;;;;;;;;;;;;;;;;;;;;;;;;;;;;;;;;;;;;;;;;;;;;;;;;;;;;;;;;;;;;;;
08:04:59;17;61;9999;069;158;07;111111111111000000000000;000000000000000000000000;11101000;000;_;e;10;000011010100000000000000;____;06;-01;026;028;-02;038;030;0425563305;;;;;;;;;;;;;;;;;;;;;;;;;;;;;;;;;;;;;;;;;;;;;;;;;;
08:05:02;17;62;9999;077;156;01;111111111111000000000000;000000000000000000000000;11010000;000;_;;;;;;;;;;;;;;;;;;;;;;;;;;;;;;;;;;;;;;;;;;;;;;;;;;;;;;;;;;;;;;
08:05:05;17;63;9999;061;159;11;111111111111000000000000;000000000000000000000000;11010000;000;_;;;;;;;;;;;;;;;;;;;;;;;;;;;;;;;;;;;;;;;;;;;;;;;;;;;;;;;;;;;;;;
08:05:06;17;64;9999;072;128;11;111111111111000000000000;000000000000000000000000;11010000;000;_;;;;;;;;;;;;;;;;;;;;;;;;;;;;;;;;;;;;;;;;;;;;;;;;;;;;;;;;;;;;;;
08:05:10;17;65;9999;077;127;08;111111111111000000000000;000000000000000000000000;11101000;000;_;e;10;000101001000000000000000;____;06;-03;048;021;-03;003;045;0316115770;;;;;;;;;;;;;;;;;;;;;;;;;;;;;;;;;;;;;;;;;;;;;;;;;;
08:05:15;17;66;9999;076;163;00;111111111111000000000000;000000000000000000000000;11101000;000;_;e;10;000101001100000000000000;____;09;003;061;025;001;019;031;0316115768;;;;;;;;;;;;;;;;;;;;;;;;;;;;;;;;;;;;;;;;;;;;;;;;;;
08:05:17;17;67;9999;065;151;11;111111111111000000000000;000000000000000000000000;11101000;000;_;e;10;000000001000000000000000;____;09;004;064;022;004;004;002;0316115772;;;;;;;;;;;;;;;;;;;;;;;;;;;;;;;;;;;;;;;;;;;;;;;;;;
08:05:18;17;68;9999;045;025;11;111111111111000000000000;000000000000000000000000;11010000;000;_;;;;;;;;;;;;;;;;;;;;;;;;;;;;;;;;;;;;;;;;;;;;;;;;;;;;;;;;;;;;;;
08:34:38;17;69;9999;057;999;11;111111111111000000000000;000000000000000000000000;11101000;000;_;e;10;000000001100000000000000;____;09;037;030;008;005;039;030;0316116952;;;;;;;;;;;;;;;;;;;;;;;;;;;;;;;;;;;;;;;;;;;;;;;;;;
08:34:41;17;70;9999;048;267;11;111111111111000000000000;000000000000000000000000;11101000;000;_;e;10;000001000000000000000000;____;06;-19;040;028;-19;-19;004;0316116951;;;;;;;;;;;;;;;;;;;;;;;;;;;;;;;;;;;;;;;;;;;;;;;;;;
08:34:43;17;71;9999;067;163;11;111111111111000000000000;000000000000000000000000;11101000;000;_;e;10;110000001000000000000000;____;01;029;055;017;026;034;062;0316116953;;;;;;;;;;;;;;;;;;;;;;;;;;;;;;;;;;;;;;;;;;;;;;;;;;
08:34:45;17;72;9999;055;203;11;111111111111000000000000;000000000000000000000000;11101000;000;_;e;10;000111101000000000000000;____;04;017;035;024;012;018;085;0316116955;;;;;;;;;;;;;;;;;;;;;;;;;;;;;;;;;;;;;;;;;;;;;;;;;;
08:34:47;17;73;9999;068;158;11;111111111111000000000000;000000000000000000000000;11101000;000;_;e;10;000000100010000000000000;____;07;006;002;016;-05;006;017;0316116950;;;;;;;;;;;;;;;;;;;;;;;;;;;;;;;;;;;;;;;;;;;;;;;;;;
08:34:51;17;74;9999;062;142;06;111111111111000000000000;000000000000000000000000;11101000;000;_;e;10;000000000001000000000000;____;12;026;046;004;026;026;003;0316116956;;;;;;;;;;;;;;;;;;;;;;;;;;;;;;;;;;;;;;;;;;;;;;;;;;
08:34:53;17;75;9999;048;162;11;111111111111000000000000;000000000000000000000000;11101000;000;_;e;10;000011001010000000000000;____;11;027;045;004;024;033;076;0316116957;;;;;;;;;;;;;;;;;;;;;;;;;;;;;;;;;;;;;;;;;;;;;;;;;;
08:34:56;17;76;9999;065;181;11;111111111111000000000000;000000000000000000000000;11101000;000;_;e;10;000110000000000000000000;____;04;012;058;032;008;012;017;0316116958;;;;;;;;;;;;;;;;;;;;;;;;;;;;;;;;;;;;;;;;;;;;;;;;;;
08:34:58;17;77;9999;045;123;11;111111111111000000000000;000000000000000000000000;11101000;000;_;e;10;000010001100000000000000;____;10;022;030;029;020;028;029;0316116959;;;;;;;;;;;;;;;;;;;;;;;;;;;;;;;;;;;;;;;;;;;;;;;;;;
08:35:05;17;78;9999;080;354;11;111111111111000000000000;000000000000000000000000;11101000;000;_;e;10;000000001010000000000000;____;09;059;019;023;033;059;025;0316116961;;;;;;;;;;;;;;;;;;;;;;;;;;;;;;;;;;;;;;;;;;;;;;;;;;
10:04:54;17;79;9999;068;999;11;111111111111000000000000;000000000000000000000000;11101000;000;_;e;10;110000000000000000000000;____;01;021;053;009;015;021;021;0425553281;;;;;;;;;;;;;;;;;;;;;;;;;;;;;;;;;;;;;;;;;;;;;;;;;;
10:04:55;17;80;9999;055;153;11;111111111111000000000000;000000000000000000000000;11010000;000;_;;;;;;;;;;;;;;;;;;;;;;;;;;;;;;;;;;;;;;;;;;;;;;;;;;;;;;;;;;;;;;
10:04:59;17;81;9999;044;181;06;111111111111000000000000;000000000000000000000000;11101000;000;_;e;10;000001001011000000000000;____;09;015;043;005;012;016;033;0425553283;;;;;;;;;;;;;;;;;;;;;;;;;;;;;;;;;;;;;;;;;;;;;;;;;;
10:05:01;17;82;9999;081;183;11;111111111111000000000000;000000000000000000000000;11101000;000;_;e;10;100101001000000000000000;____;04;069;050;023;015;070;033;0425553284;;;;;;;;;;;;;;;;;;;;;;;;;;;;;;;;;;;;;;;;;;;;;;;;;;
10:05:03;17;83;9999;039;156;11;111111111111000000000000;000000000000000000000000;11101000;000;_;e;10;000010111010000000000000;____;05;008;008;003;001;008;072;0425553285;;;;;;;;;;;;;;;;;;;;;;;;;;;;;;;;;;;;;;;;;;;;;;;;;;
10:05:05;17;84;9999;081;207;11;111111111111000000000000;000000000000000000000000;11101000;000;_;e;10;000011001100000000000000;____;09;010;061;033;003;011;030;0425553286;;;;;;;;;;;;;;;;;;;;;;;;;;;;;;;;;;;;;;;;;;;;;;;;;;
12:04:46;17;85;9999;062;999;11;111111111111000000000000;000000000000000000000000;11101000;000;_;e;10;000000000100000000000000;____;10;-11;044;022;-11;-11;002;0425562724;;;;;;;;;;;;;;;;;;;;;;;;;;;;;;;;;;;;;;;;;;;;;;;;;;
12:04:48;17;86;9999;050;164;11;111111111111000000000000;000000000000000000000000;11010000;000;_;;;;;;;;;;;;;;;;;;;;;;;;;;;;;;;;;;;;;;;;;;;;;;;;;;;;;;;;;;;;;;
12:04:50;17;87;9999;070;148;11;111111111111000000000000;000000000000000000000000;11101000;000;_;e;10;000111000000000000000000;____;06;024;051;025;011;025;043;0425562726;;;;;;;;;;;;;;;;;;;;;;;;;;;;;;;;;;;;;;;;;;;;;;;;;;
12:04:52;17;88;9999;069;163;11;111111111111000000000000;000000000000000000000000;11101000;000;_;e;10;000110000100000000000000;____;04;010;045;042;006;011;085;0425562727;;;;;;;;;;;;;;;;;;;;;;;;;;;;;;;;;;;;;;;;;;;;;;;;;;
12:04:54;17;89;9999;054;164;11;111111111111000000000000;000000000000000000000000;11101000;000;_;e;10;000001000011000000000000;____;12;031;055;004;009;032;019;0425562728;;;;;;;;;;;;;;;;;;;;;;;;;;;;;;;;;;;;;;;;;;;;;;;;;;
12:04:56;17;90;9999;076;169;11;111111111111000000000000;000000000000000000000000;11101000;000;_;e;10;000111001000000000000000;____;04;-07;063;014;-07;020;096;0425562729;;;;;;;;;;;;;;;;;;;;;;;;;;;;;;;;;;;;;;;;;;;;;;;;;;
12:04:59;17;91;9999;074;141;03;111111111111000000000000;000000000000000000000000;11101000;000;_;e;10;001111000000000000000000;____;04;003;053;026;002;005;041;0425562731;;;;;;;;;;;;;;;;;;;;;;;;;;;;;;;;;;;;;;;;;;;;;;;;;;
12:05:01;17;92;9999;061;163;11;111111111111000000000000;000000000000000000000000;11101000;000;_;e;10;000010000000000000000000;____;05;-19;049;021;-19;011;004;0425559670;;;;;;;;;;;;;;;;;;;;;;;;;;;;;;;;;;;;;;;;;;;;;;;;;;
12:05:06;17;93;9999;043;178;00;111111111111000000000000;000000000000000000000000;11101000;000;_;e;10;001111000000000000000000;____;06;001;047;021;-01;003;034;0425562732;;;;;;;;;;;;;;;;;;;;;;;;;;;;;;;;;;;;;;;;;;;;;;;;;;
12:05:08;17;94;9999;069;195;11;111111111111000000000000;000000000000000000000000;11010000;000;_;;;;;;;;;;;;;;;;;;;;;;;;;;;;;;;;;;;;;;;;;;;;;;;;;;;;;;;;;;;;;;
12:05:12;17;95;9999;044;352;11;111111111111000000000000;000000000000000000000000;11010000;000;_;;;;;;;;;;;;;;;;;;;;;;;;;;;;;;;;;;;;;;;;;;;;;;;;;;;;;;;;;;;;;;
12:05:14;17;96;9999;083;241;11;111111111111000000000000;000000000000000000000000;11101000;000;_;e;10;001110000100000000000000;____;04;013;063;032;012;018;060;0425559671;;;;;;;;;;;;;;;;;;;;;;;;;;;;;;;;;;;;;;;;;;;;;;;;;;
12:05:20;17;97;9999;072;557;11;111111111111000000000000;000000000000000000000000;11101000;000;_;e;10;000010101000000000000000;____;05;033;043;020;030;035;026;0555681898;;;;;;;;;;;;;;;;;;;;;;;;;;;;;;;;;;;;;;;;;;;;;;;;;;
12:05:22;17;98;9999;076;148;11;111111111111000000000000;000000000000000000000000;11101000;000;_;e;10;000011001000000000000000;____;06;013;069;023;009;013;017;0555489731;;;;;;;;;;;;;;;;;;;;;;;;;;;;;;;;;;;;;;;;;;;;;;;;;;
12:05:25;17;99;9999;080;171;11;111111111111000000000000;000000000000000000000000;11101000;000;_;e;10;000010000000000000000000;____;05;000;050;032;000;002;011;0555747711;;;;;;;;;;;;;;;;;;;;;;;;;;;;;;;;;;;;;;;;;;;;;;;;;;
12:05:27;17;01;9999;062;148;11;111111111111000000000000;000000000000000000000000;11101000;000;_;e;10;000011110000000000000000;____;06;005;043;004;004;008;039;0555295945;;;;;;;;;;;;;;;;;;;;;;;;;;;;;;;;;;;;;;;;;;;;;;;;;;
12:05:29;17;02;9999;074;154;11;111111111111000000000000;000000000000000000000000;11101000;000;_;e;10;000011001000000000000000;____;06;-01;090;012;-04;000;029;0425491822;;;;;;;;;;;;;;;;;;;;;;;;;;;;;;;;;;;;;;;;;;;;;;;;;;
12:05:32;17;03;9999;046;155;07;111111111111000000000000;000000000000000000000000;11010000;000;_;;;;;;;;;;;;;;;;;;;;;;;;;;;;;;;;;;;;;;;;;;;;;;;;;;;;;;;;;;;;;;
12:05:36;17;04;9999;080;204;07;111111111111000000000000;000000000000000000000000;11101000;000;_;e;10;000111001100000000000000;____;04;015;070;037;008;017;112;0425551801;;;;;;;;;;;;;;;;;;;;;;;;;;;;;;;;;;;;;;;;;;;;;;;;;;
12:05:43;17;05;9999;061;145;11;111111111111000000000000;000000000000000000000000;11101000;000;_;e;10;000001000001000000000000;____;06;-16;046;-01;-16;-12;023;0425508309;;;;;;;;;;;;;;;;;;;;;;;;;;;;;;;;;;;;;;;;;;;;;;;;;;
12:05:44;17;06;9999;054;083;11;111111111111000000000000;000000000000000000000000;11101000;000;_;e;10;000011100100000000000000;____;07;-10;050;011;-12;-08;024;0425491821;;;;;;;;;;;;;;;;;;;;;;;;;;;;;;;;;;;;;;;;;;;;;;;;;;
12:05:50;17;07;9999;077;344;11;111111111111000000000000;000000000000000000000000;11101000;000;_;e;10;000111000000000000000000;____;06;017;059;017;007;027;038;0425491820;;;;;;;;;;;;;;;;;;;;;;;;;;;;;;;;;;;;;;;;;;;;;;;;;;
12:05:53;17;08;9999;064;340;11;111111111111000000000000;000000000000000000000000;11101000;000;_;e;10;000011001000000000000000;____;06;-01;027;026;-02;005;034;0425491824;;;;;;;;;;;;;;;;;;;;;;;;;;;;;;;;;;;;;;;;;;;;;;;;;;
12:05:56;17;09;9999;077;242;11;111111111111000000000000;000000000000000000000000;11101000;000;_;e;10;000101001000000000000000;____;09;002;051;044;002;003;028;0425541908;;;;;;;;;;;;;;;;;;;;;;;;;;;;;;;;;;;;;;;;;;;;;;;;;;
12:05:58;17;10;9999;064;159;11;111111111111000000000000;000000000000000000000000;11101000;000;_;e;10;000011100000000000000000;____;05;036;031;005;001;036;043;0425541904;;;;;;;;;;;;;;;;;;;;;;;;;;;;;;;;;;;;;;;;;;;;;;;;;;
12:06:01;17;11;9999;078;163;11;111111111111000000000000;000000000000000000000000;11101000;000;_;e;10;000111000100000000000000;____;05;005;074;022;002;008;047;0425541907;;;;;;;;;;;;;;;;;;;;;;;;;;;;;;;;;;;;;;;;;;;;;;;;;;
12:06:04;17;12;9999;057;164;01;111111111111000000000000;000000000000000000000000;11101000;000;_;e;10;000111110000000000000000;____;07;-14;033;006;-17;006;057;0425541905;;;;;;;;;;;;;;;;;;;;;;;;;;;;;;;;;;;;;;;;;;;;;;;;;;
12:06:06;17;13;9999;082;171;11;111111111111000000000000;000000000000000000000000;11010000;000;_;;;;;;;;;;;;;;;;;;;;;;;;;;;;;;;;;;;;;;;;;;;;;;;;;;;;;;;;;;;;;;
12:06:10;17;14;9999;082;409;11;111111111111000000000000;000000000000000000000000;11101000;000;_;e;10;000000100000000000000000;____;07;-16;001;022;-16;-16;005;0425541909;;;;;;;;;;;;;;;;;;;;;;;;;;;;;;;;;;;;;;;;;;;;;;;;;;
12:06:13;17;15;9999;084;238;11;111111111111000000000000;000000000000000000000000;11101000;000;_;e;10;100001001000000000000000;____;09;059;078;007;058;060;036;0425541906;;;;;;;;;;;;;;;;;;;;;;;;;;;;;;;;;;;;;;;;;;;;;;;;;;
12:06:16;17;16;9999;048;149;11;111111111111000000000000;000000000000000000000000;11101000;000;_;e;10;000110001000000000000000;____;04;-03;085;018;-03;007;031;0425560563;;;;;;;;;;;;;;;;;;;;;;;;;;;;;;;;;;;;;;;;;;;;;;;;;;
12:06:17;17;17;9999;078;161;11;111111111111000000000000;000000000000000000000000;11101000;000;_;e;10;111011000000000000000000;____;02;026;096;019;020;036;026;0425558278;;;;;;;;;;;;;;;;;;;;;;;;;;;;;;;;;;;;;;;;;;;;;;;;;;
12:06:20;17;18;9999;056;158;11;111111111111000000000000;000000000000000000000000;11101000;000;_;e;10;000000001100000000000000;____;09;013;058;028;011;013;010;0425560564;;;;;;;;;;;;;;;;;;;;;;;;;;;;;;;;;;;;;;;;;;;;;;;;;;
12:06:22;17;19;9999;085;225;11;111111111111000000000000;000000000000000000000000;11101000;000;_;e;10;100100000010000000000000;____;01;036;063;004;032;039;021;0425559666;;;;;;;;;;;;;;;;;;;;;;;;;;;;;;;;;;;;;;;;;;;;;;;;;;
12:06:30;17;20;9999;081;707;11;111111111111000000000000;000000000000000000000000;11101000;000;_;e;10;000011001000000000000000;____;05;019;033;031;016;021;064;0425559667;;;;;;;;;;;;;;;;;;;;;;;;;;;;;;;;;;;;;;;;;;;;;;;;;;
12:06:32;17;21;9999;080;189;11;111111111111000000000000;000000000000000000000000;11101000;000;_;e;10;001111001000000000000000;____;06;025;075;040;018;025;046;0425559668;;;;;;;;;;;;;;;;;;;;;;;;;;;;;;;;;;;;;;;;;;;;;;;;;;
12:06:34;17;22;9999;076;144;11;111111111111000000000000;000000000000000000000000;11101000;000;_;e;10;000001001000000000000000;____;06;002;022;002;001;027;031;0425559669;;;;;;;;;;;;;;;;;;;;;;;;;;;;;;;;;;;;;;;;;;;;;;;;;;
12:06:38;17;23;9999;056;147;00;111111111111000000000000;000000000000000000000000;11101000;000;_;e;10;000000100000000000000000;____;07;004;042;009;004;004;015;0425562723;;;;;;;;;;;;;;;;;;;;;;;;;;;;;;;;;;;;;;;;;;;;;;;;;;
12:06:41;17;24;9999;075;202;11;111111111111000000000000;000000000000000000000000;11101000;000;_;e;10;000010110100000000000000;____;07;034;031;006;013;038;028;0425558279;;;;;;;;;;;;;;;;;;;;;;;;;;;;;;;;;;;;;;;;;;;;;;;;;;
12:06:45;17;25;9999;079;388;11;111111111111000000000000;000000000000000000000000;11101000;000;_;e;10;000001101000000000000000;____;07;048;023;013;020;050;053;0425558281;;;;;;;;;;;;;;;;;;;;;;;;;;;;;;;;;;;;;;;;;;;;;;;;;;
12:06:48;17;26;9999;061;251;11;111111111111000000000000;000000000000000000000000;11101000;000;_;e;10;000111101000000000000000;____;04;024;030;015;008;025;106;0425558282;;;;;;;;;;;;;;;;;;;;;;;;;;;;;;;;;;;;;;;;;;;;;;;;;;
12:06:51;17;27;9999;068;244;11;111111111111000000000000;000000000000000000000000;11101000;000;_;e;10;100110000001000000000000;____;12;-15;069;004;-16;-08;032;0425560565;;;;;;;;;;;;;;;;;;;;;;;;;;;;;;;;;;;;;;;;;;;;;;;;;;
12:06:53;17;28;9999;077;151;11;111111111111000000000000;000000000000000000000000;11101000;000;_;e;10;000101001000000000000000;____;04;022;078;029;000;027;050;0425558280;;;;;;;;;;;;;;;;;;;;;;;;;;;;;;;;;;;;;;;;;;;;;;;;;;
12:06:55;17;29;9999;082;167;11;111111111111000000000000;000000000000000000000000;11101000;000;_;e;10;000000001100000000000000;____;09;039;076;011;-11;044;012;0425560566;;;;;;;;;;;;;;;;;;;;;;;;;;;;;;;;;;;;;;;;;;;;;;;;;;
12:06:57;17;30;9999;056;157;11;111111111111000000000000;000000000000000000000000;11101000;000;_;e;10;000111000001000000000000;____;12;056;067;004;000;056;124;0425560567;;;;;;;;;;;;;;;;;;;;;;;;;;;;;;;;;;;;;;;;;;;;;;;;;;
12:06:59;17;31;9999;074;166;11;111111111111000000000000;000000000000000000000000;11101000;000;_;e;10;000110000000000000000000;____;04;-14;070;019;-14;-04;009;0425558283;;;;;;;;;;;;;;;;;;;;;;;;;;;;;;;;;;;;;;;;;;;;;;;;;;
12:07:03;17;32;9999;071;171;01;111111111111000000000000;000000000000000000000000;11101000;000;_;e;10;001011000010000000000000;____;05;018;036;011;-20;023;062;0425558284;;;;;;;;;;;;;;;;;;;;;;;;;;;;;;;;;;;;;;;;;;;;;;;;;;
12:07:07;17;33;9999;044;189;11;111111111111000000000000;000000000000000000000000;11101000;000;_;e;10;000111001001000000000000;____;12;032;066;004;017;033;076;0425558285;;;;;;;;;;;;;;;;;;;;;;;;;;;;;;;;;;;;;;;;;;;;;;;;;;
12:07:09;17;34;9999;086;155;11;111111111111000000000000;000000000000000000000000;11101000;000;_;e;10;011000000000000000000000;____;03;000;058;022;000;001;018;0425558286;;;;;;;;;;;;;;;;;;;;;;;;;;;;;;;;;;;;;;;;;;;;;;;;;;
12:07:13;17;35;9999;050;136;07;111111111111000000000000;000000000000000000000000;11101000;000;_;e;10;110100000000000000000000;____;01;-03;097;005;-11;025;028;0425558289;;;;;;;;;;;;;;;;;;;;;;;;;;;;;;;;;;;;;;;;;;;;;;;;;;
12:07:17;17;36;9999;086;113;01;111111111111000000000000;000000000000000000000000;11101000;000;_;e;10;000110001000000000000000;____;05;024;057;040;023;025;083;0425558288;;;;;;;;;;;;;;;;;;;;;;;;;;;;;;;;;;;;;;;;;;;;;;;;;;
12:07:19;17;37;9999;073;181;11;111111111111000000000000;000000000000000000000000;11101000;000;_;e;10;000011100001000000000000;____;05;017;048;002;-04;017;069;0425558287;;;;;;;;;;;;;;;;;;;;;;;;;;;;;;;;;;;;;;;;;;;;;;;;;;
14:34:47;17;38;9999;079;999;11;111111111111000000000000;000000000000000000000000;11101000;000;_;e;10;000011000000000000000000;____;06;005;045;026;005;008;038;0316117904;;;;;;;;;;;;;;;;;;;;;;;;;;;;;;;;;;;;;;;;;;;;;;;;;;
14:34:49;17;39;9999;045;154;11;111111111111000000000000;000000000000000000000000;11101000;000;_;e;10;001101001000000000000000;____;06;-17;040;024;-18;012;029;0316117906;;;;;;;;;;;;;;;;;;;;;;;;;;;;;;;;;;;;;;;;;;;;;;;;;;
14:34:51;17;40;9999;065;158;11;111111111111000000000000;000000000000000000000000;11101000;000;_;e;10;000111000000000000000000;____;04;-08;065;020;-08;-05;072;0316117905;;;;;;;;;;;;;;;;;;;;;;;;;;;;;;;;;;;;;;;;;;;;;;;;;;
14:34:54;17;41;9999;045;176;04;111111111111000000000000;000000000000000000000000;11101000;000;_;e;10;000111001000000000000000;____;09;-13;043;029;-16;-06;068;0316117907;;;;;;;;;;;;;;;;;;;;;;;;;;;;;;;;;;;;;;;;;;;;;;;;;;
14:34:56;17;42;9999;072;174;11;111111111111000000000000;000000000000000000000000;11010000;000;_;;;;;;;;;;;;;;;;;;;;;;;;;;;;;;;;;;;;;;;;;;;;;;;;;;;;;;;;;;;;;;
14:34:58;17;43;9999;057;154;11;111111111111000000000000;000000000000000000000000;11101000;000;_;e;10;000111001001000000000000;____;05;029;048;012;-06;029;055;0316117908;;;;;;;;;;;;;;;;;;;;;;;;;;;;;;;;;;;;;;;;;;;;;;;;;;
14:35:00;17;44;9999;052;149;11;111111111111000000000000;000000000000000000000000;11101000;000;_;e;10;000011101000000000000000;____;05;017;023;016;009;018;063;0316117911;;;;;;;;;;;;;;;;;;;;;;;;;;;;;;;;;;;;;;;;;;;;;;;;;;
14:35:11;17;45;9999;053;999;11;111111111111000000000000;000000000000000000000000;11101000;000;_;e;10;000011011100000000000000;____;05;012;042;040;-19;028;041;0316117910;;;;;;;;;;;;;;;;;;;;;;;;;;;;;;;;;;;;;;;;;;;;;;;;;;
15:04:32;17;46;9999;067;999;11;111111111111000000000000;000000000000000000000000;11101000;000;_;e;10;010100000000000000000000;____;02;006;052;010;006;008;054;0425561500;;;;;;;;;;;;;;;;;;;;;;;;;;;;;;;;;;;;;;;;;;;;;;;;;;
15:04:34;17;47;9999;075;148;11;111111111111000000000000;000000000000000000000000;11101000;000;_;e;10;110000001000000000000000;____;01;034;059;004;031;045;038;0316117707;;;;;;;;;;;;;;;;;;;;;;;;;;;;;;;;;;;;;;;;;;;;;;;;;;
15:04:37;17;48;9999;076;264;11;111111111111000000000000;000000000000000000000000;11101000;000;_;e;10;100001001001000000000000;____;06;036;065;007;035;036;032;0316117706;;;;;;;;;;;;;;;;;;;;;;;;;;;;;;;;;;;;;;;;;;;;;;;;;;
15:04:40;17;49;9999;069;159;11;111111111111000000000000;000000000000000000000000;11101000;000;_;e;10;000000100000000000000000;____;07;014;000;011;013;015;031;0316117708;;;;;;;;;;;;;;;;;;;;;;;;;;;;;;;;;;;;;;;;;;;;;;;;;;
15:04:43;17;50;9999;073;160;06;111111111111000000000000;000000000000000000000000;11101000;000;_;e;10;000001001001000000000000;____;06;033;048;026;023;040;026;0316117709;;;;;;;;;;;;;;;;;;;;;;;;;;;;;;;;;;;;;;;;;;;;;;;;;;
15:04:45;17;51;9999;060;171;11;111111111111000000000000;000000000000000000000000;11101000;000;_;e;10;000011101010000000000000;____;05;060;011;010;005;061;035;0316117710;;;;;;;;;;;;;;;;;;;;;;;;;;;;;;;;;;;;;;;;;;;;;;;;;;
15:04:47;17;52;9999;075;151;11;111111111111000000000000;000000000000000000000000;11101000;000;_;e;10;000010100010000000000000;____;07;013;005;007;011;017;029;0316117711;;;;;;;;;;;;;;;;;;;;;;;;;;;;;;;;;;;;;;;;;;;;;;;;;;
15:04:51;17;53;9999;067;181;00;111111111111000000000000;000000000000000000000000;11101000;000;_;e;10;000011000000000000000000;____;06;015;007;027;015;022;050;0316117712;;;;;;;;;;;;;;;;;;;;;;;;;;;;;;;;;;;;;;;;;;;;;;;;;;
15:04:54;17;54;9999;079;240;11;111111111111000000000000;000000000000000000000000;11101000;000;_;e;10;000111001100000000000000;____;06;005;026;019;005;035;052;0316117713;;;;;;;;;;;;;;;;;;;;;;;;;;;;;;;;;;;;;;;;;;;;;;;;;;
15:04:56;17;55;9999;053;151;11;111111111111000000000000;000000000000000000000000;11010000;000;_;;;;;;;;;;;;;;;;;;;;;;;;;;;;;;;;;;;;;;;;;;;;;;;;;;;;;;;;;;;;;;
15:05:01;17;56;9999;059;145;00;111111111111000000000000;000000000000000000000000;11101000;000;_;e;10;001111001000000000000000;____;04;006;064;039;002;011;058;0425535908;;;;;;;;;;;;;;;;;;;;;;;;;;;;;;;;;;;;;;;;;;;;;;;;;;
15:05:03;17;57;9999;045;237;11;111111111111000000000000;000000000000000000000000;11101000;000;_;e;10;110000000000000000000000;____;02;008;100;018;008;015;027;0425535909;;;;;;;;;;;;;;;;;;;;;;;;;;;;;;;;;;;;;;;;;;;;;;;;;;
15:05:05;17;58;9999;055;178;11;111111111111000000000000;000000000000000000000000;11101000;000;_;e;10;000001000000000000000000;____;06;001;038;021;001;001;002;0316117715;;;;;;;;;;;;;;;;;;;;;;;;;;;;;;;;;;;;;;;;;;;;;;;;;;
15:05:07;17;59;9999;035;136;11;111111111111000000000000;000000000000000000000000;11101000;000;_;e;10;000111001101000000000000;____;06;-01;056;006;-20;000;047;0425563166;;;;;;;;;;;;;;;;;;;;;;;;;;;;;;;;;;;;;;;;;;;;;;;;;;
15:05:11;17;60;9999;051;239;05;111111111111000000000000;000000000000000000000000;11101000;000;_;e;10;000001001000000000000000;____;06;013;040;013;005;015;054;0425563167;;;;;;;;;;;;;;;;;;;;;;;;;;;;;;;;;;;;;;;;;;;;;;;;;;
15:05:13;17;61;9999;070;178;11;111111111111000000000000;000000000000000000000000;11101000;000;_;e;10;000000110000000000000000;____;08;000;-01;007;-01;001;010;0425544606;;;;;;;;;;;;;;;;;;;;;;;;;;;;;;;;;;;;;;;;;;;;;;;;;;
15:05:15;17;62;9999;080;172;11;111111111111000000000000;000000000000000000000000;11101000;000;_;e;10;000010100000000000000000;____;07;002;001;022;-01;003;010;0425544603;;;;;;;;;;;;;;;;;;;;;;;;;;;;;;;;;;;;;;;;;;;;;;;;;;
15:05:17;17;63;9999;069;164;11;111111111111000000000000;000000000000000000000000;11010000;000;_;;;;;;;;;;;;;;;;;;;;;;;;;;;;;;;;;;;;;;;;;;;;;;;;;;;;;;;;;;;;;;
15:05:20;17;64;9999;079;223;11;111111111111000000000000;000000000000000000000000;11101000;000;_;e;10;000100000100000000000000;____;04;012;055;025;010;014;013;0425544605;;;;;;;;;;;;;;;;;;;;;;;;;;;;;;;;;;;;;;;;;;;;;;;;;;
15:05:22;17;65;9999;069;145;11;111111111111000000000000;000000000000000000000000;11010000;000;_;;;;;;;;;;;;;;;;;;;;;;;;;;;;;;;;;;;;;;;;;;;;;;;;;;;;;;;;;;;;;;
15:05:24;17;66;9999;049;168;11;111111111111000000000000;000000000000000000000000;11101000;000;_;e;10;000000110010000000000000;____;08;002;004;010;001;004;029;0425563169;;;;;;;;;;;;;;;;;;;;;;;;;;;;;;;;;;;;;;;;;;;;;;;;;;
15:34:38;17;67;9999;057;999;11;111111111111000000000000;000000000000000000000000;11101000;000;_;e;10;000011000000000000000000;____;06;001;013;013;001;006;047;0425563009;;;;;;;;;;;;;;;;;;;;;;;;;;;;;;;;;;;;;;;;;;;;;;;;;;
15:34:40;17;68;9999;075;148;11;111111111111000000000000;000000000000000000000000;11101000;000;_;e;10;000111001000000000000000;____;04;030;042;027;023;034;055;0425563011;;;;;;;;;;;;;;;;;;;;;;;;;;;;;;;;;;;;;;;;;;;;;;;;;;
15:34:42;17;69;9999;066;163;11;111111111111000000000000;000000000000000000000000;11101000;000;_;e;10;000111001001000000000000;____;05;032;044;006;020;033;095;0425563013;;;;;;;;;;;;;;;;;;;;;;;;;;;;;;;;;;;;;;;;;;;;;;;;;;
15:34:44;17;70;9999;056;164;11;111111111111000000000000;000000000000000000000000;11101000;000;_;e;10;000110000000000000000000;____;05;-04;057;031;-05;-04;012;0425563012;;;;;;;;;;;;;;;;;;;;;;;;;;;;;;;;;;;;;;;;;;;;;;;;;;
15:34:46;17;71;9999;077;168;11;111111111111000000000000;000000000000000000000000;11101000;000;_;e;10;000001000010000000000000;____;11;-09;030;004;-09;015;009;0425563014;;;;;;;;;;;;;;;;;;;;;;;;;;;;;;;;;;;;;;;;;;;;;;;;;;
15:34:49;17;72;9999;083;155;05;111111111111000000000000;000000000000000000000000;11101000;000;_;e;10;000100000001000000000000;____;12;-10;063;004;-12;-09;029;0425563010;;;;;;;;;;;;;;;;;;;;;;;;;;;;;;;;;;;;;;;;;;;;;;;;;;
15:34:52;17;73;9999;069;153;11;111111111111000000000000;000000000000000000000000;11101000;000;_;e;10;110000000000000000000000;____;01;014;089;004;014;034;015;0425563015;;;;;;;;;;;;;;;;;;;;;;;;;;;;;;;;;;;;;;;;;;;;;;;;;;
16:04:34;17;74;9999;066;999;11;111111111111000000000000;000000000000000000000000;11101000;000;_;e;10;110100000000000000000000;____;01;012;088;011;008;014;038;0425535517;;;;;;;;;;;;;;;;;;;;;;;;;;;;;;;;;;;;;;;;;;;;;;;;;;
16:04:36;17;75;9999;063;140;11;111111111111000000000000;000000000000000000000000;11010000;000;_;;;;;;;;;;;;;;;;;;;;;;;;;;;;;;;;;;;;;;;;;;;;;;;;;;;;;;;;;;;;;;
16:04:38;17;76;9999;070;159;11;111111111111000000000000;000000000000000000000000;11101000;000;_;e;10;010000000000000000000000;____;02;-13;093;006;-13;-13;006;0425563347;;;;;;;;;;;;;;;;;;;;;;;;;;;;;;;;;;;;;;;;;;;;;;;;;;
16:04:40;17;77;9999;057;167;11;111111111111000000000000;000000000000000000000000;11101000;000;_;e;10;110000000000000000000000;____;01;008;100;008;004;008;021;0425563348;;;;;;;;;;;;;;;;;;;;;;;;;;;;;;;;;;;;;;;;;;;;;;;;;;
16:04:42;17;78;9999;049;167;11;111111111111000000000000;000000000000000000000000;11101000;000;_;e;10;000000000001000000000000;____;12;-03;046;004;-04;-03;005;0050113938;;;;;;;;;;;;;;;;;;;;;;;;;;;;;;;;;;;;;;;;;;;;;;;;;;
16:04:44;17;79;9999;059;162;11;111111111111000000000000;000000000000000000000000;11101000;000;_;e;10;011101000000000000000000;____;04;-12;081;002;-15;014;082;0425558892;;;;;;;;;;;;;;;;;;;;;;;;;;;;;;;;;;;;;;;;;;;;;;;;;;
16:04:46;17;80;9999;078;146;11;111111111111000000000000;000000000000000000000000;11101000;000;_;e;10;000011000000000000000000;____;05;-05;053;021;-05;-04;042;0316119401;;;;;;;;;;;;;;;;;;;;;;;;;;;;;;;;;;;;;;;;;;;;;;;;;;
16:04:55;17;81;9999;059;859;11;111111111111000000000000;000000000000000000000000;11101000;000;_;e;10;000011001100000000000000;____;05;000;030;021;-04;000;030;0425558893;;;;;;;;;;;;;;;;;;;;;;;;;;;;;;;;;;;;;;;;;;;;;;;;;;
16:05:01;17;82;9999;062;212;00;111111111111000000000000;000000000000000000000000;11101000;000;_;e;10;110000000000000000000000;____;01;016;098;004;011;016;032;0425558894;;;;;;;;;;;;;;;;;;;;;;;;;;;;;;;;;;;;;;;;;;;;;;;;;;
16:05:03;17;83;9999;083;190;11;111111111111000000000000;000000000000000000000000;11101000;000;_;e;10;000111000100000000000000;____;06;-16;039;020;-17;010;043;0425558895;;;;;;;;;;;;;;;;;;;;;;;;;;;;;;;;;;;;;;;;;;;;;;;;;;
16:05:07;17;84;9999;053;377;11;111111111111000000000000;000000000000000000000000;11101000;000;_;e;10;000111001001000000000000;____;12;031;057;004;022;031;056;0425563350;;;;;;;;;;;;;;;;;;;;;;;;;;;;;;;;;;;;;;;;;;;;;;;;;;
16:05:10;17;85;9999;048;244;11;111111111111000000000000;000000000000000000000000;11101000;000;_;e;10;010000000000000000000000;____;02;007;103;006;007;010;042;0425563349;;;;;;;;;;;;;;;;;;;;;;;;;;;;;;;;;;;;;;;;;;;;;;;;;;
16:05:12;17;86;9999;064;159;11;111111111111000000000000;000000000000000000000000;11101000;000;_;e;10;000111100000000000000000;____;07;026;039;009;007;030;038;0425558896;;;;;;;;;;;;;;;;;;;;;;;;;;;;;;;;;;;;;;;;;;;;;;;;;;
16:05:15;17;87;9999;038;170;08;111111111111000000000000;000000000000000000000000;11101000;000;_;e;10;000011010110000000000000;____;06;-15;030;000;-16;005;058;0425563351;;;;;;;;;;;;;;;;;;;;;;;;;;;;;;;;;;;;;;;;;;;;;;;;;;
16:05:17;17;88;9999;079;186;11;111111111111000000000000;000000000000000000000000;11101000;000;_;e;10;000111001100000000000000;____;06;016;038;023;-19;044;049;0425563352;;;;;;;;;;;;;;;;;;;;;;;;;;;;;;;;;;;;;;;;;;;;;;;;;;
16:05:19;17;89;9999;067;156;11;111111111111000000000000;000000000000000000000000;11101000;000;_;e;10;000110101000000000000000;____;07;024;043;015;008;031;035;0425558897;;;;;;;;;;;;;;;;;;;;;;;;;;;;;;;;;;;;;;;;;;;;;;;;;;
16:05:22;17;90;9999;071;182;11;111111111111000000000000;000000000000000000000000;11101000;000;_;e;10;000011000000000000000000;____;05;-03;023;028;-05;029;020;0425563354;;;;;;;;;;;;;;;;;;;;;;;;;;;;;;;;;;;;;;;;;;;;;;;;;;
16:34:44;17;91;9999;051;999;11;111111111111000000000000;000000000000000000000000;11101000;000;_;e;10;000111001100000000000000;____;09;-02;049;048;-02;009;035;0425503981;;;;;;;;;;;;;;;;;;;;;;;;;;;;;;;;;;;;;;;;;;;;;;;;;;
16:34:46;17;92;9999;042;157;11;111111111111000000000000;000000000000000000000000;11101000;000;_;e;10;000011110000000000000000;____;06;-10;037;-01;-14;-07;038;0425558195;;;;;;;;;;;;;;;;;;;;;;;;;;;;;;;;;;;;;;;;;;;;;;;;;;
16:34:48;17;93;9999;057;212;11;111111111111000000000000;000000000000000000000000;11010000;000;_;;;;;;;;;;;;;;;;;;;;;;;;;;;;;;;;;;;;;;;;;;;;;;;;;;;;;;;;;;;;;;
16:34:50;17;94;9999;053;156;11;111111111111000000000000;000000000000000000000000;11101000;000;_;e;10;000010101011000000000000;____;05;018;051;009;-04;023;070;0425558197;;;;;;;;;;;;;;;;;;;;;;;;;;;;;;;;;;;;;;;;;;;;;;;;;;
16:34:56;17;95;9999;079;291;00;111111111111000000000000;000000000000000000000000;11101000;000;_;e;10;000110001000000000000000;____;04;020;076;018;020;026;050;0425558198;;;;;;;;;;;;;;;;;;;;;;;;;;;;;;;;;;;;;;;;;;;;;;;;;;
16:34:58;17;96;9999;082;166;11;111111111111000000000000;000000000000000000000000;11101000;000;_;e;10;100111001000000000000000;____;01;028;078;017;012;031;155;0425558199;;;;;;;;;;;;;;;;;;;;;;;;;;;;;;;;;;;;;;;;;;;;;;;;;;
16:35:00;17;97;9999;061;159;11;111111111111000000000000;000000000000000000000000;11101000;000;_;e;10;000101001000000000000000;____;09;037;063;010;032;037;039;0425507554;;;;;;;;;;;;;;;;;;;;;;;;;;;;;;;;;;;;;;;;;;;;;;;;;;
17:04:49;17;98;9999;076;999;11;111111111111000000000000;000000000000000000000000;11101000;000;_;e;10;100101001000000000000000;____;04;017;054;024;017;020;053;0425564800;;;;;;;;;;;;;;;;;;;;;;;;;;;;;;;;;;;;;;;;;;;;;;;;;;
17:04:51;17;99;9999;064;150;11;111111111111000000000000;000000000000000000000000;11101000;000;_;e;10;000001000000000000000000;____;06;001;016;004;001;001;002;0425564801;;;;;;;;;;;;;;;;;;;;;;;;;;;;;;;;;;;;;;;;;;;;;;;;;;
17:34:44;17;01;9999;055;999;11;111111111111000000000000;000000000000000000000000;11101000;000;_;e;10;000010001001000000000000;____;09;031;051;005;028;035;056;0425565208;;;;;;;;;;;;;;;;;;;;;;;;;;;;;;;;;;;;;;;;;;;;;;;;;;
17:34:46;17;02;9999;046;161;11;111111111111000000000000;000000000000000000000000;11101000;000;_;e;10;000100000000000000000000;____;04;007;027;006;007;007;006;0425565209;;;;;;;;;;;;;;;;;;;;;;;;;;;;;;;;;;;;;;;;;;;;;;;;;;
17:34:48;17;03;9999;064;179;11;111111111111000000000000;000000000000000000000000;11101000;000;_;e;10;000001000000000000000000;____;06;023;020;033;023;023;006;0425565210;;;;;;;;;;;;;;;;;;;;;;;;;;;;;;;;;;;;;;;;;;;;;;;;;;
17:34:50;17;04;9999;039;151;11;111111111111000000000000;000000000000000000000000;11101000;000;_;e;10;000011001010000000000000;____;09;020;034;004;013;023;058;0425565211;;;;;;;;;;;;;;;;;;;;;;;;;;;;;;;;;;;;;;;;;;;;;;;;;;
17:34:54;17;05;9999;050;330;11;111111111111000000000000;000000000000000000000000;11101000;000;_;e;10;000001000000000000000000;____;06;-15;082;011;-15;-10;007;0425535744;;;;;;;;;;;;;;;;;;;;;;;;;;;;;;;;;;;;;;;;;;;;;;;;;;
17:34:56;17;06;9999;044;161;11;111111111111000000000000;000000000000000000000000;11101000;000;_;e;10;000011001000000000000000;____;06;003;049;026;-01;004;025;0425565213;;;;;;;;;;;;;;;;;;;;;;;;;;;;;;;;;;;;;;;;;;;;;;;;;;
17:35:14;17;07;9999;076;999;11;111111111111000000000000;000000000000000000000000;11101000;000;_;e;10;000000000001000000000000;____;12;013;065;004;013;014;003;0555617758;;;;;;;;;;;;;;;;;;;;;;;;;;;;;;;;;;;;;;;;;;;;;;;;;;
17:35:16;17;08;9999;074;167;11;111111111111000000000000;000000000000000000000000;11101000;000;_;e;10;100100000000000000000000;____;01;012;060;024;010;013;036;0555853101;;;;;;;;;;;;;;;;;;;;;;;;;;;;;;;;;;;;;;;;;;;;;;;;;;
17:35:19;17;09;9999;078;159;11;111111111111000000000000;000000000000000000000000;11101000;000;_;e;10;110100000000000000000000;____;01;018;064;018;012;019;056;0555853100;;;;;;;;;;;;;;;;;;;;;;;;;;;;;;;;;;;;;;;;;;;;;;;;;;
17:35:21;17;10;9999;047;163;11;111111111111000000000000;000000000000000000000000;11101000;000;_;e;10;000011110000000000000000;____;06;-15;027;005;-16;-11;035;0425526864;;;;;;;;;;;;;;;;;;;;;;;;;;;;;;;;;;;;;;;;;;;;;;;;;;
17:35:23;17;11;9999;059;180;11;111111111111000000000000;000000000000000000000000;11101000;000;_;e;10;000001110010000000000000;____;06;-14;015;005;-17;-11;051;0425494497;;;;;;;;;;;;;;;;;;;;;;;;;;;;;;;;;;;;;;;;;;;;;;;;;;
17:35:25;17;12;9999;077;172;11;111111111111000000000000;000000000000000000000000;11101000;000;_;e;10;000111000000000000000000;____;05;008;038;024;006;008;037;0425526863;;;;;;;;;;;;;;;;;;;;;;;;;;;;;;;;;;;;;;;;;;;;;;;;;;
17:35:30;17;13;9999;077;159;00;111111111111000000000000;000000000000000000000000;11101000;000;_;e;10;000010111010000000000000;____;05;032;021;003;026;044;076;0425560395;;;;;;;;;;;;;;;;;;;;;;;;;;;;;;;;;;;;;;;;;;;;;;;;;;
17:35:33;17;14;9999;048;235;11;111111111111000000000000;000000000000000000000000;11101000;000;_;e;10;000000000010000000000000;____;11;-12;012;004;-12;-12;011;0425554482;;;;;;;;;;;;;;;;;;;;;;;;;;;;;;;;;;;;;;;;;;;;;;;;;;
17:35:35;17;15;9999;065;201;11;111111111111000000000000;000000000000000000000000;11001000;000;_;e;10;000100101100000000000000;____;04;069;055;024;069;070;024;0425560396;-15;016;026;-20;-15;012;0425564601;;;;;;;;;;;;;;;;;;;;;;;;;;;;;;;;;;;;;;;;;;;
17:35:36;17;16;9999;047;016;11;111111111111000000000000;000000000000000000000000;11101000;000;_;e;10;001000000100000000000000;____;10;-07;054;027;-07;-04;011;0425560396;;;;;;;;;;;;;;;;;;;;;;;;;;;;;;;;;;;;;;;;;;;;;;;;;;
17:35:39;17;17;9999;069;143;01;111111111111000000000000;000000000000000000000000;11101000;000;_;e;10;000000100000000000000000;____;07;031;007;007;031;033;022;0425560397;;;;;;;;;;;;;;;;;;;;;;;;;;;;;;;;;;;;;;;;;;;;;;;;;;
17:35:42;17;18;9999;081;170;05;111111111111000000000000;000000000000000000000000;11101000;000;_;e;10;000000001000000000000000;____;09;010;034;029;010;010;007;0425564602;;;;;;;;;;;;;;;;;;;;;;;;;;;;;;;;;;;;;;;;;;;;;;;;;;
17:35:44;17;19;9999;071;157;11;111111111111000000000000;000000000000000000000000;11101000;000;_;e;10;000011101000000000000000;____;07;035;012;017;035;042;061;0425564604;;;;;;;;;;;;;;;;;;;;;;;;;;;;;;;;;;;;;;;;;;;;;;;;;;
17:35:46;17;20;9999;081;149;11;111111111111000000000000;000000000000000000000000;11101000;000;_;e;10;000111001000000000000000;____;04;019;050;032;018;019;033;0425564603;;;;;;;;;;;;;;;;;;;;;;;;;;;;;;;;;;;;;;;;;;;;;;;;;;
17:35:52;17;21;9999;085;252;11;111111111111000000000000;000000000000000000000000;11101000;000;_;e;10;000111000100000000000000;____;06;007;037;038;007;021;047;0425564605;;;;;;;;;;;;;;;;;;;;;;;;;;;;;;;;;;;;;;;;;;;;;;;;;;
17:35:54;17;22;9999;072;147;11;111111111111000000000000;000000000000000000000000;11101000;000;_;e;10;000111001100000000000000;____;05;028;020;028;-03;046;033;0425564606;;;;;;;;;;;;;;;;;;;;;;;;;;;;;;;;;;;;;;;;;;;;;;;;;;
17:35:56;17;23;9999;058;090;11;111111111111000000000000;000000000000000000000000;11101000;000;_;e;10;000000001100000000000000;____;10;-10;027;027;-11;-10;009;0425564607;;;;;;;;;;;;;;;;;;;;;;;;;;;;;;;;;;;;;;;;;;;;;;;;;;
17:35:59;17;24;9999;071;148;04;111111111111000000000000;000000000000000000000000;11101000;000;_;e;10;110100000010000000000000;____;01;018;058;011;004;018;044;0425564608;;;;;;;;;;;;;;;;;;;;;;;;;;;;;;;;;;;;;;;;;;;;;;;;;;
17:36:01;17;25;9999;085;155;11;111111111111000000000000;000000000000000000000000;11101000;000;_;e;10;000111001000000000000000;____;05;014;034;023;-04;015;043;0425560399;;;;;;;;;;;;;;;;;;;;;;;;;;;;;;;;;;;;;;;;;;;;;;;;;;
17:36:12;17;26;9999;079;999;11;111111111111000000000000;000000000000000000000000;11101000;000;_;e;10;000100000000000000000000;____;04;016;037;040;016;019;029;0555676630;;;;;;;;;;;;;;;;;;;;;;;;;;;;;;;;;;;;;;;;;;;;;;;;;;
17:36:15;17;27;9999;082;238;11;111111111111000000000000;000000000000000000000000;11101000;000;_;e;10;000000001000000000000000;____;09;045;073;028;043;045;008;0555676626;;;;;;;;;;;;;;;;;;;;;;;;;;;;;;;;;;;;;;;;;;;;;;;;;;
17:36:25;17;28;9999;078;999;11;111111111111000000000000;000000000000000000000000;11010000;000;_;;;;;;;;;;;;;;;;;;;;;;;;;;;;;;;;;;;;;;;;;;;;;;;;;;;;;;;;;;;;;;
17:36:34;17;29;9999;081;905;11;111111111111000000000000;000000000000000000000000;11101000;000;_;e;10;000110001100000000000000;____;05;004;043;037;003;009;086;0555676631;;;;;;;;;;;;;;;;;;;;;;;;;;;;;;;;;;;;;;;;;;;;;;;;;;
17:36:48;17;30;9999;065;999;11;111111111111000000000000;000000000000000000000000;11101000;000;_;e;10;001111001100000000000000;____;09;015;039;033;-11;016;057;0555676627;;;;;;;;;;;;;;;;;;;;;;;;;;;;;;;;;;;;;;;;;;;;;;;;;;
17:36:57;17;31;9999;074;908;11;111111111111000000000000;000000000000000000000000;11101000;000;_;e;10;000001010000000000000000;____;06;-08;024;031;-10;-08;010;0555676623;;;;;;;;;;;;;;;;;;;;;;;;;;;;;;;;;;;;;;;;;;;;;;;;;;
17:37:07;17;32;9999;009;964;11;111111111111000000000000;000000000000000000000000;11101000;000;_;e;10;100010000000000000000000;____;01;-19;090;028;-20;-12;029;0555676633;;;;;;;;;;;;;;;;;;;;;;;;;;;;;;;;;;;;;;;;;;;;;;;;;;
17:37:07;17;33;9999;047;007;11;111111111111000000000000;000000000000000000000000;11010000;000;_;;;;;;;;;;;;;;;;;;;;;;;;;;;;;;;;;;;;;;;;;;;;;;;;;;;;;;;;;;;;;;
17:37:10;17;34;9999;046;261;11;111111111111000000000000;000000000000000000000000;11101000;000;_;e;10;000111001100000000000000;____;09;013;053;026;-14;016;093;0555676632;;;;;;;;;;;;;;;;;;;;;;;;;;;;;;;;;;;;;;;;;;;;;;;;;;
17:37:20;17;35;9999;082;999;11;111111111111000000000000;000000000000000000000000;11010000;000;_;;;;;;;;;;;;;;;;;;;;;;;;;;;;;;;;;;;;;;;;;;;;;;;;;;;;;;;;;;;;;;
17:37:24;17;36;9999;076;329;11;111111111111000000000000;000000000000000000000000;11101000;000;_;e;10;000110001100000000000000;____;05;029;047;033;007;034;059;0555676625;;;;;;;;;;;;;;;;;;;;;;;;;;;;;;;;;;;;;;;;;;;;;;;;;;
17:37:37;17;37;9999;082;999;11;111111111111000000000000;000000000000000000000000;11010000;000;_;;;;;;;;;;;;;;;;;;;;;;;;;;;;;;;;;;;;;;;;;;;;;;;;;;;;;;;;;;;;;;
17:37:41;17;38;9999;081;376;11;111111111111000000000000;000000000000000000000000;11101000;000;_;e;10;110000000000000000000000;____;01;-09;084;004;-16;-07;021;0555676628;;;;;;;;;;;;;;;;;;;;;;;;;;;;;;;;;;;;;;;;;;;;;;;;;;
17:37:43;17;39;9999;058;150;11;111111111111000000000000;000000000000000000000000;11101000;000;_;e;10;000001001001000000000000;____;06;026;046;012;025;034;058;0425565200;;;;;;;;;;;;;;;;;;;;;;;;;;;;;;;;;;;;;;;;;;;;;;;;;;
17:37:45;17;40;9999;066;176;11;111111111111000000000000;000000000000000000000000;11101000;000;_;e;10;000011100000000000000000;____;07;024;001;021;018;029;054;0425564609;;;;;;;;;;;;;;;;;;;;;;;;;;;;;;;;;;;;;;;;;;;;;;;;;;
17:37:47;17;41;9999;057;148;11;111111111111000000000000;000000000000000000000000;11101000;000;_;e;10;100001001001000000000000;____;06;025;059;008;007;029;047;0425565201;;;;;;;;;;;;;;;;;;;;;;;;;;;;;;;;;;;;;;;;;;;;;;;;;;
17:37:59;17;42;9999;081;999;11;111111111111000000000000;000000000000000000000000;11101000;000;_;e;10;000110000000000000000000;____;05;-14;056;035;-16;-14;030;0555676634;;;;;;;;;;;;;;;;;;;;;;;;;;;;;;;;;;;;;;;;;;;;;;;;;;
17:38:03;17;43;9999;047;421;11;111111111111000000000000;000000000000000000000000;11101000;000;_;e;10;000100000100000000000000;____;10;018;052;018;018;021;009;0425565202;;;;;;;;;;;;;;;;;;;;;;;;;;;;;;;;;;;;;;;;;;;;;;;;;;
17:38:06;17;44;9999;081;187;11;111111111111000000000000;000000000000000000000000;11101000;000;_;e;10;000011100000000000000000;____;06;-02;003;029;-02;009;054;0425565204;;;;;;;;;;;;;;;;;;;;;;;;;;;;;;;;;;;;;;;;;;;;;;;;;;
17:38:08;17;45;9999;075;166;11;111111111111000000000000;000000000000000000000000;11101000;000;_;e;10;000000100100000000000000;____;07;003;001;015;-09;003;032;0425564610;;;;;;;;;;;;;;;;;;;;;;;;;;;;;;;;;;;;;;;;;;;;;;;;;;
17:38:10;17;46;9999;073;155;11;111111111111000000000000;000000000000000000000000;11101000;000;_;e;10;000111001000000000000000;____;06;010;037;030;010;025;062;0425565203;;;;;;;;;;;;;;;;;;;;;;;;;;;;;;;;;;;;;;;;;;;;;;;;;;
17:38:12;17;47;9999;048;159;11;111111111111000000000000;000000000000000000000000;11010000;000;_;;;;;;;;;;;;;;;;;;;;;;;;;;;;;;;;;;;;;;;;;;;;;;;;;;;;;;;;;;;;;;
17:38:14;17;48;9999;077;154;11;111111111111000000000000;000000000000000000000000;11101000;000;_;e;10;110100000000000000000000;____;02;014;069;013;014;020;043;0425565206;;;;;;;;;;;;;;;;;;;;;;;;;;;;;;;;;;;;;;;;;;;;;;;;;;
17:38:16;17;49;9999;079;162;11;111111111111000000000000;000000000000000000000000;11101000;000;_;e;10;000001101000000000000000;____;06;003;030;021;000;008;035;0425565207;;;;;;;;;;;;;;;;;;;;;;;;;;;;;;;;;;;;;;;;;;;;;;;;;;
18:04:24;17;50;9999;078;999;11;111111111111000000000000;000000000000000000000000;11101000;000;_;e;10;000011000000000000000000;____;06;029;073;027;027;030;032;0425518190;;;;;;;;;;;;;;;;;;;;;;;;;;;;;;;;;;;;;;;;;;;;;;;;;;
18:04:26;17;51;9999;079;150;11;111111111111000000000000;000000000000000000000000;11101000;000;_;e;10;000110001100000000000000;____;04;-16;068;021;-20;007;025;0425553301;;;;;;;;;;;;;;;;;;;;;;;;;;;;;;;;;;;;;;;;;;;;;;;;;;
18:04:28;17;52;9999;044;140;11;111111111111000000000000;000000000000000000000000;11101000;000;_;e;10;000111001000000000000000;____;06;-10;054;028;-19;-10;016;0425564200;;;;;;;;;;;;;;;;;;;;;;;;;;;;;;;;;;;;;;;;;;;;;;;;;;
18:04:31;17;53;9999;045;156;01;111111111111000000000000;000000000000000000000000;11101000;000;_;e;10;001111001000000000000000;____;09;-14;056;011;-14;-08;081;0425565800;;;;;;;;;;;;;;;;;;;;;;;;;;;;;;;;;;;;;;;;;;;;;;;;;;
18:04:34;17;54;9999;082;194;07;111111111111000000000000;000000000000000000000000;11101000;000;_;e;10;000111001100000000000000;____;05;-01;056;033;-01;033;106;0425565900;;;;;;;;;;;;;;;;;;;;;;;;;;;;;;;;;;;;;;;;;;;;;;;;;;
18:04:36;17;55;9999;045;148;11;111111111111000000000000;000000000000000000000000;11101000;000;_;e;10;000001000000000000000000;____;06;004;023;018;004;004;013;0425566000;;;;;;;;;;;;;;;;;;;;;;;;;;;;;;;;;;;;;;;;;;;;;;;;;;
18:04:37;17;56;9999;070;046;11;111111111111000000000000;000000000000000000000000;11101000;000;_;e;10;000011000000000000000000;____;06;020;028;027;020;028;039;0425566003;;;;;;;;;;;;;;;;;;;;;;;;;;;;;;;;;;;;;;;;;;;;;;;;;;
18:04:42;17;57;9999;061;259;11;111111111111000000000000;000000000000000000000000;11101000;000;_;e;10;110000000000000000000000;____;01;002;100;017;-03;004;017;0425566002;;;;;;;;;;;;;;;;;;;;;;;;;;;;;;;;;;;;;;;;;;;;;;;;;;
18:04:47;17;58;9999;056;353;11;111111111111000000000000;000000000000000000000000;11101000;000;_;e;10;000001100000000000000000;____;06;-20;049;-02;-20;-01;040;0425566102;;;;;;;;;;;;;;;;;;;;;;;;;;;;;;;;;;;;;;;;;;;;;;;;;;
18:04:50;17;59;9999;075;336;11;111111111111000000000000;000000000000000000000000;11101000;000;_;e;10;001110000100000000000000;____;04;010;072;035;010;017;035;0425566101;;;;;;;;;;;;;;;;;;;;;;;;;;;;;;;;;;;;;;;;;;;;;;;;;;
18:04:53;17;60;9999;081;243;11;111111111111000000000000;000000000000000000000000;11010000;000;_;;;;;;;;;;;;;;;;;;;;;;;;;;;;;;;;;;;;;;;;;;;;;;;;;;;;;;;;;;;;;;
18:04:56;17;61;9999;072;167;11;111111111111000000000000;000000000000000000000000;11101000;000;_;e;10;100001000000000000000000;____;01;003;100;016;003;006;006;0425566103;;;;;;;;;;;;;;;;;;;;;;;;;;;;;;;;;;;;;;;;;;;;;;;;;;
18:04:58;17;62;9999;059;162;11;111111111111000000000000;000000000000000000000000;11101000;000;_;e;10;000001001100000000000000;____;06;001;081;025;-04;001;031;0425566104;;;;;;;;;;;;;;;;;;;;;;;;;;;;;;;;;;;;;;;;;;;;;;;;;;
18:05:01;17;63;9999;048;176;07;111111111111000000000000;000000000000000000000000;11010000;000;_;;;;;;;;;;;;;;;;;;;;;;;;;;;;;;;;;;;;;;;;;;;;;;;;;;;;;;;;;;;;;;
18:05:03;17;64;9999;083;171;11;111111111111000000000000;000000000000000000000000;11101000;000;_;e;10;000000001100000000000000;____;09;003;053;023;002;018;006;0425566105;;;;;;;;;;;;;;;;;;;;;;;;;;;;;;;;;;;;;;;;;;;;;;;;;;
18:05:07;17;65;9999;083;407;11;111111111111000000000000;000000000000000000000000;11101000;000;_;e;10;110101001000000000000000;____;04;022;073;019;021;033;065;0425566107;;;;;;;;;;;;;;;;;;;;;;;;;;;;;;;;;;;;;;;;;;;;;;;;;;
18:05:19;17;66;9999;082;999;11;111111111111000000000000;000000000000000000000000;11101000;000;_;e;10;000110001100000000000000;____;05;023;060;029;018;026;067;0425566108;;;;;;;;;;;;;;;;;;;;;;;;;;;;;;;;;;;;;;;;;;;;;;;;;;
18:05:22;17;67;9999;082;237;11;111111111111000000000000;000000000000000000000000;11101000;000;_;e;10;000100000000000000000000;____;04;022;044;026;022;023;035;0425566007;;;;;;;;;;;;;;;;;;;;;;;;;;;;;;;;;;;;;;;;;;;;;;;;;;
18:05:31;17;68;9999;081;822;11;111111111111000000000000;000000000000000000000000;11101000;000;_;e;10;110000001100000000000000;____;01;038;068;013;028;040;054;0425566005;;;;;;;;;;;;;;;;;;;;;;;;;;;;;;;;;;;;;;;;;;;;;;;;;;
18:05:33;17;69;9999;061;163;11;111111111111000000000000;000000000000000000000000;11101000;000;_;e;10;000001000000000000000000;____;06;-11;066;022;-17;-11;007;0425566109;;;;;;;;;;;;;;;;;;;;;;;;;;;;;;;;;;;;;;;;;;;;;;;;;;
18:05:35;17;70;9999;069;177;11;111111111111000000000000;000000000000000000000000;11101000;000;_;e;10;000011010000000000000000;____;06;-19;029;002;-20;-13;063;0425566110;;;;;;;;;;;;;;;;;;;;;;;;;;;;;;;;;;;;;;;;;;;;;;;;;;
18:05:37;17;71;9999;065;156;11;111111111111000000000000;000000000000000000000000;11101000;000;_;e;10;000010001001000000000000;____;05;036;047;010;021;041;048;0425566111;;;;;;;;;;;;;;;;;;;;;;;;;;;;;;;;;;;;;;;;;;;;;;;;;;
18:05:42;17;72;9999;076;411;11;111111111111000000000000;000000000000000000000000;11101000;000;_;e;10;000011100000000000000000;____;05;001;050;024;-02;015;067;0425566112;;;;;;;;;;;;;;;;;;;;;;;;;;;;;;;;;;;;;;;;;;;;;;;;;;
18:05:44;17;73;9999;081;197;11;111111111111000000000000;000000000000000000000000;11101000;000;_;e;10;000100000000000000000000;____;04;019;045;019;019;019;002;0425566006;;;;;;;;;;;;;;;;;;;;;;;;;;;;;;;;;;;;;;;;;;;;;;;;;;
18:05:46;17;74;9999;072;151;11;111111111111000000000000;000000000000000000000000;11010000;000;_;;;;;;;;;;;;;;;;;;;;;;;;;;;;;;;;;;;;;;;;;;;;;;;;;;;;;;;;;;;;;;
18:05:49;17;75;9999;076;174;02;111111111111000000000000;000000000000000000000000;11101000;000;_;e;10;000111001101000000000000;____;04;054;059;018;053;059;106;0425566113;;;;;;;;;;;;;;;;;;;;;;;;;;;;;;;;;;;;;;;;;;;;;;;;;;
18:05:51;17;76;9999;080;145;11;111111111111000000000000;000000000000000000000000;11010000;000;_;;;;;;;;;;;;;;;;;;;;;;;;;;;;;;;;;;;;;;;;;;;;;;;;;;;;;;;;;;;;;;
18:08:12;17;77;9999;079;999;11;111111111111000000000000;000000000000000000000000;11101000;000;_;e;10;000001001000000000000000;____;09;-09;024;018;-09;007;032;0425566115;;;;;;;;;;;;;;;;;;;;;;;;;;;;;;;;;;;;;;;;;;;;;;;;;;
19:34:52;17;78;9999;069;999;11;111111111111000000000000;000000000000000000000000;11101000;000;_;e;10;000111101000000000000000;____;06;-04;019;019;-05;011;039;0316119203;;;;;;;;;;;;;;;;;;;;;;;;;;;;;;;;;;;;;;;;;;;;;;;;;;
19:34:54;17;79;9999;080;189;11;111111111111000000000000;000000000000000000000000;11101000;000;_;e;10;000000110100000000000000;____;07;011;002;008;010;034;033;0316119204;;;;;;;;;;;;;;;;;;;;;;;;;;;;;;;;;;;;;;;;;;;;;;;;;;
19:34:57;17;80;9999;064;173;11;111111111111000000000000;000000000000000000000000;11101000;000;_;e;10;000000111100000000000000;____;10;011;005;006;-02;011;014;0316119205;;;;;;;;;;;;;;;;;;;;;;;;;;;;;;;;;;;;;;;;;;;;;;;;;;
19:35:00;17;81;9999;068;250;11;111111111111000000000000;000000000000000000000000;11101000;000;_;e;10;000011001100000000000000;____;06;007;050;023;004;008;051;0316119206;;;;;;;;;;;;;;;;;;;;;;;;;;;;;;;;;;;;;;;;;;;;;;;;;;
19:35:02;17;82;9999;039;165;11;111111111111000000000000;000000000000000000000000;11101000;000;_;e;10;000011000001000000000000;____;12;022;058;004;002;022;052;0316119207;;;;;;;;;;;;;;;;;;;;;;;;;;;;;;;;;;;;;;;;;;;;;;;;;;
19:35:04;17;83;9999;082;203;11;111111111111000000000000;000000000000000000000000;11101000;000;_;e;10;100111000000000000000000;____;06;022;042;040;021;035;043;0316119208;;;;;;;;;;;;;;;;;;;;;;;;;;;;;;;;;;;;;;;;;;;;;;;;;;
19:35:07;17;84;9999;062;146;02;111111111111000000000000;000000000000000000000000;11101000;000;_;e;10;000010011010000000000000;____;08;012;000;008;-15;012;021;0316119210;;;;;;;;;;;;;;;;;;;;;;;;;;;;;;;;;;;;;;;;;;;;;;;;;;
19:35:10;17;85;9999;058;224;11;111111111111000000000000;000000000000000000000000;11101000;000;_;e;10;000001000000000000000000;____;06;023;035;021;023;023;002;0316119211;;;;;;;;;;;;;;;;;;;;;;;;;;;;;;;;;;;;;;;;;;;;;;;;;;
20:04:19;17;86;9999;079;999;11;111111111111000000000000;000000000000000000000000;11101000;000;_;e;10;000000000010000000000000;____;11;004;019;004;004;004;002;0555861300;;;;;;;;;;;;;;;;;;;;;;;;;;;;;;;;;;;;;;;;;;;;;;;;;;
20:04:22;17;87;9999;081;238;11;111111111111000000000000;000000000000000000000000;11101000;000;_;e;10;000100000100000000000000;____;04;000;057;008;000;014;021;0425555816;;;;;;;;;;;;;;;;;;;;;;;;;;;;;;;;;;;;;;;;;;;;;;;;;;
20:04:25;17;88;9999;082;184;11;111111111111000000000000;000000000000000000000000;11101000;000;_;e;10;000111001000000000000000;____;05;063;029;017;056;063;078;0425566600;;;;;;;;;;;;;;;;;;;;;;;;;;;;;;;;;;;;;;;;;;;;;;;;;;
20:04:27;17;89;9999;081;141;11;111111111111000000000000;000000000000000000000000;11101000;000;_;e;10;000000001000000000000000;____;09;021;043;029;020;021;006;0425566700;;;;;;;;;;;;;;;;;;;;;;;;;;;;;;;;;;;;;;;;;;;;;;;;;;
20:04:29;17;90;9999;081;167;11;111111111111000000000000;000000000000000000000000;11101000;000;_;e;10;100011001100000000000000;____;06;013;054;031;009;014;040;0425566601;;;;;;;;;;;;;;;;;;;;;;;;;;;;;;;;;;;;;;;;;;;;;;;;;;
20:04:31;17;91;9999;040;159;11;111111111111000000000000;000000000000000000000000;11101000;000;_;e;10;000000000010000000000000;____;11;-13;022;004;-13;-13;012;0425566701;;;;;;;;;;;;;;;;;;;;;;;;;;;;;;;;;;;;;;;;;;;;;;;;;;
20:04:35;17;92;9999;072;163;04;111111111111000000000000;000000000000000000000000;11101000;000;_;e;10;000010001010000000000000;____;05;048;024;020;042;048;028;0425566602;;;;;;;;;;;;;;;;;;;;;;;;;;;;;;;;;;;;;;;;;;;;;;;;;;
20:04:37;17;93;9999;084;151;11;111111111111000000000000;000000000000000000000000;11101000;000;_;e;10;000110100000000000000000;____;05;013;035;026;009;045;012;0425566603;;;;;;;;;;;;;;;;;;;;;;;;;;;;;;;;;;;;;;;;;;;;;;;;;;
20:04:39;17;94;9999;073;141;11;111111111111000000000000;000000000000000000000000;11101000;000;_;e;10;000001100000000000000000;____;07;013;013;033;011;016;028;0425566702;;;;;;;;;;;;;;;;;;;;;;;;;;;;;;;;;;;;;;;;;;;;;;;;;;
20:04:42;17;95;9999;046;159;11;111111111111000000000000;000000000000000000000000;11101000;000;_;e;10;000010100000000000000000;____;05;007;010;009;001;007;022;0425566604;;;;;;;;;;;;;;;;;;;;;;;;;;;;;;;;;;;;;;;;;;;;;;;;;;
20:04:45;17;96;9999;052;273;11;111111111111000000000000;000000000000000000000000;11101000;000;_;e;10;000001110000000000000000;____;07;010;000;013;-19;018;049;0425566704;;;;;;;;;;;;;;;;;;;;;;;;;;;;;;;;;;;;;;;;;;;;;;;;;;
20:04:49;17;97;9999;077;129;06;111111111111000000000000;000000000000000000000000;11101000;000;_;e;10;000001000000000000000000;____;06;016;018;031;016;017;035;0425566706;;;;;;;;;;;;;;;;;;;;;;;;;;;;;;;;;;;;;;;;;;;;;;;;;;
20:04:52;17;98;9999;082;154;02;111111111111000000000000;000000000000000000000000;11101000;000;_;e;10;000011011100000000000000;____;06;022;027;036;020;024;045;0425566705;;;;;;;;;;;;;;;;;;;;;;;;;;;;;;;;;;;;;;;;;;;;;;;;;;
20:04:54;17;99;9999;079;152;11;111111111111000000000000;000000000000000000000000;11101000;000;_;e;10;100110000000000000000000;____;01;007;071;023;001;036;031;0425566707;;;;;;;;;;;;;;;;;;;;;;;;;;;;;;;;;;;;;;;;;;;;;;;;;;
20:04:56;17;01;9999;079;051;11;111111111111000000000000;000000000000000000000000;11101000;000;_;e;10;000111001000000000000000;____;06;027;041;026;027;031;031;0425566708;;;;;;;;;;;;;;;;;;;;;;;;;;;;;;;;;;;;;;;;;;;;;;;;;;
20:05:01;17;02;9999;064;273;11;111111111111000000000000;000000000000000000000000;11101000;000;_;e;10;000000001001000000000000;____;09;030;049;006;030;031;022;0425566709;;;;;;;;;;;;;;;;;;;;;;;;;;;;;;;;;;;;;;;;;;;;;;;;;;
20:05:05;17;03;9999;083;355;11;111111111111000000000000;000000000000000000000000;11101000;000;_;e;10;110110001000000000000000;____;04;002;056;021;001;012;052;0425566703;;;;;;;;;;;;;;;;;;;;;;;;;;;;;;;;;;;;;;;;;;;;;;;;;;
20:05:08;17;04;9999;062;238;11;111111111111000000000000;000000000000000000000000;11101000;000;_;e;10;000110001100000000000000;____;05;-17;046;027;-20;-04;058;0425566711;;;;;;;;;;;;;;;;;;;;;;;;;;;;;;;;;;;;;;;;;;;;;;;;;;
20:05:10;17;05;9999;073;154;11;111111111111000000000000;000000000000000000000000;11101000;000;_;e;10;000001001000000000000000;____;06;023;040;018;023;034;007;0425566713;;;;;;;;;;;;;;;;;;;;;;;;;;;;;;;;;;;;;;;;;;;;;;;;;;
20:05:13;17;06;9999;081;158;00;111111111111000000000000;000000000000000000000000;11101000;000;_;e;10;000011000100000000000000;____;06;012;037;023;012;015;034;0425566710;;;;;;;;;;;;;;;;;;;;;;;;;;;;;;;;;;;;;;;;;;;;;;;;;;
20:05:15;17;07;9999;086;160;11;111111111111000000000000;000000000000000000000000;11101000;000;_;e;10;000001010010000000000000;____;06;-17;024;006;-18;-15;042;0425566712;;;;;;;;;;;;;;;;;;;;;;;;;;;;;;;;;;;;;;;;;;;;;;;;;;
20:05:20;17;08;9999;060;384;11;111111111111000000000000;000000000000000000000000;11101000;000;_;e;10;110100000011000000000000;____;04;005;063;-01;003;015;041;0425566714;;;;;;;;;;;;;;;;;;;;;;;;;;;;;;;;;;;;;;;;;;;;;;;;;;
20:05:27;17;09;9999;078;769;11;111111111111000000000000;000000000000000000000000;11101000;000;_;e;10;000101000000000000000000;____;04;-20;050;006;-20;003;013;0425566715;;;;;;;;;;;;;;;;;;;;;;;;;;;;;;;;;;;;;;;;;;;;;;;;;;
20:05:30;17;10;9999;080;281;11;111111111111000000000000;000000000000000000000000;11010000;000;_;;;;;;;;;;;;;;;;;;;;;;;;;;;;;;;;;;;;;;;;;;;;;;;;;;;;;;;;;;;;;;
21:04:07;17;11;9999;080;999;11;111111111111000000000000;000000000000000000000000;11101000;000;_;e;10;000010000000000000000000;____;05;016;048;038;016;016;002;0298748382;;;;;;;;;;;;;;;;;;;;;;;;;;;;;;;;;;;;;;;;;;;;;;;;;;
21:04:09;17;12;9999;076;162;11;111111111111000000000000;000000000000000000000000;11101000;000;_;e;10;000000001000000000000000;____;09;032;030;015;032;032;003;0555816211;;;;;;;;;;;;;;;;;;;;;;;;;;;;;;;;;;;;;;;;;;;;;;;;;;
21:04:13;17;13;9999;078;138;02;111111111111000000000000;000000000000000000000000;11101000;000;_;e;10;100010000000000000000000;____;05;-12;055;033;-12;-10;010;0425536311;;;;;;;;;;;;;;;;;;;;;;;;;;;;;;;;;;;;;;;;;;;;;;;;;;
21:04:16;17;14;9999;077;176;11;111111111111000000000000;000000000000000000000000;11101000;000;_;e;10;000001001000000000000000;____;09;048;068;026;047;050;028;0555738850;;;;;;;;;;;;;;;;;;;;;;;;;;;;;;;;;;;;;;;;;;;;;;;;;;
21:04:18;17;15;9999;051;143;11;111111111111000000000000;000000000000000000000000;11101000;000;_;e;10;111001000000000000000000;____;01;-01;092;004;-15;000;030;0425566400;;;;;;;;;;;;;;;;;;;;;;;;;;;;;;;;;;;;;;;;;;;;;;;;;;
21:04:23;17;16;9999;067;197;00;111111111111000000000000;000000000000000000000000;11101000;000;_;e;10;000011100000000000000000;____;05;015;019;023;013;016;054;0425566301;;;;;;;;;;;;;;;;;;;;;;;;;;;;;;;;;;;;;;;;;;;;;;;;;;
21:04:26;17;17;9999;058;238;11;111111111111000000000000;000000000000000000000000;11101000;000;_;e;10;000011001100000000000000;____;09;014;045;031;-13;021;019;0425563188;;;;;;;;;;;;;;;;;;;;;;;;;;;;;;;;;;;;;;;;;;;;;;;;;;
21:04:28;17;18;9999;077;157;11;111111111111000000000000;000000000000000000000000;11101000;000;_;e;10;010111001000000000000000;____;04;018;067;042;015;029;022;0425566401;;;;;;;;;;;;;;;;;;;;;;;;;;;;;;;;;;;;;;;;;;;;;;;;;;
21:04:30;17;19;9999;084;118;11;111111111111000000000000;000000000000000000000000;11101000;000;_;e;10;100100000000000000000000;____;01;019;072;025;017;019;025;0425563189;;;;;;;;;;;;;;;;;;;;;;;;;;;;;;;;;;;;;;;;;;;;;;;;;;
21:04:35;17;20;9999;084;237;11;111111111111000000000000;000000000000000000000000;11101000;000;_;e;10;000100001000000000000000;____;09;023;074;032;017;023;046;0425566302;;;;;;;;;;;;;;;;;;;;;;;;;;;;;;;;;;;;;;;;;;;;;;;;;;
21:04:38;17;21;9999;065;155;11;111111111111000000000000;000000000000000000000000;11101000;000;_;e;10;000010100000000000000000;____;05;030;046;013;027;030;027;0425566402;;;;;;;;;;;;;;;;;;;;;;;;;;;;;;;;;;;;;;;;;;;;;;;;;;
21:04:40;17;22;9999;080;102;00;111111111111000000000000;000000000000000000000000;11101000;000;_;e;10;001111001100000000000000;____;06;-06;056;028;-07;019;092;0425566303;;;;;;;;;;;;;;;;;;;;;;;;;;;;;;;;;;;;;;;;;;;;;;;;;;
21:04:43;17;23;9999;060;190;11;111111111111000000000000;000000000000000000000000;11101000;000;_;e;10;000010100010000000000000;____;11;025;023;004;021;028;031;0425566403;;;;;;;;;;;;;;;;;;;;;;;;;;;;;;;;;;;;;;;;;;;;;;;;;;
21:04:45;17;24;9999;048;169;11;111111111111000000000000;000000000000000000000000;11101000;000;_;e;10;000011000000000000000000;____;06;-07;020;013;-20;-01;043;0425565701;;;;;;;;;;;;;;;;;;;;;;;;;;;;;;;;;;;;;;;;;;;;;;;;;;
21:04:49;17;25;9999;042;169;00;111111111111000000000000;000000000000000000000000;11101000;000;_;e;10;000011110000000000000000;____;08;002;031;006;001;006;055;0425563190;;;;;;;;;;;;;;;;;;;;;;;;;;;;;;;;;;;;;;;;;;;;;;;;;;
21:04:52;17;26;9999;071;265;11;111111111111000000000000;000000000000000000000000;11101000;000;_;e;10;100111001100000000000000;____;05;007;052;045;003;018;178;0425565705;;;;;;;;;;;;;;;;;;;;;;;;;;;;;;;;;;;;;;;;;;;;;;;;;;
21:04:54;17;27;9999;073;157;11;111111111111000000000000;000000000000000000000000;11010000;000;_;;;;;;;;;;;;;;;;;;;;;;;;;;;;;;;;;;;;;;;;;;;;;;;;;;;;;;;;;;;;;;
21:04:59;17;28;9999;051;131;00;111111111111000000000000;000000000000000000000000;11101000;000;_;e;10;000000001000000000000000;____;09;-14;052;025;-14;-14;002;0425565706;;;;;;;;;;;;;;;;;;;;;;;;;;;;;;;;;;;;;;;;;;;;;;;;;;
21:05:01;17;29;9999;059;236;11;111111111111000000000000;000000000000000000000000;11101000;000;_;e;10;000110000000000000000000;____;05;010;052;028;010;017;015;0425563192;;;;;;;;;;;;;;;;;;;;;;;;;;;;;;;;;;;;;;;;;;;;;;;;;;
21:05:03;17;30;9999;036;178;11;111111111111000000000000;000000000000000000000000;11101000;000;_;e;10;000011110010000000000000;____;05;-09;037;004;-17;-09;031;0425565707;;;;;;;;;;;;;;;;;;;;;;;;;;;;;;;;;;;;;;;;;;;;;;;;;;
21:05:05;17;31;9999;071;161;11;111111111111000000000000;000000000000000000000000;11101000;000;_;e;10;000001001001000000000000;____;09;046;065;004;045;051;062;0425565708;;;;;;;;;;;;;;;;;;;;;;;;;;;;;;;;;;;;;;;;;;;;;;;;;;
21:05:08;17;32;9999;063;241;11;111111111111000000000000;000000000000000000000000;11010000;000;_;;;;;;;;;;;;;;;;;;;;;;;;;;;;;;;;;;;;;;;;;;;;;;;;;;;;;;;;;;;;;;
21:05:10;17;33;9999;061;190;11;111111111111000000000000;000000000000000000000000;11101000;000;_;e;10;010000001001000000000000;____;09;035;058;013;031;035;019;0425565709;;;;;;;;;;;;;;;;;;;;;;;;;;;;;;;;;;;;;;;;;;;;;;;;;;
21:05:12;17;34;9999;072;130;11;111111111111000000000000;000000000000000000000000;11101000;000;_;e;10;000111001000000000000000;____;09;047;040;010;020;047;065;0425565712;;;;;;;;;;;;;;;;;;;;;;;;;;;;;;;;;;;;;;;;;;;;;;;;;;
21:05:24;17;35;9999;081;999;11;111111111111000000000000;000000000000000000000000;11010000;000;_;;;;;;;;;;;;;;;;;;;;;;;;;;;;;;;;;;;;;;;;;;;;;;;;;;;;;;;;;;;;;;
21:05:27;17;36;9999;080;248;11;111111111111000000000000;000000000000000000000000;11101000;000;_;e;10;000011000000000000000000;____;05;016;047;019;015;017;035;0425563195;;;;;;;;;;;;;;;;;;;;;;;;;;;;;;;;;;;;;;;;;;;;;;;;;;
21:05:29;17;37;9999;077;162;11;111111111111000000000000;000000000000000000000000;11101000;000;_;e;10;100101001100000000000000;____;01;005;078;027;-04;020;039;0425566404;;;;;;;;;;;;;;;;;;;;;;;;;;;;;;;;;;;;;;;;;;;;;;;;;;
21:05:32;17;38;9999;050;256;11;111111111111000000000000;000000000000000000000000;11101000;000;_;e;10;100001101000000000000000;____;09;026;056;019;001;028;029;0425566305;;;;;;;;;;;;;;;;;;;;;;;;;;;;;;;;;;;;;;;;;;;;;;;;;;
21:05:35;17;39;9999;074;190;11;111111111111000000000000;000000000000000000000000;11101000;000;_;e;10;001000000111000000000000;____;12;-18;046;004;-19;025;014;0425565713;;;;;;;;;;;;;;;;;;;;;;;;;;;;;;;;;;;;;;;;;;;;;;;;;;
21:05:39;17;40;9999;082;395;11;111111111111000000000000;000000000000000000000000;11101000;000;_;e;10;100111001100000000000000;____;09;013;063;041;011;017;065;0425566405;;;;;;;;;;;;;;;;;;;;;;;;;;;;;;;;;;;;;;;;;;;;;;;;;;
21:05:43;17;41;9999;078;365;11;111111111111000000000000;000000000000000000000000;11101000;000;_;e;10;110101000100000000000000;____;02;007;071;018;006;027;045;0425563196;;;;;;;;;;;;;;;;;;;;;;;;;;;;;;;;;;;;;;;;;;;;;;;;;;
21:05:45;17;42;9999;057;195;11;111111111111000000000000;000000000000000000000000;11101000;000;_;e;10;000000000001000000000000;____;12;038;080;004;002;038;014;0425566406;;;;;;;;;;;;;;;;;;;;;;;;;;;;;;;;;;;;;;;;;;;;;;;;;;
21:05:48;17;43;9999;080;167;11;111111111111000000000000;000000000000000000000000;11101000;000;_;e;10;000101001000000000000000;____;06;002;055;027;002;005;042;0425565710;;;;;;;;;;;;;;;;;;;;;;;;;;;;;;;;;;;;;;;;;;;;;;;;;;
21:05:50;17;44;9999;059;159;11;111111111111000000000000;000000000000000000000000;11101000;000;_;e;10;000111001101000000000000;____;09;039;061;007;005;043;057;0425565714;;;;;;;;;;;;;;;;;;;;;;;;;;;;;;;;;;;;;;;;;;;;;;;;;;
21:05:52;17;45;9999;045;178;11;111111111111000000000000;000000000000000000000000;11101000;000;_;e;10;000100001000000000000000;____;04;-06;063;039;-08;001;057;0425565711;;;;;;;;;;;;;;;;;;;;;;;;;;;;;;;;;;;;;;;;;;;;;;;;;;
21:05:56;17;46;9999;053;174;05;111111111111000000000000;000000000000000000000000;11010000;000;_;;;;;;;;;;;;;;;;;;;;;;;;;;;;;;;;;;;;;;;;;;;;;;;;;;;;;;;;;;;;;;
21:05:58;17;47;9999;044;158;11;111111111111000000000000;000000000000000000000000;11101000;000;_;e;10;000011011010000000000000;____;11;-03;038;004;-08;-03;023;0425566307;;;;;;;;;;;;;;;;;;;;;;;;;;;;;;;;;;;;;;;;;;;;;;;;;;
21:06:03;17;48;9999;047;345;11;111111111111000000000000;000000000000000000000000;11101000;000;_;e;10;000011001100000000000000;____;06;-03;046;027;-17;013;027;0425566408;;;;;;;;;;;;;;;;;;;;;;;;;;;;;;;;;;;;;;;;;;;;;;;;;;
21:06:05;17;49;9999;066;204;11;111111111111000000000000;000000000000000000000000;11101000;000;_;e;10;110000000001000000000000;____;12;008;057;004;003;010;051;0425565702;;;;;;;;;;;;;;;;;;;;;;;;;;;;;;;;;;;;;;;;;;;;;;;;;;
21:06:07;17;50;9999;037;169;11;111111111111000000000000;000000000000000000000000;11101000;000;_;e;10;000111110010000000000000;____;11;-03;018;004;-06;000;061;0425566407;;;;;;;;;;;;;;;;;;;;;;;;;;;;;;;;;;;;;;;;;;;;;;;;;;
21:06:09;17;51;9999;054;158;11;111111111111000000000000;000000000000000000000000;11101000;000;_;e;10;000001000000000000000000;____;06;-15;010;030;-15;-15;006;0425566411;;;;;;;;;;;;;;;;;;;;;;;;;;;;;;;;;;;;;;;;;;;;;;;;;;
21:06:14;17;52;9999;054;157;00;111111111111000000000000;000000000000000000000000;11101000;000;_;e;10;000000110000000000000000;____;07;000;001;004;-02;000;028;0425566409;;;;;;;;;;;;;;;;;;;;;;;;;;;;;;;;;;;;;;;;;;;;;;;;;;
21:06:16;17;53;9999;076;215;11;111111111111000000000000;000000000000000000000000;11101000;000;_;e;10;010110000010000000000000;____;11;048;047;004;030;048;019;0425563197;;;;;;;;;;;;;;;;;;;;;;;;;;;;;;;;;;;;;;;;;;;;;;;;;;
21:06:18;17;54;9999;059;140;11;111111111111000000000000;000000000000000000000000;11101000;000;_;e;10;000000000010000000000000;____;11;-20;026;004;-20;-18;025;0425565715;;;;;;;;;;;;;;;;;;;;;;;;;;;;;;;;;;;;;;;;;;;;;;;;;;
21:06:22;17;55;9999;075;177;00;111111111111000000000000;000000000000000000000000;11101000;000;_;e;10;000011001000000000000000;____;09;006;055;041;005;007;026;0425566412;;;;;;;;;;;;;;;;;;;;;;;;;;;;;;;;;;;;;;;;;;;;;;;;;;
21:06:25;17;56;9999;060;243;11;111111111111000000000000;000000000000000000000000;11101000;000;_;e;10;000110011010000000000000;____;05;040;029;001;025;042;071;0425566308;;;;;;;;;;;;;;;;;;;;;;;;;;;;;;;;;;;;;;;;;;;;;;;;;;
21:06:27;17;57;9999;083;169;11;111111111111000000000000;000000000000000000000000;11101000;000;_;e;10;000011110000000000000000;____;07;049;008;007;031;054;071;0425566310;;;;;;;;;;;;;;;;;;;;;;;;;;;;;;;;;;;;;;;;;;;;;;;;;;
21:06:29;17;58;9999;069;123;11;111111111111000000000000;000000000000000000000000;11101000;000;_;e;10;000001001001000000000000;____;12;032;053;004;029;033;022;0425566410;;;;;;;;;;;;;;;;;;;;;;;;;;;;;;;;;;;;;;;;;;;;;;;;;;
21:06:31;17;59;9999;076;154;11;111111111111000000000000;000000000000000000000000;11101000;000;_;e;10;110100000000000000000000;____;01;023;061;006;020;025;028;0425566413;;;;;;;;;;;;;;;;;;;;;;;;;;;;;;;;;;;;;;;;;;;;;;;;;;
21:06:34;17;60;9999;057;147;06;111111111111000000000000;000000000000000000000000;11101000;000;_;e;10;000011000010000000000000;____;05;037;030;005;032;041;048;0425566311;;;;;;;;;;;;;;;;;;;;;;;;;;;;;;;;;;;;;;;;;;;;;;;;;;
21:06:36;17;61;9999;055;186;11;111111111111000000000000;000000000000000000000000;11010000;000;_;;;;;;;;;;;;;;;;;;;;;;;;;;;;;;;;;;;;;;;;;;;;;;;;;;;;;;;;;;;;;;
21:06:41;17;62;9999;064;167;11;111111111111000000000000;000000000000000000000000;11101000;000;_;e;10;000001010010000000000000;____;06;-04;011;001;-05;027;074;0425566312;;;;;;;;;;;;;;;;;;;;;;;;;;;;;;;;;;;;;;;;;;;;;;;;;;
21:06:42;17;63;9999;056;066;11;111111111111000000000000;000000000000000000000000;11101000;000;_;e;10;000100000000000000000000;____;04;-08;048;-02;-08;-07;035;0425566313;;;;;;;;;;;;;;;;;;;;;;;;;;;;;;;;;;;;;;;;;;;;;;;;;;
21:06:47;17;64;9999;078;352;11;111111111111000000000000;000000000000000000000000;11101000;000;_;e;10;000111001100000000000000;____;09;061;039;035;034;061;076;0425566314;;;;;;;;;;;;;;;;;;;;;;;;;;;;;;;;;;;;;;;;;;;;;;;;;;
21:06:51;17;65;9999;075;338;11;111111111111000000000000;000000000000000000000000;11010000;000;_;;;;;;;;;;;;;;;;;;;;;;;;;;;;;;;;;;;;;;;;;;;;;;;;;;;;;;;;;;;;;;
21:06:54;17;66;9999;044;233;11;111111111111000000000000;000000000000000000000000;11101000;000;_;e;10;100000001000000000000000;____;01;000;061;006;-03;000;013;0425535748;;;;;;;;;;;;;;;;;;;;;;;;;;;;;;;;;;;;;;;;;;;;;;;;;;
21:06:56;17;67;9999;077;183;11;111111111111000000000000;000000000000000000000000;11101000;000;_;e;10;000111010000000000000000;____;06;010;008;033;006;016;066;0425566309;;;;;;;;;;;;;;;;;;;;;;;;;;;;;;;;;;;;;;;;;;;;;;;;;;
21:07:05;17;68;9999;078;898;11;111111111111000000000000;000000000000000000000000;11101000;000;_;e;10;000000001000000000000000;____;09;019;061;019;019;019;003;0425535747;;;;;;;;;;;;;;;;;;;;;;;;;;;;;;;;;;;;;;;;;;;;;;;;;;
21:07:07;17;69;9999;079;154;11;111111111111000000000000;000000000000000000000000;11010000;000;_;;;;;;;;;;;;;;;;;;;;;;;;;;;;;;;;;;;;;;;;;;;;;;;;;;;;;;;;;;;;;;
21:07:09;17;70;9999;056;157;11;111111111111000000000000;000000000000000000000000;11101000;000;_;e;10;000001000000000000000000;____;06;-03;050;003;-03;-03;003;0425566316;;;;;;;;;;;;;;;;;;;;;;;;;;;;;;;;;;;;;;;;;;;;;;;;;;
21:07:14;17;71;9999;062;276;11;111111111111000000000000;000000000000000000000000;11101000;000;_;e;10;000111101000000000000000;____;07;034;030;015;019;037;023;0425565801;;;;;;;;;;;;;;;;;;;;;;;;;;;;;;;;;;;;;;;;;;;;;;;;;;
21:07:22;17;72;9999;073;735;11;111111111111000000000000;000000000000000000000000;11101000;000;_;e;10;000100001000000000000000;____;09;028;048;011;009;028;022;0425566317;;;;;;;;;;;;;;;;;;;;;;;;;;;;;;;;;;;;;;;;;;;;;;;;;;
21:34:15;17;73;9999;050;999;11;111111111111000000000000;000000000000000000000000;11010000;000;_;;;;;;;;;;;;;;;;;;;;;;;;;;;;;;;;;;;;;;;;;;;;;;;;;;;;;;;;;;;;;;
21:34:17;17;74;9999;063;141;11;111111111111000000000000;000000000000000000000000;11101000;000;_;e;10;000101001011000000000000;____;06;029;054;000;028;032;062;0425565309;;;;;;;;;;;;;;;;;;;;;;;;;;;;;;;;;;;;;;;;;;;;;;;;;;
21:34:19;17;75;9999;082;156;11;111111111111000000000000;000000000000000000000000;11101000;000;_;e;10;000101001000000000000000;____;06;036;054;017;031;036;046;0425563042;;;;;;;;;;;;;;;;;;;;;;;;;;;;;;;;;;;;;;;;;;;;;;;;;;
21:34:35;17;76;9999;076;999;11;111111111111000000000000;000000000000000000000000;11101000;000;_;e;10;000011000000000000000000;____;06;024;008;018;023;031;025;0425563044;;;;;;;;;;;;;;;;;;;;;;;;;;;;;;;;;;;;;;;;;;;;;;;;;;
21:34:38;17;77;9999;078;242;11;111111111111000000000000;000000000000000000000000;11101000;000;_;e;10;000001011100000000000000;____;06;000;028;037;-01;004;071;0425563043;;;;;;;;;;;;;;;;;;;;;;;;;;;;;;;;;;;;;;;;;;;;;;;;;;
21:34:40;17;78;9999;034;163;11;111111111111000000000000;000000000000000000000000;11101000;000;_;e;10;000011101010000000000000;____;05;001;012;007;-05;010;048;0425563046;;;;;;;;;;;;;;;;;;;;;;;;;;;;;;;;;;;;;;;;;;;;;;;;;;
21:34:43;17;79;9999;054;270;11;111111111111000000000000;000000000000000000000000;11101000;000;_;e;10;000111000100000000000000;____;06;001;041;036;001;005;048;0425563047;;;;;;;;;;;;;;;;;;;;;;;;;;;;;;;;;;;;;;;;;;;;;;;;;;
21:34:46;17;80;9999;055;229;11;111111111111000000000000;000000000000000000000000;11101000;000;_;e;10;000001000000000000000000;____;06;-04;027;025;-05;-04;006;0425565310;;;;;;;;;;;;;;;;;;;;;;;;;;;;;;;;;;;;;;;;;;;;;;;;;;
21:34:48;17;81;9999;047;177;11;111111111111000000000000;000000000000000000000000;11101000;000;_;e;10;000101001000000000000000;____;06;009;045;014;009;014;013;0425526865;;;;;;;;;;;;;;;;;;;;;;;;;;;;;;;;;;;;;;;;;;;;;;;;;;
21:34:51;17;82;9999;050;163;05;111111111111000000000000;000000000000000000000000;11101000;000;_;e;10;000001001100000000000000;____;06;028;040;017;025;032;050;0425503077;;;;;;;;;;;;;;;;;;;;;;;;;;;;;;;;;;;;;;;;;;;;;;;;;;
21:34:53;17;83;9999;057;187;11;111111111111000000000000;000000000000000000000000;11101000;000;_;e;10;100000001001000000000000;____;09;029;063;010;027;030;037;0425565311;;;;;;;;;;;;;;;;;;;;;;;;;;;;;;;;;;;;;;;;;;;;;;;;;;
21:34:55;17;84;9999;078;159;11;111111111111000000000000;000000000000000000000000;11101000;000;_;e;10;000111000000000000000000;____;06;018;048;028;018;020;033;0425563048;;;;;;;;;;;;;;;;;;;;;;;;;;;;;;;;;;;;;;;;;;;;;;;;;;
21:34:58;17;85;9999;079;043;03;111111111111000000000000;000000000000000000000000;11101000;000;_;e;10;100110000001000000000000;____;04;-16;060;003;-16;-11;044;0425503078;;;;;;;;;;;;;;;;;;;;;;;;;;;;;;;;;;;;;;;;;;;;;;;;;;
21:35:00;17;86;9999;083;163;11;111111111111000000000000;000000000000000000000000;11101000;000;_;e;10;000111001000000000000000;____;05;-02;053;034;-02;009;084;0425563051;;;;;;;;;;;;;;;;;;;;;;;;;;;;;;;;;;;;;;;;;;;;;;;;;;
21:35:04;17;87;9999;075;140;08;111111111111000000000000;000000000000000000000000;11101000;000;_;e;10;100101000000000000000000;____;01;-06;039;035;-08;011;048;0425563052;;;;;;;;;;;;;;;;;;;;;;;;;;;;;;;;;;;;;;;;;;;;;;;;;;
21:35:06;17;88;9999;059;113;11;111111111111000000000000;000000000000000000000000;11101000;000;_;e;10;110100000000000000000000;____;01;003;049;021;-02;003;035;0425565314;;;;;;;;;;;;;;;;;;;;;;;;;;;;;;;;;;;;;;;;;;;;;;;;;;
21:35:11;17;89;9999;054;346;11;111111111111000000000000;000000000000000000000000;11101000;000;_;e;10;000000110010000000000000;____;08;025;009;008;025;027;016;0425563049;;;;;;;;;;;;;;;;;;;;;;;;;;;;;;;;;;;;;;;;;;;;;;;;;;
21:35:15;17;90;9999;080;359;11;111111111111000000000000;000000000000000000000000;11101000;000;_;e;10;100100001000000000000000;____;01;026;056;025;022;050;058;0425565315;;;;;;;;;;;;;;;;;;;;;;;;;;;;;;;;;;;;;;;;;;;;;;;;;;
21:35:18;17;91;9999;042;237;11;111111111111000000000000;000000000000000000000000;11101000;000;_;e;10;000011101100000000000000;____;05;-13;016;022;-20;005;064;0425565316;;;;;;;;;;;;;;;;;;;;;;;;;;;;;;;;;;;;;;;;;;;;;;;;;;
21:35:20;17;92;9999;062;166;11;111111111111000000000000;000000000000000000000000;11101000;000;_;e;10;000111000000000000000000;____;05;010;022;034;-10;017;070;0425563057;;;;;;;;;;;;;;;;;;;;;;;;;;;;;;;;;;;;;;;;;;;;;;;;;;
21:35:22;17;93;9999;078;149;11;111111111111000000000000;000000000000000000000000;11101000;000;_;e;10;001101001000000000000000;____;06;-10;047;028;-10;-02;075;0425563055;;;;;;;;;;;;;;;;;;;;;;;;;;;;;;;;;;;;;;;;;;;;;;;;;;
21:35:24;17;94;9999;084;156;11;111111111111000000000000;000000000000000000000000;11101000;000;_;e;10;110001001000000000000000;____;01;039;066;008;034;042;048;0425563056;;;;;;;;;;;;;;;;;;;;;;;;;;;;;;;;;;;;;;;;;;;;;;;;;;
21:35:27;17;95;9999;048;162;07;111111111111000000000000;000000000000000000000000;11101000;000;_;e;10;000000110000000000000000;____;07;006;001;010;006;006;023;0425565317;;;;;;;;;;;;;;;;;;;;;;;;;;;;;;;;;;;;;;;;;;;;;;;;;;
21:35:29;17;96;9999;037;138;11;111111111111000000000000;000000000000000000000000;11101000;000;_;e;10;000011001010000000000000;____;05;004;025;008;-01;004;052;0425563058;;;;;;;;;;;;;;;;;;;;;;;;;;;;;;;;;;;;;;;;;;;;;;;;;;
21:35:33;17;97;9999;058;219;02;111111111111000000000000;000000000000000000000000;11101000;000;_;e;10;000000000100000000000000;____;10;-05;031;001;-06;-05;003;0425565318;;;;;;;;;;;;;;;;;;;;;;;;;;;;;;;;;;;;;;;;;;;;;;;;;;
21:35:36;17;98;9999;086;245;11;111111111111000000000000;000000000000000000000000;11101000;000;_;e;10;110001000000000000000000;____;01;040;065;011;022;041;041;0425565319;;;;;;;;;;;;;;;;;;;;;;;;;;;;;;;;;;;;;;;;;;;;;;;;;;
21:35:38;17;99;9999;083;140;11;111111111111000000000000;000000000000000000000000;11101000;000;_;e;10;110001001001000000000000;____;01;043;067;003;025;053;043;0425565321;;;;;;;;;;;;;;;;;;;;;;;;;;;;;;;;;;;;;;;;;;;;;;;;;;
21:35:40;17;01;9999;063;106;11;111111111111000000000000;000000000000000000000000;11101000;000;_;e;10;000111111010000000000000;____;05;038;014;006;031;042;093;0425565322;;;;;;;;;;;;;;;;;;;;;;;;;;;;;;;;;;;;;;;;;;;;;;;;;;
21:35:49;17;02;9999;080;921;11;111111111111000000000000;000000000000000000000000;11101000;000;_;e;10;000011000000000000000000;____;06;021;036;023;021;027;082;0425565323;;;;;;;;;;;;;;;;;;;;;;;;;;;;;;;;;;;;;;;;;;;;;;;;;;
21:35:51;17;03;9999;063;157;11;111111111111000000000000;000000000000000000000000;11101000;000;_;e;10;000011110000000000000000;____;06;-09;007;016;-10;-04;051;0425565324;;;;;;;;;;;;;;;;;;;;;;;;;;;;;;;;;;;;;;;;;;;;;;;;;;
21:35:54;17;04;9999;075;150;02;111111111111000000000000;000000000000000000000000;11101000;000;_;e;10;110000000000000000000000;____;01;033;060;010;029;034;028;0425565325;;;;;;;;;;;;;;;;;;;;;;;;;;;;;;;;;;;;;;;;;;;;;;;;;;
21:35:57;17;05;9999;065;185;11;111111111111000000000000;000000000000000000000000;11101000;000;_;e;10;100110000000000000000000;____;04;005;057;000;-04;009;058;0425565326;;;;;;;;;;;;;;;;;;;;;;;;;;;;;;;;;;;;;;;;;;;;;;;;;;
22:04:55;17;06;9999;058;999;11;111111111111000000000000;000000000000000000000000;11101000;000;_;e;10;100111001001000000000000;____;09;032;080;003;005;035;051;0316119305;;;;;;;;;;;;;;;;;;;;;;;;;;;;;;;;;;;;;;;;;;;;;;;;;;
22:04:57;17;07;9999;067;166;11;111111111111000000000000;000000000000000000000000;11101000;000;_;e;10;000111000000000000000000;____;06;010;075;040;-01;012;052;0316119306;;;;;;;;;;;;;;;;;;;;;;;;;;;;;;;;;;;;;;;;;;;;;;;;;;
22:04:59;17;08;9999;083;145;11;111111111111000000000000;000000000000000000000000;11101000;000;_;e;10;000110001000000000000000;____;09;042;062;016;017;042;026;0316119308;;;;;;;;;;;;;;;;;;;;;;;;;;;;;;;;;;;;;;;;;;;;;;;;;;
22:05:02;17;09;9999;058;239;11;111111111111000000000000;000000000000000000000000;11010000;000;_;;;;;;;;;;;;;;;;;;;;;;;;;;;;;;;;;;;;;;;;;;;;;;;;;;;;;;;;;;;;;;
22:05:05;17;10;9999;069;157;01;111111111111000000000000;000000000000000000000000;11101000;000;_;e;10;000111001000000000000000;____;06;-06;027;021;-06;015;046;0316119310;;;;;;;;;;;;;;;;;;;;;;;;;;;;;;;;;;;;;;;;;;;;;;;;;;
22:05:07;17;11;9999;074;166;11;111111111111000000000000;000000000000000000000000;11101000;000;_;e;10;100100000000000000000000;____;04;-05;064;021;-05;001;025;0316119312;;;;;;;;;;;;;;;;;;;;;;;;;;;;;;;;;;;;;;;;;;;;;;;;;;
22:05:09;17;12;9999;076;168;11;111111111111000000000000;000000000000000000000000;11101000;000;_;e;10;110100000000000000000000;____;02;023;094;005;022;025;045;0316119311;;;;;;;;;;;;;;;;;;;;;;;;;;;;;;;;;;;;;;;;;;;;;;;;;;
22:05:11;17;13;9999;069;156;11;111111111111000000000000;000000000000000000000000;11101000;000;_;e;10;000010001010000000000000;____;05;036;031;000;034;036;074;0316119313;;;;;;;;;;;;;;;;;;;;;;;;;;;;;;;;;;;;;;;;;;;;;;;;;;
