RDT400 Server V3.30
Site: 
System: Barcode scanner PLC02 (Sick); System type: OPS
Date: 30-12-2024  00:00:32
Date    ;ID;CT;IDX ;TLE;TGA;V ;DEVICE LIST             ;ERROR LIST              ;OUTPUT  ;ENR;R;CODE1 ID;LENGTH;READ LIST;RES;CLV ID;XPOS;YPOS;ZPOS;XMIN;XMAX;CS;CODE CONTENT;XPOS;YPOS;ZPOS;XMIN;XMAX;CS;CODE CONTENT;CODE2 ID;LENGTH;READ LIST;RES;CLV ID;XPOS;YPOS;ZPOS;XMIN;XMAX;CS;CODE CONTENT;XPOS;YPOS;ZPOS;XMIN;XMAX;CS;CODE CONTENT;CODE3 ID;LENGTH;READ LIST;RES;CLV ID;XPOS;YPOS;ZPOS;XMIN;XMAX;CS;CODE CONTENT;XPOS;YPOS;ZPOS;XMIN;XMAX;CS;CODE CONTENT;INFO1;INFO2;CUSTOM1;CUSTOM2;
04:21:51;12;20;9999;062;999;09;111111111111000000000000;000000000000000000000000;11101000;000;_;e;10;001101001101000000000000;____;04;001;072;012;-07;047;157;0425718488;;;;;;;;;;;;;;;;;;;;;;;;;;;;;;;;;;;;;;;;;;;;;;;;;;
04:26:57;12;21;9999;076;999;08;111111111111000000000000;000000000000000000000000;11101000;000;_;e;10;101111001100000000000000;____;05;041;055;030;010;043;084;0425720402;;;;;;;;;;;;;;;;;;;;;;;;;;;;;;;;;;;;;;;;;;;;;;;;;;
04:56:45;12;22;9999;069;999;08;111111111111000000000000;000000000000000000000000;11101000;000;_;e;10;100000001100000000000000;____;10;007;079;004;006;055;047;0425716671;;;;;;;;;;;;;;;;;;;;;;;;;;;;;;;;;;;;;;;;;;;;;;;;;;
04:57:48;12;23;9999;075;999;09;111111111111000000000000;000000000000000000000000;11101000;000;_;e;10;001100000100000000000000;____;04;036;078;010;034;037;044;0425716672;;;;;;;;;;;;;;;;;;;;;;;;;;;;;;;;;;;;;;;;;;;;;;;;;;
05:13:02;12;24;9999;072;999;09;111111111111000000000000;000000000000000000000000;11101000;000;_;e;10;010000000000000000000000;____;02;040;094;011;040;040;033;0425719833;;;;;;;;;;;;;;;;;;;;;;;;;;;;;;;;;;;;;;;;;;;;;;;;;;
05:14:33;12;25;9999;058;999;08;111111111111000000000000;000000000000000000000000;11101000;000;_;e;10;100000000101000000000000;____;10;-04;079;013;-04;042;039;0425719834;;;;;;;;;;;;;;;;;;;;;;;;;;;;;;;;;;;;;;;;;;;;;;;;;;
05:19:11;12;26;9999;058;999;09;111111111111000000000000;000000000000000000000000;11101000;000;_;e;10;000000110010000000000000;____;07;027;024;012;025;029;046;0425718735;;;;;;;;;;;;;;;;;;;;;;;;;;;;;;;;;;;;;;;;;;;;;;;;;;
05:20:01;12;27;9999;077;999;09;111111111111000000000000;000000000000000000000000;11101000;000;_;e;10;100000000000000000000000;____;01;031;097;008;031;032;033;0425719837;;;;;;;;;;;;;;;;;;;;;;;;;;;;;;;;;;;;;;;;;;;;;;;;;;
05:21:00;12;28;9999;038;999;09;111111111111000000000000;000000000000000000000000;11101000;000;_;e;10;000000001000000000000000;____;09;041;073;009;041;044;018;0425719841;;;;;;;;;;;;;;;;;;;;;;;;;;;;;;;;;;;;;;;;;;;;;;;;;;
05:26:22;12;29;9999;054;999;09;111111111111000000000000;000000000000000000000000;11101000;000;_;e;10;000110111100000000000000;____;10;003;069;024;003;038;076;0425719843;;;;;;;;;;;;;;;;;;;;;;;;;;;;;;;;;;;;;;;;;;;;;;;;;;
05:26:32;12;30;9999;059;743;09;111111111111000000000000;000000000000000000000000;11101000;000;_;e;10;110000000000000000000000;____;02;040;103;010;038;040;016;0425718864;;;;;;;;;;;;;;;;;;;;;;;;;;;;;;;;;;;;;;;;;;;;;;;;;;
05:26:58;12;31;9999;054;999;09;111111111111000000000000;000000000000000000000000;11101000;000;_;e;10;001000000100000000000000;____;03;008;082;035;-06;008;012;0425697546;;;;;;;;;;;;;;;;;;;;;;;;;;;;;;;;;;;;;;;;;;;;;;;;;;
05:29:25;12;32;9999;056;999;09;111111111111000000000000;000000000000000000000000;11101000;000;_;e;10;001101001100000000000000;____;09;-05;080;025;-08;017;104;0425719846;;;;;;;;;;;;;;;;;;;;;;;;;;;;;;;;;;;;;;;;;;;;;;;;;;
05:30:13;12;33;9999;054;999;09;111111111111000000000000;000000000000000000000000;11101000;000;_;e;10;011001001100000000000000;____;09;-03;079;016;-07;020;086;0425719845;;;;;;;;;;;;;;;;;;;;;;;;;;;;;;;;;;;;;;;;;;;;;;;;;;
05:30:47;12;34;9999;061;999;09;111111111111000000000000;000000000000000000000000;11101000;000;_;e;10;000000000101000000000000;____;12;008;079;004;007;010;024;0425720313;;;;;;;;;;;;;;;;;;;;;;;;;;;;;;;;;;;;;;;;;;;;;;;;;;
05:32:47;12;35;9999;075;999;09;111111111111000000000000;000000000000000000000000;11101000;000;_;e;10;001111001100000000000000;____;10;035;065;027;034;042;079;0425716683;;;;;;;;;;;;;;;;;;;;;;;;;;;;;;;;;;;;;;;;;;;;;;;;;;
05:34:36;12;36;9999;066;999;09;111111111111000000000000;000000000000000000000000;11101000;000;_;e;10;000110001100000000000000;____;10;-01;077;013;-04;024;061;0425719849;;;;;;;;;;;;;;;;;;;;;;;;;;;;;;;;;;;;;;;;;;;;;;;;;;
05:36:06;12;37;9999;061;999;09;111111111111000000000000;000000000000000000000000;11101000;000;_;e;10;000100000100000000000000;____;10;-01;079;003;-01;021;074;0425700861;;;;;;;;;;;;;;;;;;;;;;;;;;;;;;;;;;;;;;;;;;;;;;;;;;
05:36:18;12;38;9999;062;964;09;111111111111000000000000;000000000000000000000000;11101000;000;_;e;10;001111001100000000000000;____;03;-01;077;024;-07;025;127;0425719850;;;;;;;;;;;;;;;;;;;;;;;;;;;;;;;;;;;;;;;;;;;;;;;;;;
05:36:36;12;39;9999;060;999;09;111111111111000000000000;000000000000000000000000;11101000;000;_;e;10;001001110001000000000000;____;08;025;052;008;023;030;048;0425700860;;;;;;;;;;;;;;;;;;;;;;;;;;;;;;;;;;;;;;;;;;;;;;;;;;
05:38:18;12;40;9999;054;999;09;111111111111000000000000;000000000000000000000000;11101000;000;_;e;10;001101001101000000000000;____;10;-06;083;012;-10;000;125;0425720506;;;;;;;;;;;;;;;;;;;;;;;;;;;;;;;;;;;;;;;;;;;;;;;;;;
05:38:35;12;41;9999;075;999;09;111111111111000000000000;000000000000000000000000;11101000;000;_;e;10;000011101000000000000000;____;05;037;053;030;037;042;047;0425719851;;;;;;;;;;;;;;;;;;;;;;;;;;;;;;;;;;;;;;;;;;;;;;;;;;
05:39:26;12;42;9999;052;999;09;111111111111000000000000;000000000000000000000000;11101000;000;_;e;10;001111001101000000000000;____;04;-05;083;014;-11;013;146;0425720507;;;;;;;;;;;;;;;;;;;;;;;;;;;;;;;;;;;;;;;;;;;;;;;;;;
05:39:56;12;43;9999;056;999;09;111111111111000000000000;000000000000000000000000;11101000;000;_;e;10;100100000101000000000000;____;10;-05;082;008;-05;021;098;0425720317;;;;;;;;;;;;;;;;;;;;;;;;;;;;;;;;;;;;;;;;;;;;;;;;;;
05:41:38;12;44;9999;041;999;09;111111111111000000000000;000000000000000000000000;11101000;000;_;e;10;000010000000000000000000;____;05;004;075;023;004;004;003;0425720319;;;;;;;;;;;;;;;;;;;;;;;;;;;;;;;;;;;;;;;;;;;;;;;;;;
05:42:37;12;45;9999;077;999;09;111111111111000000000000;000000000000000000000000;11101000;000;_;e;10;011100000000000000000000;____;02;030;095;029;028;030;033;0425720431;;;;;;;;;;;;;;;;;;;;;;;;;;;;;;;;;;;;;;;;;;;;;;;;;;
05:43:45;12;46;9999;054;999;09;111111111111000000000000;000000000000000000000000;11101000;000;_;e;10;001101001111000000000000;____;10;-06;063;008;-14;018;197;0425718868;;;;;;;;;;;;;;;;;;;;;;;;;;;;;;;;;;;;;;;;;;;;;;;;;;
05:43:59;12;47;9999;066;999;09;111111111111000000000000;000000000000000000000000;11101000;000;_;e;10;001101001101000000000000;____;09;-03;070;017;-06;033;095;0425720432;;;;;;;;;;;;;;;;;;;;;;;;;;;;;;;;;;;;;;;;;;;;;;;;;;
05:44:14;12;48;9999;049;999;09;111111111111000000000000;000000000000000000000000;11101000;000;_;e;10;101001000000000000000000;____;01;037;101;014;027;042;049;0425719852;;;;;;;;;;;;;;;;;;;;;;;;;;;;;;;;;;;;;;;;;;;;;;;;;;
05:45:23;12;49;9999;051;999;09;111111111111000000000000;000000000000000000000000;11101000;000;_;e;10;000011111000000000000000;____;08;027;047;018;025;030;099;0425719854;;;;;;;;;;;;;;;;;;;;;;;;;;;;;;;;;;;;;;;;;;;;;;;;;;
05:45:27;12;50;9999;063;278;09;111111111111000000000000;000000000000000000000000;11101000;000;_;e;10;000000000101000000000000;____;10;-03;074;013;-04;-01;016;0425697551;;;;;;;;;;;;;;;;;;;;;;;;;;;;;;;;;;;;;;;;;;;;;;;;;;
05:46:11;12;51;9999;076;999;09;111111111111000000000000;000000000000000000000000;11101000;000;_;e;10;100100000101000000000000;____;10;000;077;004;-01;027;090;0425719855;;;;;;;;;;;;;;;;;;;;;;;;;;;;;;;;;;;;;;;;;;;;;;;;;;
05:46:31;12;52;9999;050;999;09;111111111111000000000000;000000000000000000000000;11101000;000;_;e;10;000001000000000000000000;____;06;007;074;021;007;008;007;0425718747;;;;;;;;;;;;;;;;;;;;;;;;;;;;;;;;;;;;;;;;;;;;;;;;;;
05:46:49;12;53;9999;075;999;09;111111111111000000000000;000000000000000000000000;11101000;000;_;e;10;101110001100000000000000;____;05;-07;030;093;-07;034;075;0425720434;;;;;;;;;;;;;;;;;;;;;;;;;;;;;;;;;;;;;;;;;;;;;;;;;;
05:48:31;12;54;9999;072;999;09;111111111111000000000000;000000000000000000000000;11101000;000;_;e;10;111110000101000000000000;____;10;008;091;007;-06;048;162;0425716688;;;;;;;;;;;;;;;;;;;;;;;;;;;;;;;;;;;;;;;;;;;;;;;;;;
05:49:13;12;55;9999;097;999;09;111111111111000000000000;000000000000000000000000;11101000;000;_;e;10;001111101100000000000000;____;05;044;056;032;017;069;395;0425720435;;;;;;;;;;;;;;;;;;;;;;;;;;;;;;;;;;;;;;;;;;;;;;;;;;
05:50:13;12;56;9999;064;999;09;111111111111000000000000;000000000000000000000000;11101000;000;_;e;10;100000001101000000000000;____;09;035;086;025;023;039;016;0425718869;;;;;;;;;;;;;;;;;;;;;;;;;;;;;;;;;;;;;;;;;;;;;;;;;;
05:51:45;12;57;9999;095;999;09;111111111111000000000000;000000000000000000000000;11101000;000;_;e;10;100010001100000000000000;____;05;-05;087;011;-05;092;042;0425719856;;;;;;;;;;;;;;;;;;;;;;;;;;;;;;;;;;;;;;;;;;;;;;;;;;
05:52:29;12;58;9999;074;999;09;111111111111000000000000;000000000000000000000000;11101000;000;_;e;10;001111000100000000000000;____;10;016;058;021;013;065;076;0425700864;;;;;;;;;;;;;;;;;;;;;;;;;;;;;;;;;;;;;;;;;;;;;;;;;;
05:53:04;12;59;9999;076;999;09;111111111111000000000000;000000000000000000000000;11101000;000;_;e;10;001111001100000000000000;____;05;047;060;023;030;055;254;0425700865;;;;;;;;;;;;;;;;;;;;;;;;;;;;;;;;;;;;;;;;;;;;;;;;;;
05:53:27;12;60;9999;062;999;09;111111111111000000000000;000000000000000000000000;11101000;000;_;e;10;110000011101000000000000;____;01;035;102;012;013;037;049;0425719858;;;;;;;;;;;;;;;;;;;;;;;;;;;;;;;;;;;;;;;;;;;;;;;;;;
05:54:07;12;61;9999;059;999;09;111111111111000000000000;000000000000000000000000;11101000;000;_;e;10;110000000000000000000000;____;01;030;099;007;030;032;033;0425719860;;;;;;;;;;;;;;;;;;;;;;;;;;;;;;;;;;;;;;;;;;;;;;;;;;
05:54:19;12;62;9999;074;988;09;111111111111000000000000;000000000000000000000000;11101000;000;_;e;10;011100001101000000000000;____;03;-09;072;024;-10;026;109;0425697554;;;;;;;;;;;;;;;;;;;;;;;;;;;;;;;;;;;;;;;;;;;;;;;;;;
05:54:53;12;63;9999;056;999;09;111111111111000000000000;000000000000000000000000;11101000;000;_;e;10;001111010000000000000000;____;04;029;053;023;024;035;056;0425697555;;;;;;;;;;;;;;;;;;;;;;;;;;;;;;;;;;;;;;;;;;;;;;;;;;
05:55:40;12;64;9999;076;999;09;111111111111000000000000;000000000000000000000000;11101000;000;_;e;10;101111001000000000000000;____;04;048;071;032;025;050;068;0425716690;;;;;;;;;;;;;;;;;;;;;;;;;;;;;;;;;;;;;;;;;;;;;;;;;;
05:55:53;12;65;9999;052;999;09;111111111111000000000000;000000000000000000000000;11101000;000;_;e;10;000000110010000000000000;____;07;033;055;009;030;034;037;0425718870;;;;;;;;;;;;;;;;;;;;;;;;;;;;;;;;;;;;;;;;;;;;;;;;;;
05:56:09;12;66;9999;055;999;09;111111111111000000000000;000000000000000000000000;11101000;000;_;e;10;000000000001000000000000;____;12;007;080;004;007;008;029;0425718871;;;;;;;;;;;;;;;;;;;;;;;;;;;;;;;;;;;;;;;;;;;;;;;;;;
05:56:24;12;67;9999;053;999;09;111111111111000000000000;000000000000000000000000;11101000;000;_;e;10;001111001100000000000000;____;10;032;076;037;030;034;079;0425719862;;;;;;;;;;;;;;;;;;;;;;;;;;;;;;;;;;;;;;;;;;;;;;;;;;
05:57:26;12;68;9999;070;999;09;111111111111000000000000;000000000000000000000000;11101000;000;_;e;10;110110001101000000000000;____;02;035;100;020;002;045;070;0425719863;;;;;;;;;;;;;;;;;;;;;;;;;;;;;;;;;;;;;;;;;;;;;;;;;;
05:57:56;12;69;9999;075;999;09;111111111111000000000000;000000000000000000000000;11101000;000;_;e;10;001111001100000000000000;____;03;065;059;019;027;081;046;0425718872;;;;;;;;;;;;;;;;;;;;;;;;;;;;;;;;;;;;;;;;;;;;;;;;;;
05:59:34;12;70;9999;059;999;09;111111111111000000000000;000000000000000000000000;11101000;000;_;e;10;100000000000000000000000;____;01;030;102;010;029;041;024;0425719865;;;;;;;;;;;;;;;;;;;;;;;;;;;;;;;;;;;;;;;;;;;;;;;;;;
06:00:09;12;71;9999;055;999;09;111111111111000000000000;000000000000000000000000;11101000;000;_;e;10;110000001100000000000000;____;01;028;100;022;019;029;029;0425716691;;;;;;;;;;;;;;;;;;;;;;;;;;;;;;;;;;;;;;;;;;;;;;;;;;
06:00:47;12;72;9999;049;999;09;111111111111000000000000;000000000000000000000000;11101000;000;_;e;10;001110001100000000000000;____;04;-06;086;011;-06;022;084;0425716692;;;;;;;;;;;;;;;;;;;;;;;;;;;;;;;;;;;;;;;;;;;;;;;;;;
06:02:32;12;73;9999;041;999;09;111111111111000000000000;000000000000000000000000;11101000;000;_;e;10;001111001001000000000000;____;09;045;068;011;041;045;122;0425718749;;;;;;;;;;;;;;;;;;;;;;;;;;;;;;;;;;;;;;;;;;;;;;;;;;
06:05:02;12;74;9999;066;999;09;111111111111000000000000;000000000000000000000000;11101000;000;_;e;10;010100001101000000000000;____;10;010;084;011;009;022;040;0425700867;;;;;;;;;;;;;;;;;;;;;;;;;;;;;;;;;;;;;;;;;;;;;;;;;;
06:05:10;12;75;9999;064;615;09;111111111111000000000000;000000000000000000000000;11101000;000;_;e;10;111000000000000000000000;____;02;032;099;012;021;033;038;0425720325;;;;;;;;;;;;;;;;;;;;;;;;;;;;;;;;;;;;;;;;;;;;;;;;;;
06:06:18;12;76;9999;056;999;09;111111111111000000000000;000000000000000000000000;11101000;000;_;e;10;001101001101000000000000;____;10;-07;085;013;-08;001;144;0425719051;;;;;;;;;;;;;;;;;;;;;;;;;;;;;;;;;;;;;;;;;;;;;;;;;;
06:07:22;12;77;9999;072;999;09;111111111111000000000000;000000000000000000000000;11101000;000;_;e;10;111001000000000000000000;____;03;036;083;027;036;051;013;0425720326;;;;;;;;;;;;;;;;;;;;;;;;;;;;;;;;;;;;;;;;;;;;;;;;;;
06:07:30;12;78;9999;069;675;09;111111111111000000000000;000000000000000000000000;11101000;000;_;e;10;010000001001000000000000;____;02;044;101;006;039;070;017;0425700868;;;;;;;;;;;;;;;;;;;;;;;;;;;;;;;;;;;;;;;;;;;;;;;;;;
06:08:00;12;79;9999;073;999;09;111111111111000000000000;000000000000000000000000;11101000;000;_;e;10;001001001100000000000000;____;06;003;056;019;001;005;095;0425720513;;;;;;;;;;;;;;;;;;;;;;;;;;;;;;;;;;;;;;;;;;;;;;;;;;
06:08:08;12;80;9999;075;617;09;111111111111000000000000;000000000000000000000000;11101000;000;_;e;10;000011011000000000000000;____;05;011;058;029;005;017;052;0425720515;;;;;;;;;;;;;;;;;;;;;;;;;;;;;;;;;;;;;;;;;;;;;;;;;;
06:09:20;12;81;9999;072;999;09;111111111111000000000000;000000000000000000000000;11101000;000;_;e;10;011000000001000000000000;____;03;050;088;020;012;050;015;0425718753;;;;;;;;;;;;;;;;;;;;;;;;;;;;;;;;;;;;;;;;;;;;;;;;;;
06:10:09;12;82;9999;057;999;09;111111111111000000000000;000000000000000000000000;11101000;000;_;e;10;001000001001000000000000;____;09;065;082;005;049;065;039;0425720328;;;;;;;;;;;;;;;;;;;;;;;;;;;;;;;;;;;;;;;;;;;;;;;;;;
06:11:03;12;83;9999;076;999;09;111111111111000000000000;000000000000000000000000;11101000;000;_;e;10;011111001100000000000000;____;04;046;059;041;-02;047;064;0425718874;;;;;;;;;;;;;;;;;;;;;;;;;;;;;;;;;;;;;;;;;;;;;;;;;;
06:12:07;12;84;9999;051;999;09;111111111111000000000000;000000000000000000000000;11101000;000;_;e;10;000011111101000000000000;____;12;018;059;004;-08;020;110;0425720519;;;;;;;;;;;;;;;;;;;;;;;;;;;;;;;;;;;;;;;;;;;;;;;;;;
06:12:46;12;85;9999;043;999;09;111111111111000000000000;000000000000000000000000;11101000;000;_;e;10;110000000000000000000000;____;01;018;103;010;016;023;058;0425720520;;;;;;;;;;;;;;;;;;;;;;;;;;;;;;;;;;;;;;;;;;;;;;;;;;
06:13:59;12;86;9999;074;999;09;111111111111000000000000;000000000000000000000000;11101000;000;_;e;10;101000011001000000000000;____;01;070;080;011;063;072;048;0425718757;;;;;;;;;;;;;;;;;;;;;;;;;;;;;;;;;;;;;;;;;;;;;;;;;;
06:14:31;12;87;9999;075;999;09;111111111111000000000000;000000000000000000000000;11101000;000;_;e;10;000110100100000000000000;____;05;023;057;028;023;047;050;0425718760;;;;;;;;;;;;;;;;;;;;;;;;;;;;;;;;;;;;;;;;;;;;;;;;;;
06:15:40;12;88;9999;075;999;09;111111111111000000000000;000000000000000000000000;11101000;000;_;e;10;001111000100000000000000;____;05;036;070;031;017;042;117;0425697559;;;;;;;;;;;;;;;;;;;;;;;;;;;;;;;;;;;;;;;;;;;;;;;;;;
06:16:01;12;89;9999;056;999;09;111111111111000000000000;000000000000000000000000;11101000;000;_;e;10;110000000101000000000000;____;01;025;104;008;003;026;052;0425718762;;;;;;;;;;;;;;;;;;;;;;;;;;;;;;;;;;;;;;;;;;;;;;;;;;
06:16:49;12;90;9999;084;999;09;111111111111000000000000;000000000000000000000000;11101000;000;_;e;10;001111001100000000000000;____;04;049;054;034;009;049;103;0425719055;;;;;;;;;;;;;;;;;;;;;;;;;;;;;;;;;;;;;;;;;;;;;;;;;;
06:17:51;12;91;9999;061;999;09;111111111111000000000000;000000000000000000000000;11101000;000;_;e;10;000010000001000000000000;____;12;058;074;004;035;058;018;0425700875;;;;;;;;;;;;;;;;;;;;;;;;;;;;;;;;;;;;;;;;;;;;;;;;;;
06:18:05;12;92;9999;073;999;09;111111111111000000000000;000000000000000000000000;11101000;000;_;e;10;000011110000000000000000;____;07;054;048;013;050;055;041;0425718761;;;;;;;;;;;;;;;;;;;;;;;;;;;;;;;;;;;;;;;;;;;;;;;;;;
06:18:09;12;93;9999;053;285;09;111111111111000000000000;000000000000000000000000;11101000;000;_;e;10;000110001001000000000000;____;12;-06;074;004;-06;023;020;0425720334;;;;;;;;;;;;;;;;;;;;;;;;;;;;;;;;;;;;;;;;;;;;;;;;;;
06:19:38;12;94;9999;052;999;09;111111111111000000000000;000000000000000000000000;11101000;000;_;e;10;001100000100000000000000;____;04;023;078;038;022;026;037;0425697561;;;;;;;;;;;;;;;;;;;;;;;;;;;;;;;;;;;;;;;;;;;;;;;;;;
06:19:43;12;95;9999;062;317;09;111111111111000000000000;000000000000000000000000;11101000;000;_;e;10;001111001100000000000000;____;10;005;067;025;002;011;119;0425697560;;;;;;;;;;;;;;;;;;;;;;;;;;;;;;;;;;;;;;;;;;;;;;;;;;
06:20:03;12;96;9999;074;999;09;111111111111000000000000;000000000000000000000000;11101000;000;_;e;10;001010000100000000000000;____;03;032;063;031;032;036;065;0425719057;;;;;;;;;;;;;;;;;;;;;;;;;;;;;;;;;;;;;;;;;;;;;;;;;;
06:20:25;12;97;9999;055;999;09;111111111111000000000000;000000000000000000000000;11101000;000;_;e;10;001111001100000000000000;____;03;024;084;041;022;028;038;0425719881;;;;;;;;;;;;;;;;;;;;;;;;;;;;;;;;;;;;;;;;;;;;;;;;;;
06:20:41;12;98;9999;058;999;09;111111111111000000000000;000000000000000000000000;11101000;000;_;e;10;100100000101000000000000;____;10;001;081;009;-03;027;075;0425720522;;;;;;;;;;;;;;;;;;;;;;;;;;;;;;;;;;;;;;;;;;;;;;;;;;
06:21:25;12;99;9999;059;999;09;111111111111000000000000;000000000000000000000000;11101000;000;_;e;10;000100001100000000000000;____;10;-02;072;020;-10;020;054;0425720337;;;;;;;;;;;;;;;;;;;;;;;;;;;;;;;;;;;;;;;;;;;;;;;;;;
06:21:54;12;01;9999;069;999;08;111111111111000000000000;000000000000000000000000;11101000;000;_;e;10;110000000000000000000000;____;01;029;086;046;029;037;050;0425718766;;;;;;;;;;;;;;;;;;;;;;;;;;;;;;;;;;;;;;;;;;;;;;;;;;
06:22:45;12;02;9999;052;999;09;111111111111000000000000;000000000000000000000000;11101000;000;_;e;10;000011100000000000000000;____;07;031;054;007;028;032;052;0425718767;;;;;;;;;;;;;;;;;;;;;;;;;;;;;;;;;;;;;;;;;;;;;;;;;;
06:23:03;12;03;9999;078;999;09;111111111111000000000000;000000000000000000000000;11101000;000;_;e;10;000110001100000000000000;____;04;046;062;029;042;047;098;0425720338;;;;;;;;;;;;;;;;;;;;;;;;;;;;;;;;;;;;;;;;;;;;;;;;;;
06:23:07;12;04;9999;056;268;09;111111111111000000000000;000000000000000000000000;11101000;000;_;e;10;001110001101000000000000;____;10;-09;083;007;-11;027;180;0425719884;;;;;;;;;;;;;;;;;;;;;;;;;;;;;;;;;;;;;;;;;;;;;;;;;;
06:23:36;12;05;9999;077;999;09;111111111111000000000000;000000000000000000000000;11101000;000;_;e;10;000011001000000000000000;____;09;048;074;038;012;048;018;0425718768;;;;;;;;;;;;;;;;;;;;;;;;;;;;;;;;;;;;;;;;;;;;;;;;;;
06:24:41;12;06;9999;075;999;09;111111111111000000000000;000000000000000000000000;11101000;000;_;e;10;011111000100000000000000;____;06;043;059;027;032;046;060;0425718880;;;;;;;;;;;;;;;;;;;;;;;;;;;;;;;;;;;;;;;;;;;;;;;;;;
06:24:44;12;07;9999;006;222;09;111111111111000000000000;000000000000000000000000;11101000;000;_;e;10;000010000001000000000000;____;12;008;079;004;008;012;055;0425700877;;;;;;;;;;;;;;;;;;;;;;;;;;;;;;;;;;;;;;;;;;;;;;;;;;
06:24:45;12;08;9999;056;015;09;111111111111000000000000;000000000000000000000000;11101000;000;_;e;10;001100000100000000000000;____;10;-07;081;008;-07;-05;078;0425700877;;;;;;;;;;;;;;;;;;;;;;;;;;;;;;;;;;;;;;;;;;;;;;;;;;
06:24:49;12;09;9999;064;301;09;111111111111000000000000;000000000000000000000000;11101000;000;_;e;10;110000000100000000000000;____;01;034;100;010;000;036;061;0425720339;;;;;;;;;;;;;;;;;;;;;;;;;;;;;;;;;;;;;;;;;;;;;;;;;;
06:24:58;12;10;9999;051;689;08;111111111111000000000000;000000000000000000000000;11101000;000;_;e;10;000000001001000000000000;____;09;051;067;021;048;052;037;0425716699;;;;;;;;;;;;;;;;;;;;;;;;;;;;;;;;;;;;;;;;;;;;;;;;;;
06:25:22;12;11;9999;075;999;09;111111111111000000000000;000000000000000000000000;11101000;000;_;e;10;000011111100000000000000;____;05;045;062;026;030;050;092;0425718881;;;;;;;;;;;;;;;;;;;;;;;;;;;;;;;;;;;;;;;;;;;;;;;;;;
06:25:32;12;12;9999;064;725;09;111111111111000000000000;000000000000000000000000;11101000;000;_;e;10;110000001100000000000000;____;01;028;101;014;023;031;043;0425719887;;;;;;;;;;;;;;;;;;;;;;;;;;;;;;;;;;;;;;;;;;;;;;;;;;
06:28:56;12;13;9999;079;999;09;111111111111000000000000;000000000000000000000000;11101000;000;_;e;10;100101100000000000000000;____;04;035;056;044;031;039;033;0425697563;;;;;;;;;;;;;;;;;;;;;;;;;;;;;;;;;;;;;;;;;;;;;;;;;;
06:29:51;12;14;9999;075;999;09;111111111111000000000000;000000000000000000000000;11101000;000;_;e;10;110000001000000000000000;____;01;042;098;006;040;068;071;0425719888;;;;;;;;;;;;;;;;;;;;;;;;;;;;;;;;;;;;;;;;;;;;;;;;;;
06:30:58;12;15;9999;059;999;09;111111111111000000000000;000000000000000000000000;11101000;000;_;e;10;010101111000000000000000;____;02;034;099;023;028;042;068;0425718884;;;;;;;;;;;;;;;;;;;;;;;;;;;;;;;;;;;;;;;;;;;;;;;;;;
06:31:29;12;16;9999;054;999;09;111111111111000000000000;000000000000000000000000;11101000;000;_;e;10;110100001100000000000000;____;01;012;098;017;007;031;055;0425700878;;;;;;;;;;;;;;;;;;;;;;;;;;;;;;;;;;;;;;;;;;;;;;;;;;
06:31:33;12;17;9999;075;310;09;111111111111000000000000;000000000000000000000000;11010000;000;_;;;;;;;;;;;;;;;;;;;;;;;;;;;;;;;;;;;;;;;;;;;;;;;;;;;;;;;;;;;;;;
06:33:40;12;18;9999;075;999;09;111111111111000000000000;000000000000000000000000;11101000;000;_;e;10;000011000100000000000000;____;10;005;060;019;004;042;066;0425718771;;;;;;;;;;;;;;;;;;;;;;;;;;;;;;;;;;;;;;;;;;;;;;;;;;
06:33:46;12;19;9999;073;464;09;111111111111000000000000;000000000000000000000000;11101000;000;_;e;10;000000001100000000000000;____;10;012;083;031;011;015;009;0425700880;;;;;;;;;;;;;;;;;;;;;;;;;;;;;;;;;;;;;;;;;;;;;;;;;;
06:34:02;12;20;9999;055;999;08;111111111111000000000000;000000000000000000000000;11101000;000;_;e;10;000111001100000000000000;____;04;052;036;009;012;053;126;0425720528;;;;;;;;;;;;;;;;;;;;;;;;;;;;;;;;;;;;;;;;;;;;;;;;;;
06:34:07;12;21;9999;072;264;07;111111111111000000000000;000000000000000000000000;11101000;000;_;e;10;110110000000000000000000;____;02;039;100;026;017;039;036;0425719889;;;;;;;;;;;;;;;;;;;;;;;;;;;;;;;;;;;;;;;;;;;;;;;;;;
06:34:44;12;22;9999;055;999;09;111111111111000000000000;000000000000000000000000;11101000;000;_;e;10;001100001100000000000000;____;10;066;080;022;064;075;094;0425721057;;;;;;;;;;;;;;;;;;;;;;;;;;;;;;;;;;;;;;;;;;;;;;;;;;
06:35:01;12;23;9999;076;999;09;111111111111000000000000;000000000000000000000000;11101000;000;_;e;10;000001000000000000000000;____;06;017;052;015;017;017;037;0425720341;;;;;;;;;;;;;;;;;;;;;;;;;;;;;;;;;;;;;;;;;;;;;;;;;;
06:35:27;12;24;9999;060;999;09;111111111111000000000000;000000000000000000000000;11101000;000;_;e;10;000110110100000000000000;____;04;041;050;013;038;042;108;0425720442;;;;;;;;;;;;;;;;;;;;;;;;;;;;;;;;;;;;;;;;;;;;;;;;;;
06:36:52;12;25;9999;056;999;09;111111111111000000000000;000000000000000000000000;11101000;000;_;e;10;000000001100000000000000;____;10;019;086;027;019;022;009;0425721058;;;;;;;;;;;;;;;;;;;;;;;;;;;;;;;;;;;;;;;;;;;;;;;;;;
06:37:05;12;26;9999;074;999;09;111111111111000000000000;000000000000000000000000;11101000;000;_;e;10;001111001100000000000000;____;10;071;071;021;042;081;112;0425718774;;;;;;;;;;;;;;;;;;;;;;;;;;;;;;;;;;;;;;;;;;;;;;;;;;
06:37:17;12;27;9999;074;962;09;111111111111000000000000;000000000000000000000000;11101000;000;_;e;10;111100000000000000000000;____;04;040;091;026;037;041;089;0425719890;;;;;;;;;;;;;;;;;;;;;;;;;;;;;;;;;;;;;;;;;;;;;;;;;;
06:37:29;12;28;9999;055;957;09;111111111111000000000000;000000000000000000000000;11101000;000;_;e;10;011111001100000000000000;____;09;052;076;026;049;055;122;0425719892;;;;;;;;;;;;;;;;;;;;;;;;;;;;;;;;;;;;;;;;;;;;;;;;;;
06:37:57;12;29;9999;060;999;09;111111111111000000000000;000000000000000000000000;11101000;000;_;e;10;010001001000000000000000;____;09;069;074;012;036;070;037;0425718775;;;;;;;;;;;;;;;;;;;;;;;;;;;;;;;;;;;;;;;;;;;;;;;;;;
06:39:42;12;30;9999;075;999;09;111111111111000000000000;000000000000000000000000;11101000;000;_;e;10;111000000101000000000000;____;10;038;098;035;037;041;041;0425721059;;;;;;;;;;;;;;;;;;;;;;;;;;;;;;;;;;;;;;;;;;;;;;;;;;
06:39:45;12;31;9999;056;236;09;111111111111000000000000;000000000000000000000000;11101000;000;_;e;10;110000000000000000000000;____;02;032;101;009;032;034;039;0425720529;;;;;;;;;;;;;;;;;;;;;;;;;;;;;;;;;;;;;;;;;;;;;;;;;;
06:40:16;12;32;9999;060;999;09;111111111111000000000000;000000000000000000000000;11101000;000;_;e;10;011100001001000000000000;____;09;001;081;019;-01;026;090;0425718776;;;;;;;;;;;;;;;;;;;;;;;;;;;;;;;;;;;;;;;;;;;;;;;;;;
06:41:41;12;33;9999;075;999;09;111111111111000000000000;000000000000000000000000;11101000;000;_;e;10;000000000101000000000000;____;10;001;078;026;-02;001;022;0425720530;;;;;;;;;;;;;;;;;;;;;;;;;;;;;;;;;;;;;;;;;;;;;;;;;;
06:41:45;12;34;9999;059;255;09;111111111111000000000000;000000000000000000000000;11101000;000;_;e;10;000100001100000000000000;____;10;005;078;017;-01;024;061;0425719893;;;;;;;;;;;;;;;;;;;;;;;;;;;;;;;;;;;;;;;;;;;;;;;;;;
06:42:28;12;35;9999;078;999;08;111111111111000000000000;000000000000000000000000;11101000;000;_;e;10;110000000000000000000000;____;01;045;099;011;043;065;050;0425720531;;;;;;;;;;;;;;;;;;;;;;;;;;;;;;;;;;;;;;;;;;;;;;;;;;
06:43:11;12;36;9999;074;999;09;111111111111000000000000;000000000000000000000000;11101000;000;_;e;10;000111000100000000000000;____;05;041;056;026;040;045;070;0425720533;;;;;;;;;;;;;;;;;;;;;;;;;;;;;;;;;;;;;;;;;;;;;;;;;;
06:43:28;12;37;9999;079;999;09;111111111111000000000000;000000000000000000000000;11101000;000;_;e;10;000111101100000000000000;____;05;039;052;034;038;042;111;0425700885;;;;;;;;;;;;;;;;;;;;;;;;;;;;;;;;;;;;;;;;;;;;;;;;;;
06:43:43;12;38;9999;051;999;09;111111111111000000000000;000000000000000000000000;11101000;000;_;e;10;100100000100000000000000;____;10;-03;080;007;-03;011;063;0425719895;;;;;;;;;;;;;;;;;;;;;;;;;;;;;;;;;;;;;;;;;;;;;;;;;;
06:43:48;12;39;9999;071;359;09;111111111111000000000000;000000000000000000000000;11001000;000;_;e;10;101111001110000000000000;____;04;047;040;023;031;068;098;0425719894;024;089;022;024;040;006;0425569722;;;;;;;;;;;;;;;;;;;;;;;;;;;;;;;;;;;;;;;;;;;
06:43:58;12;40;9999;075;760;09;111111111111000000000000;000000000000000000000000;11101000;000;_;e;10;000011110100000000000000;____;07;046;052;025;041;047;066;0425720537;;;;;;;;;;;;;;;;;;;;;;;;;;;;;;;;;;;;;;;;;;;;;;;;;;
06:44:30;12;41;9999;072;999;09;111111111111000000000000;000000000000000000000000;11101000;000;_;e;10;111000000001000000000000;____;01;042;093;011;011;042;059;0425719896;;;;;;;;;;;;;;;;;;;;;;;;;;;;;;;;;;;;;;;;;;;;;;;;;;
06:44:48;12;42;9999;061;999;09;111111111111000000000000;000000000000000000000000;11101000;000;_;e;10;000000000001000000000000;____;12;059;080;004;057;059;028;0425720535;;;;;;;;;;;;;;;;;;;;;;;;;;;;;;;;;;;;;;;;;;;;;;;;;;
06:45:18;12;43;9999;067;999;09;111111111111000000000000;000000000000000000000000;11101000;000;_;e;10;011000001101000000000000;____;03;028;093;-02;-02;031;037;0425719897;;;;;;;;;;;;;;;;;;;;;;;;;;;;;;;;;;;;;;;;;;;;;;;;;;
06:47:38;12;44;9999;058;999;09;111111111111000000000000;000000000000000000000000;11101000;000;_;e;10;001110100100000000000000;____;10;003;085;025;-04;028;063;0425718777;;;;;;;;;;;;;;;;;;;;;;;;;;;;;;;;;;;;;;;;;;;;;;;;;;
06:48:16;12;45;9999;069;999;09;111111111111000000000000;000000000000000000000000;11101000;000;_;e;10;000100000100000000000000;____;10;-04;080;010;-05;-03;053;0425700887;;;;;;;;;;;;;;;;;;;;;;;;;;;;;;;;;;;;;;;;;;;;;;;;;;
06:48:29;12;46;9999;058;996;09;111111111111000000000000;000000000000000000000000;11101000;000;_;e;10;001001100011000000000000;____;12;-01;066;004;-01;030;028;0425718778;;;;;;;;;;;;;;;;;;;;;;;;;;;;;;;;;;;;;;;;;;;;;;;;;;
06:48:56;12;47;9999;075;999;09;111111111111000000000000;000000000000000000000000;11101000;000;_;e;10;011000001100000000000000;____;03;048;101;030;046;049;046;0425700888;;;;;;;;;;;;;;;;;;;;;;;;;;;;;;;;;;;;;;;;;;;;;;;;;;
06:49:04;12;48;9999;092;607;09;111111111111000000000000;000000000000000000000000;11101000;000;_;e;10;111000001100000000000000;____;01;071;081;011;053;074;082;0425718779;;;;;;;;;;;;;;;;;;;;;;;;;;;;;;;;;;;;;;;;;;;;;;;;;;
06:49:20;12;49;9999;059;999;09;111111111111000000000000;000000000000000000000000;11010000;000;_;;;;;;;;;;;;;;;;;;;;;;;;;;;;;;;;;;;;;;;;;;;;;;;;;;;;;;;;;;;;;;
06:49:29;12;50;9999;070;705;09;111111111111000000000000;000000000000000000000000;11101000;000;_;e;10;011111001101000000000000;____;03;-07;063;011;-08;013;206;0425720542;;;;;;;;;;;;;;;;;;;;;;;;;;;;;;;;;;;;;;;;;;;;;;;;;;
06:49:34;12;51;9999;066;376;09;111111111111000000000000;000000000000000000000000;11101000;000;_;e;10;000100000101000000000000;____;10;007;083;005;-02;007;044;0425720346;;;;;;;;;;;;;;;;;;;;;;;;;;;;;;;;;;;;;;;;;;;;;;;;;;
06:50:36;12;52;9999;048;999;09;111111111111000000000000;000000000000000000000000;11101000;000;_;e;10;110000000000000000000000;____;01;030;101;008;026;030;055;0425718781;;;;;;;;;;;;;;;;;;;;;;;;;;;;;;;;;;;;;;;;;;;;;;;;;;
06:51:21;12;53;9999;080;999;09;111111111111000000000000;000000000000000000000000;11101000;000;_;e;10;001111001100000000000000;____;09;041;080;027;033;041;148;0425720544;;;;;;;;;;;;;;;;;;;;;;;;;;;;;;;;;;;;;;;;;;;;;;;;;;
06:51:29;12;54;9999;079;605;09;111111111111000000000000;000000000000000000000000;11101000;000;_;e;10;011101000000000000000000;____;02;038;088;018;036;048;065;0425700889;;;;;;;;;;;;;;;;;;;;;;;;;;;;;;;;;;;;;;;;;;;;;;;;;;
06:51:36;12;55;9999;052;576;09;111111111111000000000000;000000000000000000000000;11101000;000;_;e;10;101000000001000000000000;____;01;025;099;006;023;035;051;0425721062;;;;;;;;;;;;;;;;;;;;;;;;;;;;;;;;;;;;;;;;;;;;;;;;;;
06:52:32;12;56;9999;076;999;09;111111111111000000000000;000000000000000000000000;11101000;000;_;e;10;001111010100000000000000;____;05;028;060;035;028;032;122;0425700890;;;;;;;;;;;;;;;;;;;;;;;;;;;;;;;;;;;;;;;;;;;;;;;;;;
06:52:48;12;57;9999;055;999;09;111111111111000000000000;000000000000000000000000;11101000;000;_;e;10;101110001101000000000000;____;09;003;084;011;-13;032;096;0425697568;;;;;;;;;;;;;;;;;;;;;;;;;;;;;;;;;;;;;;;;;;;;;;;;;;
06:53:27;12;58;9999;064;999;09;111111111111000000000000;000000000000000000000000;11101000;000;_;e;10;101001001001000000000000;____;09;065;080;003;040;067;082;0425721064;;;;;;;;;;;;;;;;;;;;;;;;;;;;;;;;;;;;;;;;;;;;;;;;;;
06:53:53;12;59;9999;064;999;09;111111111111000000000000;000000000000000000000000;11101000;000;_;e;10;110010001100000000000000;____;01;029;099;027;-15;057;053;0425697569;;;;;;;;;;;;;;;;;;;;;;;;;;;;;;;;;;;;;;;;;;;;;;;;;;
06:54:56;12;60;9999;062;999;09;111111111111000000000000;000000000000000000000000;11101000;000;_;e;10;110000000100000000000000;____;01;037;101;010;002;037;062;0425697571;;;;;;;;;;;;;;;;;;;;;;;;;;;;;;;;;;;;;;;;;;;;;;;;;;
06:55:26;12;61;9999;065;999;09;111111111111000000000000;000000000000000000000000;11101000;000;_;e;10;101111001100000000000000;____;09;034;082;045;026;036;145;0425720545;;;;;;;;;;;;;;;;;;;;;;;;;;;;;;;;;;;;;;;;;;;;;;;;;;
06:55:40;12;62;9999;070;999;09;111111111111000000000000;000000000000000000000000;11101000;000;_;e;10;000100000100000000000000;____;10;-01;077;009;-01;004;028;0425697572;;;;;;;;;;;;;;;;;;;;;;;;;;;;;;;;;;;;;;;;;;;;;;;;;;
06:56:09;12;63;9999;082;999;08;111111111111000000000000;000000000000000000000000;11101000;000;_;e;10;001001000100000000000000;____;06;060;085;037;052;060;045;0425719898;;;;;;;;;;;;;;;;;;;;;;;;;;;;;;;;;;;;;;;;;;;;;;;;;;
06:57:18;12;64;9999;067;999;09;111111111111000000000000;000000000000000000000000;11101000;000;_;e;10;110000100000000000000000;____;02;030;075;046;026;031;038;0425697573;;;;;;;;;;;;;;;;;;;;;;;;;;;;;;;;;;;;;;;;;;;;;;;;;;
06:57:42;12;65;9999;067;999;09;111111111111000000000000;000000000000000000000000;11101000;000;_;e;10;110000000000000000000000;____;01;029;102;012;029;031;063;0425719073;;;;;;;;;;;;;;;;;;;;;;;;;;;;;;;;;;;;;;;;;;;;;;;;;;
06:57:46;12;66;9999;076;319;09;111111111111000000000000;000000000000000000000000;11101000;000;_;e;10;010000000001000000000000;____;12;001;071;004;-05;001;020;0425719899;;;;;;;;;;;;;;;;;;;;;;;;;;;;;;;;;;;;;;;;;;;;;;;;;;
06:57:50;12;67;9999;063;256;09;111111111111000000000000;000000000000000000000000;11101000;000;_;e;10;001001000001000000000000;____;12;007;082;004;006;030;016;0425720348;;;;;;;;;;;;;;;;;;;;;;;;;;;;;;;;;;;;;;;;;;;;;;;;;;
06:57:55;12;68;9999;081;303;08;111111111111000000000000;000000000000000000000000;11101000;000;_;e;10;110000000000000000000000;____;01;050;101;011;046;050;039;0425720546;;;;;;;;;;;;;;;;;;;;;;;;;;;;;;;;;;;;;;;;;;;;;;;;;;
06:59:16;12;69;9999;059;999;09;111111111111000000000000;000000000000000000000000;11101000;000;_;e;10;110000000100000000000000;____;01;004;099;014;004;046;047;0425720547;;;;;;;;;;;;;;;;;;;;;;;;;;;;;;;;;;;;;;;;;;;;;;;;;;
07:00:12;12;70;9999;064;999;09;111111111111000000000000;000000000000000000000000;11101000;000;_;e;10;110000000000000000000000;____;01;038;101;010;037;038;061;0425721065;;;;;;;;;;;;;;;;;;;;;;;;;;;;;;;;;;;;;;;;;;;;;;;;;;
07:00:21;12;71;9999;060;697;09;111111111111000000000000;000000000000000000000000;11101000;000;_;e;10;000000110000000000000000;____;08;040;045;004;022;040;008;0425721772;;;;;;;;;;;;;;;;;;;;;;;;;;;;;;;;;;;;;;;;;;;;;;;;;;
07:00:33;12;72;9999;078;990;09;111111111111000000000000;000000000000000000000000;11101000;000;_;e;10;111000000100000000000000;____;01;038;100;021;009;040;059;0425700896;;;;;;;;;;;;;;;;;;;;;;;;;;;;;;;;;;;;;;;;;;;;;;;;;;
07:00:41;12;73;9999;077;617;09;111111111111000000000000;000000000000000000000000;11101000;000;_;e;10;011100001100000000000000;____;02;043;099;022;030;073;038;0425718890;;;;;;;;;;;;;;;;;;;;;;;;;;;;;;;;;;;;;;;;;;;;;;;;;;
07:00:49;12;74;9999;057;593;09;111111111111000000000000;000000000000000000000000;11101000;000;_;e;10;110010011100000000000000;____;10;004;079;018;000;026;056;0425721344;;;;;;;;;;;;;;;;;;;;;;;;;;;;;;;;;;;;;;;;;;;;;;;;;;
07:01:03;12;75;9999;059;999;09;111111111111000000000000;000000000000000000000000;11101000;000;_;e;10;011000100000000000000000;____;03;046;090;046;035;053;025;0425721773;;;;;;;;;;;;;;;;;;;;;;;;;;;;;;;;;;;;;;;;;;;;;;;;;;
07:03:02;12;76;9999;075;999;09;111111111111000000000000;000000000000000000000000;11101000;000;_;e;10;001100001100000000000000;____;04;037;083;017;027;039;060;0425721066;;;;;;;;;;;;;;;;;;;;;;;;;;;;;;;;;;;;;;;;;;;;;;;;;;
07:03:53;12;77;9999;055;999;09;111111111111000000000000;000000000000000000000000;11010000;000;_;;;;;;;;;;;;;;;;;;;;;;;;;;;;;;;;;;;;;;;;;;;;;;;;;;;;;;;;;;;;;;
07:04:31;12;78;9999;074;999;09;111111111111000000000000;000000000000000000000000;11101000;000;_;e;10;001011010100000000000000;____;03;037;062;042;035;042;095;0425720349;;;;;;;;;;;;;;;;;;;;;;;;;;;;;;;;;;;;;;;;;;;;;;;;;;
07:04:44;12;79;9999;054;957;09;111111111111000000000000;000000000000000000000000;11101000;000;_;e;10;010100000100000000000000;____;10;-01;080;019;-01;019;061;0425720548;;;;;;;;;;;;;;;;;;;;;;;;;;;;;;;;;;;;;;;;;;;;;;;;;;
07:05:14;12;80;9999;075;999;09;111111111111000000000000;000000000000000000000000;11101000;000;_;e;10;110111111100000000000000;____;05;040;068;041;036;044;169;0425720350;;;;;;;;;;;;;;;;;;;;;;;;;;;;;;;;;;;;;;;;;;;;;;;;;;
07:06:59;12;81;9999;049;999;09;111111111111000000000000;000000000000000000000000;11101000;000;_;e;10;000000101010000000000000;____;07;026;048;013;018;027;035;0425721781;;;;;;;;;;;;;;;;;;;;;;;;;;;;;;;;;;;;;;;;;;;;;;;;;;
07:07:04;12;82;9999;076;351;09;111111111111000000000000;000000000000000000000000;11101000;000;_;e;10;001110001100000000000000;____;03;053;074;036;051;058;103;0425719079;;;;;;;;;;;;;;;;;;;;;;;;;;;;;;;;;;;;;;;;;;;;;;;;;;
07:09:10;12;83;9999;057;999;09;111111111111000000000000;000000000000000000000000;11101000;000;_;e;10;001111101101000000000000;____;10;024;054;012;016;038;171;0425721539;;;;;;;;;;;;;;;;;;;;;;;;;;;;;;;;;;;;;;;;;;;;;;;;;;
07:09:29;12;84;9999;068;999;09;111111111111000000000000;000000000000000000000000;11101000;000;_;e;10;001111000100000000000000;____;03;031;068;049;030;034;053;0425720552;;;;;;;;;;;;;;;;;;;;;;;;;;;;;;;;;;;;;;;;;;;;;;;;;;
07:09:38;12;85;9999;050;772;09;111111111111000000000000;000000000000000000000000;11101000;000;_;e;10;110011110000000000000000;____;02;059;087;021;052;063;051;0425721782;;;;;;;;;;;;;;;;;;;;;;;;;;;;;;;;;;;;;;;;;;;;;;;;;;
07:13:18;12;86;9999;081;999;08;111111111111000000000000;000000000000000000000000;11101000;000;_;e;10;010000000000000000000000;____;02;043;100;019;043;045;008;0425720554;;;;;;;;;;;;;;;;;;;;;;;;;;;;;;;;;;;;;;;;;;;;;;;;;;
07:14:32;12;87;9999;089;999;08;111111111111000000000000;000000000000000000000000;11101000;000;_;e;10;011001000101000000000000;____;03;049;066;030;010;049;017;0425721544;;;;;;;;;;;;;;;;;;;;;;;;;;;;;;;;;;;;;;;;;;;;;;;;;;
07:15:45;12;88;9999;076;999;09;111111111111000000000000;000000000000000000000000;11001000;000;_;e;10;001101001001000000000000;____;04;044;069;036;016;045;038;0425721542;019;070;004;016;042;028;0050119315;;;;;;;;;;;;;;;;;;;;;;;;;;;;;;;;;;;;;;;;;;;
07:16:05;12;89;9999;070;999;09;111111111111000000000000;000000000000000000000000;11101000;000;_;e;10;001111001100000000000000;____;10;-05;079;009;-08;020;141;0425697578;;;;;;;;;;;;;;;;;;;;;;;;;;;;;;;;;;;;;;;;;;;;;;;;;;
07:17:00;12;90;9999;072;999;09;111111111111000000000000;000000000000000000000000;11101000;000;_;e;10;101100001000000000000000;____;03;032;101;030;019;033;040;0425697579;;;;;;;;;;;;;;;;;;;;;;;;;;;;;;;;;;;;;;;;;;;;;;;;;;
07:17:59;12;91;9999;064;999;09;111111111111000000000000;000000000000000000000000;11101000;000;_;e;10;110111001100000000000000;____;02;029;098;023;017;035;103;0425697580;;;;;;;;;;;;;;;;;;;;;;;;;;;;;;;;;;;;;;;;;;;;;;;;;;
07:20:16;12;92;9999;076;999;09;111111111111000000000000;000000000000000000000000;11101000;000;_;e;10;001011000100000000000000;____;03;039;046;018;038;049;084;0425697583;;;;;;;;;;;;;;;;;;;;;;;;;;;;;;;;;;;;;;;;;;;;;;;;;;
07:23:34;12;93;9999;073;999;09;111111111111000000000000;000000000000000000000000;11101000;000;_;e;10;100110001101000000000000;____;05;-02;032;090;-02;041;051;0425697584;;;;;;;;;;;;;;;;;;;;;;;;;;;;;;;;;;;;;;;;;;;;;;;;;;
07:28:20;12;94;9999;056;999;09;111111111111000000000000;000000000000000000000000;11101000;000;_;e;10;010000001100000000000000;____;09;028;089;006;028;039;014;0425721790;;;;;;;;;;;;;;;;;;;;;;;;;;;;;;;;;;;;;;;;;;;;;;;;;;
07:30:02;12;95;9999;068;999;09;111111111111000000000000;000000000000000000000000;11101000;000;_;e;10;101110000100000000000000;____;05;-10;026;096;-10;040;083;0425721794;;;;;;;;;;;;;;;;;;;;;;;;;;;;;;;;;;;;;;;;;;;;;;;;;;
07:31:19;12;96;9999;066;999;09;111111111111000000000000;000000000000000000000000;11101000;000;_;e;10;000111001100000000000000;____;04;062;048;018;048;063;082;0425721798;;;;;;;;;;;;;;;;;;;;;;;;;;;;;;;;;;;;;;;;;;;;;;;;;;
07:33:01;12;97;9999;079;999;09;111111111111000000000000;000000000000000000000000;11101000;000;_;e;10;010110111000000000000000;____;05;036;056;031;029;052;071;0425719086;;;;;;;;;;;;;;;;;;;;;;;;;;;;;;;;;;;;;;;;;;;;;;;;;;
07:35:08;12;98;9999;069;999;09;111111111111000000000000;000000000000000000000000;11101000;000;_;e;10;000001000000000000000000;____;06;043;049;003;042;043;004;0425721799;;;;;;;;;;;;;;;;;;;;;;;;;;;;;;;;;;;;;;;;;;;;;;;;;;
07:38:14;12;99;9999;065;999;09;111111111111000000000000;000000000000000000000000;11101000;000;_;e;10;110011001100000000000000;____;01;034;099;023;-01;042;052;0425719088;;;;;;;;;;;;;;;;;;;;;;;;;;;;;;;;;;;;;;;;;;;;;;;;;;
08:00:01;12;01;9999;075;999;09;111111111111000000000000;000000000000000000000000;11101000;000;_;e;10;000111101100000000000000;____;05;035;060;028;013;068;090;0425721581;;;;;;;;;;;;;;;;;;;;;;;;;;;;;;;;;;;;;;;;;;;;;;;;;;
08:03:34;12;02;9999;086;999;09;111111111111000000000000;000000000000000000000000;11101000;000;_;e;10;111000001100000000000000;____;10;050;093;027;048;057;107;0425720664;;;;;;;;;;;;;;;;;;;;;;;;;;;;;;;;;;;;;;;;;;;;;;;;;;
08:16:40;12;03;9999;071;999;09;111111111111000000000000;000000000000000000000000;11101000;000;_;e;10;000000100011000000000000;____;11;036;046;004;010;037;032;0425717774;;;;;;;;;;;;;;;;;;;;;;;;;;;;;;;;;;;;;;;;;;;;;;;;;;
08:18:11;12;04;9999;064;999;09;111111111111000000000000;000000000000000000000000;11101000;000;_;e;10;110000000000000000000000;____;01;035;101;008;034;036;055;0425717775;;;;;;;;;;;;;;;;;;;;;;;;;;;;;;;;;;;;;;;;;;;;;;;;;;
08:20:32;12;05;9999;063;999;09;111111111111000000000000;000000000000000000000000;11101000;000;_;e;10;110000001100000000000000;____;02;036;096;005;031;049;040;0425721592;;;;;;;;;;;;;;;;;;;;;;;;;;;;;;;;;;;;;;;;;;;;;;;;;;
08:21:23;12;06;9999;073;999;09;111111111111000000000000;000000000000000000000000;11101000;000;_;e;10;110000001100000000000000;____;01;039;100;020;017;046;056;0425721593;;;;;;;;;;;;;;;;;;;;;;;;;;;;;;;;;;;;;;;;;;;;;;;;;;
08:24:09;12;07;9999;055;999;09;111111111111000000000000;000000000000000000000000;11101000;000;_;e;10;000000001001000000000000;____;09;061;089;013;060;061;018;0425717778;;;;;;;;;;;;;;;;;;;;;;;;;;;;;;;;;;;;;;;;;;;;;;;;;;
08:25:25;12;08;9999;056;999;09;111111111111000000000000;000000000000000000000000;11101000;000;_;e;10;101111001101000000000000;____;09;066;070;009;010;066;235;0425717779;;;;;;;;;;;;;;;;;;;;;;;;;;;;;;;;;;;;;;;;;;;;;;;;;;
08:39:17;12;09;9999;075;999;09;111111111111000000000000;000000000000000000000000;11101000;000;_;e;10;110000000000000000000000;____;01;040;101;014;006;041;037;0425717782;;;;;;;;;;;;;;;;;;;;;;;;;;;;;;;;;;;;;;;;;;;;;;;;;;
08:40:02;12;10;9999;069;999;09;111111111111000000000000;000000000000000000000000;11101000;000;_;e;10;000100001100000000000000;____;10;003;078;024;003;047;047;0425720686;;;;;;;;;;;;;;;;;;;;;;;;;;;;;;;;;;;;;;;;;;;;;;;;;;
08:40:57;12;11;9999;078;999;09;111111111111000000000000;000000000000000000000000;11101000;000;_;e;10;110101000000000000000000;____;01;047;102;032;013;048;075;0425717783;;;;;;;;;;;;;;;;;;;;;;;;;;;;;;;;;;;;;;;;;;;;;;;;;;
08:41:48;12;12;9999;053;999;09;111111111111000000000000;000000000000000000000000;11101000;000;_;e;10;110000000001000000000000;____;01;029;102;008;025;029;077;0425717784;;;;;;;;;;;;;;;;;;;;;;;;;;;;;;;;;;;;;;;;;;;;;;;;;;
08:43:09;12;13;9999;055;999;09;111111111111000000000000;000000000000000000000000;11101000;000;_;e;10;000011000011000000000000;____;11;037;055;004;037;040;038;0425717785;;;;;;;;;;;;;;;;;;;;;;;;;;;;;;;;;;;;;;;;;;;;;;;;;;
09:06:19;12;14;9999;076;999;09;111111111111000000000000;000000000000000000000000;11101000;000;_;e;10;001111001100000000000000;____;09;070;059;024;066;073;114;0425717798;;;;;;;;;;;;;;;;;;;;;;;;;;;;;;;;;;;;;;;;;;;;;;;;;;
10:04:40;12;15;9999;074;999;09;111111111111000000000000;000000000000000000000000;11101000;000;_;e;10;000111011100000000000000;____;05;022;057;035;022;054;160;0425721078;;;;;;;;;;;;;;;;;;;;;;;;;;;;;;;;;;;;;;;;;;;;;;;;;;
10:05:16;12;16;9999;075;999;09;111111111111000000000000;000000000000000000000000;11101000;000;_;e;10;000000001100000000000000;____;10;074;069;021;071;075;043;0425721079;;;;;;;;;;;;;;;;;;;;;;;;;;;;;;;;;;;;;;;;;;;;;;;;;;
11:02:01;12;17;9999;065;999;09;111111111111000000000000;000000000000000000000000;11101000;000;_;e;10;110000000000000000000000;____;01;038;100;010;038;040;065;0425720383;;;;;;;;;;;;;;;;;;;;;;;;;;;;;;;;;;;;;;;;;;;;;;;;;;
11:14:13;12;18;9999;054;999;09;111111111111000000000000;000000000000000000000000;11101000;000;_;e;10;000101000100000000000000;____;10;003;075;021;003;004;063;0425718789;;;;;;;;;;;;;;;;;;;;;;;;;;;;;;;;;;;;;;;;;;;;;;;;;;
11:29:10;12;19;9999;058;999;08;111111111111000000000000;000000000000000000000000;11101000;000;_;e;10;111111001100000000000000;____;09;036;080;024;032;037;185;0425721369;;;;;;;;;;;;;;;;;;;;;;;;;;;;;;;;;;;;;;;;;;;;;;;;;;
11:51:16;12;20;9999;074;999;08;111111111111000000000000;000000000000000000000000;11101000;000;_;e;10;001001010100000000000000;____;10;-01;068;021;-01;035;051;0425720585;;;;;;;;;;;;;;;;;;;;;;;;;;;;;;;;;;;;;;;;;;;;;;;;;;
11:59:26;12;21;9999;075;999;08;111111111111000000000000;000000000000000000000000;11101000;000;_;e;10;100011101000000000000000;____;09;040;061;030;034;041;095;0425697599;;;;;;;;;;;;;;;;;;;;;;;;;;;;;;;;;;;;;;;;;;;;;;;;;;
12:10:19;12;22;9999;075;999;09;111111111111000000000000;000000000000000000000000;11101000;000;_;e;10;011100001100000000000000;____;04;028;083;033;003;034;086;0425720464;;;;;;;;;;;;;;;;;;;;;;;;;;;;;;;;;;;;;;;;;;;;;;;;;;
12:23:23;12;23;9999;063;999;08;111111111111000000000000;000000000000000000000000;11101000;000;_;e;10;011100000100000000000000;____;03;042;100;030;037;043;068;0425694327;;;;;;;;;;;;;;;;;;;;;;;;;;;;;;;;;;;;;;;;;;;;;;;;;;
12:24:19;12;24;9999;075;999;09;111111111111000000000000;000000000000000000000000;11101000;000;_;e;10;001111001100000000000000;____;04;051;051;034;048;053;109;0425694328;;;;;;;;;;;;;;;;;;;;;;;;;;;;;;;;;;;;;;;;;;;;;;;;;;
12:24:53;12;25;9999;060;999;09;111111111111000000000000;000000000000000000000000;11101000;000;_;e;10;100000001100000000000000;____;10;001;070;025;001;016;054;0425726841;;;;;;;;;;;;;;;;;;;;;;;;;;;;;;;;;;;;;;;;;;;;;;;;;;
12:38:17;12;26;9999;053;999;08;111111111111000000000000;000000000000000000000000;11101000;000;_;e;10;001110001111000000000000;____;10;-06;070;010;-07;009;109;0425727815;;;;;;;;;;;;;;;;;;;;;;;;;;;;;;;;;;;;;;;;;;;;;;;;;;
12:39:03;12;27;9999;073;999;08;111111111111000000000000;000000000000000000000000;11101000;000;_;e;10;001010001000000000000000;____;03;-08;064;021;-10;009;021;0425694337;;;;;;;;;;;;;;;;;;;;;;;;;;;;;;;;;;;;;;;;;;;;;;;;;;
12:39:20;12;28;9999;076;999;09;111111111111000000000000;000000000000000000000000;11101000;000;_;e;10;000011100000000000000000;____;05;056;056;019;055;057;067;0425727816;;;;;;;;;;;;;;;;;;;;;;;;;;;;;;;;;;;;;;;;;;;;;;;;;;
13:01:57;12;29;9999;066;999;08;111111111111000000000000;000000000000000000000000;11101000;000;_;e;10;001111001100000000000000;____;04;006;074;026;-05;013;137;0425720483;;;;;;;;;;;;;;;;;;;;;;;;;;;;;;;;;;;;;;;;;;;;;;;;;;
13:03:07;12;30;9999;075;999;09;111111111111000000000000;000000000000000000000000;11101000;000;_;e;10;001100001100000000000000;____;03;041;087;050;024;043;040;0425720484;;;;;;;;;;;;;;;;;;;;;;;;;;;;;;;;;;;;;;;;;;;;;;;;;;
13:16:31;12;31;9999;045;999;09;111111111111000000000000;000000000000000000000000;11101000;000;_;e;10;000010111000000000000000;____;07;028;052;012;021;048;043;0425728504;;;;;;;;;;;;;;;;;;;;;;;;;;;;;;;;;;;;;;;;;;;;;;;;;;
13:17:03;12;32;9999;078;999;09;111111111111000000000000;000000000000000000000000;11001000;000;_;e;10;001000000111000000000000;____;12;015;058;004;014;036;031;0050120162;073;059;008;015;074;016;0425694356;;;;;;;;;;;;;;;;;;;;;;;;;;;;;;;;;;;;;;;;;;;
13:35:45;12;33;9999;074;999;08;111111111111000000000000;000000000000000000000000;11101000;000;_;e;10;011101001100000000000000;____;09;042;077;043;040;047;088;0425694363;;;;;;;;;;;;;;;;;;;;;;;;;;;;;;;;;;;;;;;;;;;;;;;;;;
13:43:17;12;34;9999;063;999;09;111111111111000000000000;000000000000000000000000;11101000;000;_;e;10;110000000000000000000000;____;02;034;095;005;033;035;036;0425728513;;;;;;;;;;;;;;;;;;;;;;;;;;;;;;;;;;;;;;;;;;;;;;;;;;
13:55:44;12;35;9999;067;999;08;111111111111000000000000;000000000000000000000000;11101000;000;_;e;10;000011110010000000000000;____;06;025;027;015;023;049;074;0425728525;;;;;;;;;;;;;;;;;;;;;;;;;;;;;;;;;;;;;;;;;;;;;;;;;;
14:36:53;12;36;9999;058;999;09;111111111111000000000000;000000000000000000000000;11101000;000;_;e;10;000010100101000000000000;____;10;-08;074;006;-12;031;136;0425720393;;;;;;;;;;;;;;;;;;;;;;;;;;;;;;;;;;;;;;;;;;;;;;;;;;
14:38:29;12;37;9999;056;999;09;111111111111000000000000;000000000000000000000000;11101000;000;_;e;10;010000000000000000000000;____;02;033;097;017;033;033;002;0425720394;;;;;;;;;;;;;;;;;;;;;;;;;;;;;;;;;;;;;;;;;;;;;;;;;;
15:19:28;12;38;9999;074;999;08;111111111111000000000000;000000000000000000000000;11101000;000;_;e;10;001001001100000000000000;____;10;-02;072;021;-02;022;060;0425728551;;;;;;;;;;;;;;;;;;;;;;;;;;;;;;;;;;;;;;;;;;;;;;;;;;
15:25:05;12;39;9999;073;999;09;111111111111000000000000;000000000000000000000000;11101000;000;_;e;10;110000000000000000000000;____;01;036;101;014;036;039;034;0425726720;;;;;;;;;;;;;;;;;;;;;;;;;;;;;;;;;;;;;;;;;;;;;;;;;;
15:28:38;12;40;9999;073;999;08;111111111111000000000000;000000000000000000000000;11101000;000;_;e;10;100111001100000000000000;____;10;-01;073;030;-15;038;088;0425726721;;;;;;;;;;;;;;;;;;;;;;;;;;;;;;;;;;;;;;;;;;;;;;;;;;
15:32:29;12;41;9999;073;999;08;111111111111000000000000;000000000000000000000000;11101000;000;_;e;10;110000000000000000000000;____;01;038;098;011;038;038;007;0425726722;;;;;;;;;;;;;;;;;;;;;;;;;;;;;;;;;;;;;;;;;;;;;;;;;;
15:33:21;12;42;9999;073;999;09;111111111111000000000000;000000000000000000000000;11101000;000;_;e;10;001111001110000000000000;____;06;034;040;017;014;038;091;0425726723;;;;;;;;;;;;;;;;;;;;;;;;;;;;;;;;;;;;;;;;;;;;;;;;;;
15:33:46;12;43;9999;066;999;09;111111111111000000000000;000000000000000000000000;11101000;000;_;e;10;100000000000000000000000;____;01;007;098;012;007;007;005;0425726724;;;;;;;;;;;;;;;;;;;;;;;;;;;;;;;;;;;;;;;;;;;;;;;;;;
15:34:37;12;44;9999;076;999;08;111111111111000000000000;000000000000000000000000;11101000;000;_;e;10;111000000000000000000000;____;01;049;093;011;034;055;078;0425726725;;;;;;;;;;;;;;;;;;;;;;;;;;;;;;;;;;;;;;;;;;;;;;;;;;
15:40:59;12;45;9999;076;999;09;111111111111000000000000;000000000000000000000000;11101000;000;_;e;10;000010000100000000000000;____;10;014;052;002;013;025;021;0425720497;;;;;;;;;;;;;;;;;;;;;;;;;;;;;;;;;;;;;;;;;;;;;;;;;;
15:56:17;12;46;9999;065;999;09;111111111111000000000000;000000000000000000000000;11101000;000;_;e;10;001111101101000000000000;____;10;-09;070;012;-12;022;206;0425730414;;;;;;;;;;;;;;;;;;;;;;;;;;;;;;;;;;;;;;;;;;;;;;;;;;
15:57:06;12;47;9999;079;999;08;111111111111000000000000;000000000000000000000000;11101000;000;_;e;10;001111001100000000000000;____;03;041;062;035;039;055;165;0425730416;;;;;;;;;;;;;;;;;;;;;;;;;;;;;;;;;;;;;;;;;;;;;;;;;;
15:57:10;12;48;9999;075;245;09;111111111111000000000000;000000000000000000000000;11101000;000;_;e;10;001110001100000000000000;____;04;053;076;038;047;055;137;0425730415;;;;;;;;;;;;;;;;;;;;;;;;;;;;;;;;;;;;;;;;;;;;;;;;;;
15:57:56;12;49;9999;055;999;09;111111111111000000000000;000000000000000000000000;11101000;000;_;e;10;001101001101000000000000;____;10;-10;070;017;-12;009;196;0425730419;;;;;;;;;;;;;;;;;;;;;;;;;;;;;;;;;;;;;;;;;;;;;;;;;;
16:05:27;12;50;9999;074;999;08;111111111111000000000000;000000000000000000000000;11101000;000;_;e;10;110011111100000000000000;____;07;033;049;033;027;039;125;0425726737;;;;;;;;;;;;;;;;;;;;;;;;;;;;;;;;;;;;;;;;;;;;;;;;;;
16:32:11;12;51;9999;058;999;09;111111111111000000000000;000000000000000000000000;11101000;000;_;e;10;000000010010000000000000;____;11;002;048;004;001;040;023;0425726743;;;;;;;;;;;;;;;;;;;;;;;;;;;;;;;;;;;;;;;;;;;;;;;;;;
16:37:09;12;52;9999;076;999;08;111111111111000000000000;000000000000000000000000;11101000;000;_;e;10;111100001100000000000000;____;03;030;084;034;019;050;031;0425730703;;;;;;;;;;;;;;;;;;;;;;;;;;;;;;;;;;;;;;;;;;;;;;;;;;
16:37:39;12;53;9999;076;999;08;111111111111000000000000;000000000000000000000000;11101000;000;_;e;10;000011000100000000000000;____;05;040;053;032;036;041;084;0425727838;;;;;;;;;;;;;;;;;;;;;;;;;;;;;;;;;;;;;;;;;;;;;;;;;;
16:40:38;12;54;9999;056;999;09;111111111111000000000000;000000000000000000000000;11101000;000;_;e;10;000000000010000000000000;____;11;025;057;004;025;025;035;0425730439;;;;;;;;;;;;;;;;;;;;;;;;;;;;;;;;;;;;;;;;;;;;;;;;;;
16:49:37;12;55;9999;055;999;08;111111111111000000000000;000000000000000000000000;11101000;000;_;e;10;101000001000000000000000;____;03;034;104;030;026;036;070;0425730237;;;;;;;;;;;;;;;;;;;;;;;;;;;;;;;;;;;;;;;;;;;;;;;;;;
16:50:20;12;56;9999;057;999;09;111111111111000000000000;000000000000000000000000;11101000;000;_;e;10;111100000000000000000000;____;03;030;088;036;012;033;046;0425730238;;;;;;;;;;;;;;;;;;;;;;;;;;;;;;;;;;;;;;;;;;;;;;;;;;
16:51:03;12;57;9999;064;999;09;111111111111000000000000;000000000000000000000000;11101000;000;_;e;10;011100001100000000000000;____;03;028;087;042;011;031;052;0425730240;;;;;;;;;;;;;;;;;;;;;;;;;;;;;;;;;;;;;;;;;;;;;;;;;;
16:54:01;12;58;9999;073;999;09;111111111111000000000000;000000000000000000000000;11101000;000;_;e;10;001101001001000000000000;____;09;015;074;023;000;030;152;0425727840;;;;;;;;;;;;;;;;;;;;;;;;;;;;;;;;;;;;;;;;;;;;;;;;;;
17:01:14;12;59;9999;056;999;09;111111111111000000000000;000000000000000000000000;11101000;000;_;e;10;001111000101000000000000;____;10;-05;071;002;-07;-03;104;0425730608;;;;;;;;;;;;;;;;;;;;;;;;;;;;;;;;;;;;;;;;;;;;;;;;;;
17:05:13;12;60;9999;075;999;09;111111111111000000000000;000000000000000000000000;11101000;000;_;e;10;001111001100000000000000;____;10;032;056;022;015;034;223;0425730612;;;;;;;;;;;;;;;;;;;;;;;;;;;;;;;;;;;;;;;;;;;;;;;;;;
17:14:46;12;61;9999;074;999;09;111111111111000000000000;000000000000000000000000;11101000;000;_;e;10;111111001100000000000000;____;04;050;070;035;045;060;160;0425730707;;;;;;;;;;;;;;;;;;;;;;;;;;;;;;;;;;;;;;;;;;;;;;;;;;
17:15:08;12;62;9999;063;999;09;111111111111000000000000;000000000000000000000000;11101000;000;_;e;10;101100001101000000000000;____;03;004;082;011;-05;045;160;0425727846;;;;;;;;;;;;;;;;;;;;;;;;;;;;;;;;;;;;;;;;;;;;;;;;;;
17:42:20;12;63;9999;076;999;08;111111111111000000000000;000000000000000000000000;11101000;000;_;e;10;001101011100000000000000;____;10;045;069;047;017;073;125;0425731602;;;;;;;;;;;;;;;;;;;;;;;;;;;;;;;;;;;;;;;;;;;;;;;;;;
17:43:14;12;64;9999;074;999;09;111111111111000000000000;000000000000000000000000;11101000;000;_;e;10;001111001100000000000000;____;09;043;068;040;042;044;164;0425731603;;;;;;;;;;;;;;;;;;;;;;;;;;;;;;;;;;;;;;;;;;;;;;;;;;
17:46:17;12;65;9999;068;999;08;111111111111000000000000;000000000000000000000000;11101000;000;_;e;10;010000000100000000000000;____;10;002;079;004;000;002;012;0425730719;;;;;;;;;;;;;;;;;;;;;;;;;;;;;;;;;;;;;;;;;;;;;;;;;;
17:47:34;12;66;9999;075;999;09;111111111111000000000000;000000000000000000000000;11101000;000;_;e;10;111100100100000000000000;____;04;039;081;030;035;064;050;0425731605;;;;;;;;;;;;;;;;;;;;;;;;;;;;;;;;;;;;;;;;;;;;;;;;;;
17:53:48;12;67;9999;056;999;09;111111111111000000000000;000000000000000000000000;11010000;000;_;;;;;;;;;;;;;;;;;;;;;;;;;;;;;;;;;;;;;;;;;;;;;;;;;;;;;;;;;;;;;;
17:55:51;12;68;9999;077;999;08;111111111111000000000000;000000000000000000000000;11101000;000;_;e;10;000111111000000000000000;____;06;024;055;041;024;064;091;0425730727;;;;;;;;;;;;;;;;;;;;;;;;;;;;;;;;;;;;;;;;;;;;;;;;;;
18:09:06;12;69;9999;066;999;08;111111111111000000000000;000000000000000000000000;11101000;000;_;e;10;111010000100000000000000;____;05;-03;026;096;-03;041;038;0425730465;;;;;;;;;;;;;;;;;;;;;;;;;;;;;;;;;;;;;;;;;;;;;;;;;;
18:16:57;12;70;9999;052;999;09;111111111111000000000000;000000000000000000000000;11101000;000;_;e;10;001111001101000000000000;____;09;066;082;004;016;066;126;0425730730;;;;;;;;;;;;;;;;;;;;;;;;;;;;;;;;;;;;;;;;;;;;;;;;;;
18:17:27;12;71;9999;076;999;09;111111111111000000000000;000000000000000000000000;11101000;000;_;e;10;001100001000000000000000;____;03;077;080;019;074;080;107;0425694395;;;;;;;;;;;;;;;;;;;;;;;;;;;;;;;;;;;;;;;;;;;;;;;;;;
18:33:21;12;72;9999;059;999;09;111111111111000000000000;000000000000000000000000;11101000;000;_;e;10;000000000001000000000000;____;12;006;073;004;005;006;024;0425728557;;;;;;;;;;;;;;;;;;;;;;;;;;;;;;;;;;;;;;;;;;;;;;;;;;
18:37:48;12;73;9999;054;999;09;111111111111000000000000;000000000000000000000000;11101000;000;_;e;10;001110000101000000000000;____;04;-06;083;010;-12;-01;109;0425730736;;;;;;;;;;;;;;;;;;;;;;;;;;;;;;;;;;;;;;;;;;;;;;;;;;
18:47:35;12;74;9999;070;999;09;111111111111000000000000;000000000000000000000000;11101000;000;_;e;10;110100000000000000000000;____;01;037;100;017;019;041;048;0425730743;;;;;;;;;;;;;;;;;;;;;;;;;;;;;;;;;;;;;;;;;;;;;;;;;;
18:49:42;12;75;9999;066;999;08;111111111111000000000000;000000000000000000000000;11101000;000;_;e;10;011010000100000000000000;____;02;036;099;025;019;041;053;0425730745;;;;;;;;;;;;;;;;;;;;;;;;;;;;;;;;;;;;;;;;;;;;;;;;;;
18:52:57;12;76;9999;067;999;09;111111111111000000000000;000000000000000000000000;11101000;000;_;e;10;110011001000000000000000;____;01;034;098;024;014;043;061;0425728563;;;;;;;;;;;;;;;;;;;;;;;;;;;;;;;;;;;;;;;;;;;;;;;;;;
19:00:03;12;77;9999;066;999;09;111111111111000000000000;000000000000000000000000;11101000;000;_;e;10;110110000000000000000000;____;01;044;100;017;018;046;033;0425730746;;;;;;;;;;;;;;;;;;;;;;;;;;;;;;;;;;;;;;;;;;;;;;;;;;
19:14:49;12;78;9999;064;999;08;111111111111000000000000;000000000000000000000000;11101000;000;_;e;10;100000000000000000000000;____;01;044;097;010;044;045;045;0425730665;;;;;;;;;;;;;;;;;;;;;;;;;;;;;;;;;;;;;;;;;;;;;;;;;;
19:15:54;12;79;9999;074;999;09;111111111111000000000000;000000000000000000000000;11101000;000;_;e;10;001011001000000000000000;____;06;045;058;028;044;049;057;0425728568;;;;;;;;;;;;;;;;;;;;;;;;;;;;;;;;;;;;;;;;;;;;;;;;;;
19:20:30;12;80;9999;075;999;09;111111111111000000000000;000000000000000000000000;11101000;000;_;e;10;001100001000000000000000;____;03;044;083;049;042;046;057;0425730250;;;;;;;;;;;;;;;;;;;;;;;;;;;;;;;;;;;;;;;;;;;;;;;;;;
19:32:35;12;81;9999;080;999;09;111111111111000000000000;000000000000000000000000;11101000;000;_;e;10;001111001100000000000000;____;10;014;074;032;003;021;102;0425732500;;;;;;;;;;;;;;;;;;;;;;;;;;;;;;;;;;;;;;;;;;;;;;;;;;
19:36:22;12;82;9999;078;999;08;111111111111000000000000;000000000000000000000000;11101000;000;_;e;10;011100000100000000000000;____;04;035;077;031;011;055;039;0425730750;;;;;;;;;;;;;;;;;;;;;;;;;;;;;;;;;;;;;;;;;;;;;;;;;;
19:39:34;12;83;9999;075;999;09;111111111111000000000000;000000000000000000000000;11101000;000;_;e;10;001111001100000000000000;____;05;039;054;037;018;045;098;0425730254;;;;;;;;;;;;;;;;;;;;;;;;;;;;;;;;;;;;;;;;;;;;;;;;;;
19:47:43;12;84;9999;074;999;08;111111111111000000000000;000000000000000000000000;11101000;000;_;e;10;001011010100000000000000;____;06;040;053;051;038;042;055;0425726757;;;;;;;;;;;;;;;;;;;;;;;;;;;;;;;;;;;;;;;;;;;;;;;;;;
19:53:05;12;85;9999;055;999;09;111111111111000000000000;000000000000000000000000;11101000;000;_;e;10;001011110100000000000000;____;05;027;050;003;012;036;063;0425731606;;;;;;;;;;;;;;;;;;;;;;;;;;;;;;;;;;;;;;;;;;;;;;;;;;
19:57:37;12;86;9999;063;999;09;111111111111000000000000;000000000000000000000000;11101000;000;_;e;10;101100000000000000000000;____;01;039;100;018;029;040;047;0425730256;;;;;;;;;;;;;;;;;;;;;;;;;;;;;;;;;;;;;;;;;;;;;;;;;;
19:59:02;12;87;9999;055;999;09;111111111111000000000000;000000000000000000000000;11101000;000;_;e;10;010100000100000000000000;____;10;-03;086;018;-03;002;052;0425730257;;;;;;;;;;;;;;;;;;;;;;;;;;;;;;;;;;;;;;;;;;;;;;;;;;
20:02:48;12;88;9999;075;999;09;111111111111000000000000;000000000000000000000000;11101000;000;_;e;10;110000000000000000000000;____;01;044;101;016;011;047;042;0425726767;;;;;;;;;;;;;;;;;;;;;;;;;;;;;;;;;;;;;;;;;;;;;;;;;;
20:13:43;12;89;9999;074;999;09;111111111111000000000000;000000000000000000000000;11101000;000;_;e;10;000111000100000000000000;____;10;007;069;010;007;042;085;0425732902;;;;;;;;;;;;;;;;;;;;;;;;;;;;;;;;;;;;;;;;;;;;;;;;;;
20:16:44;12;90;9999;075;999;09;111111111111000000000000;000000000000000000000000;11101000;000;_;e;10;001001001000000000000000;____;09;059;070;003;016;059;011;0425732501;;;;;;;;;;;;;;;;;;;;;;;;;;;;;;;;;;;;;;;;;;;;;;;;;;
20:20:20;12;91;9999;073;999;09;111111111111000000000000;000000000000000000000000;11101000;000;_;e;10;000110000100000000000000;____;10;020;079;011;-08;055;099;0425730263;;;;;;;;;;;;;;;;;;;;;;;;;;;;;;;;;;;;;;;;;;;;;;;;;;
20:20:25;12;92;9999;069;276;09;111111111111000000000000;000000000000000000000000;11101000;000;_;e;10;110100000100000000000000;____;10;-04;079;006;-04;032;064;0425731616;;;;;;;;;;;;;;;;;;;;;;;;;;;;;;;;;;;;;;;;;;;;;;;;;;
20:26:14;12;93;9999;073;999;09;111111111111000000000000;000000000000000000000000;11101000;000;_;e;10;100001001100000000000000;____;06;039;062;035;039;046;089;0425732505;;;;;;;;;;;;;;;;;;;;;;;;;;;;;;;;;;;;;;;;;;;;;;;;;;
20:28:46;12;94;9999;066;999;09;111111111111000000000000;000000000000000000000000;11101000;000;_;e;10;011000000100000000000000;____;03;047;098;028;004;047;010;0425733203;;;;;;;;;;;;;;;;;;;;;;;;;;;;;;;;;;;;;;;;;;;;;;;;;;
20:33:57;12;95;9999;047;999;09;111111111111000000000000;000000000000000000000000;11101000;000;_;e;10;000000100001000000000000;____;07;031;045;016;004;031;010;0425732506;;;;;;;;;;;;;;;;;;;;;;;;;;;;;;;;;;;;;;;;;;;;;;;;;;
20:39:37;12;96;9999;077;999;09;111111111111000000000000;000000000000000000000000;11101000;000;_;e;10;001111100100000000000000;____;05;049;061;041;035;053;078;0425732405;;;;;;;;;;;;;;;;;;;;;;;;;;;;;;;;;;;;;;;;;;;;;;;;;;
20:44:08;12;97;9999;059;999;09;111111111111000000000000;000000000000000000000000;11101000;000;_;e;10;001111001111000000000000;____;03;-03;053;013;-03;027;212;0425726778;;;;;;;;;;;;;;;;;;;;;;;;;;;;;;;;;;;;;;;;;;;;;;;;;;
20:50:44;12;98;9999;084;999;08;111111111111000000000000;000000000000000000000000;11101000;000;_;e;10;000000110000000000000000;____;08;055;031;008;054;059;071;0425733216;;;;;;;;;;;;;;;;;;;;;;;;;;;;;;;;;;;;;;;;;;;;;;;;;;
21:01:58;12;99;9999;076;999;09;111111111111000000000000;000000000000000000000000;11101000;000;_;e;10;110111101100000000000000;____;09;020;077;036;013;061;224;0425732414;;;;;;;;;;;;;;;;;;;;;;;;;;;;;;;;;;;;;;;;;;;;;;;;;;
21:02:30;12;01;9999;061;999;09;111111111111000000000000;000000000000000000000000;11101000;000;_;e;10;100000001001000000000000;____;12;059;075;004;042;061;023;0425733219;;;;;;;;;;;;;;;;;;;;;;;;;;;;;;;;;;;;;;;;;;;;;;;;;;
21:22:07;12;02;9999;077;999;09;111111111111000000000000;000000000000000000000000;11101000;000;_;e;10;001000000000000000000000;____;03;038;072;035;038;039;048;0425726781;;;;;;;;;;;;;;;;;;;;;;;;;;;;;;;;;;;;;;;;;;;;;;;;;;
21:31:29;12;03;9999;055;999;09;111111111111000000000000;000000000000000000000000;11101000;000;_;e;10;001100100101000000000000;____;10;-03;071;005;-04;016;058;0425733224;;;;;;;;;;;;;;;;;;;;;;;;;;;;;;;;;;;;;;;;;;;;;;;;;;
21:33:32;12;04;9999;075;999;09;111111111111000000000000;000000000000000000000000;11101000;000;_;e;10;111110000000000000000000;____;04;043;086;017;029;043;090;0425726783;;;;;;;;;;;;;;;;;;;;;;;;;;;;;;;;;;;;;;;;;;;;;;;;;;
21:34:40;12;05;9999;050;999;09;111111111111000000000000;000000000000000000000000;11101000;000;_;e;10;000000001100000000000000;____;09;054;051;008;040;054;041;0425732528;;;;;;;;;;;;;;;;;;;;;;;;;;;;;;;;;;;;;;;;;;;;;;;;;;
21:36:52;12;06;9999;079;999;09;111111111111000000000000;000000000000000000000000;11101000;000;_;e;10;000010000101000000000000;____;10;-01;072;007;-08;018;063;0425732423;;;;;;;;;;;;;;;;;;;;;;;;;;;;;;;;;;;;;;;;;;;;;;;;;;
21:49:53;12;07;9999;077;999;09;111111111111000000000000;000000000000000000000000;11101000;000;_;e;10;001111001100000000000000;____;03;045;054;023;045;050;097;0425732531;;;;;;;;;;;;;;;;;;;;;;;;;;;;;;;;;;;;;;;;;;;;;;;;;;
21:53:48;12;08;9999;078;999;09;111111111111000000000000;000000000000000000000000;11101000;000;_;e;10;000101001000000000000000;____;04;048;053;039;044;048;062;0425732433;;;;;;;;;;;;;;;;;;;;;;;;;;;;;;;;;;;;;;;;;;;;;;;;;;
21:56:46;12;09;9999;076;999;09;111111111111000000000000;000000000000000000000000;11101000;000;_;e;10;001100000000000000000000;____;03;042;048;015;041;043;038;0425732535;;;;;;;;;;;;;;;;;;;;;;;;;;;;;;;;;;;;;;;;;;;;;;;;;;
21:58:29;12;10;9999;077;999;09;111111111111000000000000;000000000000000000000000;11101000;000;_;e;10;001111001100000000000000;____;09;044;070;048;039;044;106;0425732536;;;;;;;;;;;;;;;;;;;;;;;;;;;;;;;;;;;;;;;;;;;;;;;;;;
22:03:51;12;11;9999;056;999;09;111111111111000000000000;000000000000000000000000;11101000;000;_;e;10;011100001100000000000000;____;10;-09;082;023;-09;004;107;0425732949;;;;;;;;;;;;;;;;;;;;;;;;;;;;;;;;;;;;;;;;;;;;;;;;;;
22:04:42;12;12;9999;055;999;09;111111111111000000000000;000000000000000000000000;11101000;000;_;e;10;100100000100000000000000;____;10;-07;079;013;-07;038;068;0425732951;;;;;;;;;;;;;;;;;;;;;;;;;;;;;;;;;;;;;;;;;;;;;;;;;;
22:05:37;12;13;9999;057;999;09;111111111111000000000000;000000000000000000000000;11101000;000;_;e;10;001100001100000000000000;____;09;055;080;025;041;055;049;0425733231;;;;;;;;;;;;;;;;;;;;;;;;;;;;;;;;;;;;;;;;;;;;;;;;;;
22:07:07;12;14;9999;074;999;09;111111111111000000000000;000000000000000000000000;11101000;000;_;e;10;001100001000000000000000;____;03;049;070;026;048;052;048;0425732952;;;;;;;;;;;;;;;;;;;;;;;;;;;;;;;;;;;;;;;;;;;;;;;;;;
22:08:49;12;15;9999;064;999;09;111111111111000000000000;000000000000000000000000;11101000;000;_;e;10;000000000100000000000000;____;10;-01;077;014;-01;003;031;0425732441;;;;;;;;;;;;;;;;;;;;;;;;;;;;;;;;;;;;;;;;;;;;;;;;;;
22:19:14;12;16;9999;075;999;09;111111111111000000000000;000000000000000000000000;11101000;000;_;e;10;001111001100000000000000;____;06;049;073;037;030;050;076;0425732542;;;;;;;;;;;;;;;;;;;;;;;;;;;;;;;;;;;;;;;;;;;;;;;;;;
22:29:30;12;17;9999;066;999;09;111111111111000000000000;000000000000000000000000;11101000;000;_;e;10;001011111110000000000000;____;10;030;048;011;000;041;144;0425732736;;;;;;;;;;;;;;;;;;;;;;;;;;;;;;;;;;;;;;;;;;;;;;;;;;
22:30:46;12;18;9999;053;999;09;111111111111000000000000;000000000000000000000000;11101000;000;_;e;10;000010110000000000000000;____;07;032;053;012;028;032;042;0425732737;;;;;;;;;;;;;;;;;;;;;;;;;;;;;;;;;;;;;;;;;;;;;;;;;;
22:32:24;12;19;9999;074;999;09;111111111111000000000000;000000000000000000000000;11101000;000;_;e;10;001100101100000000000000;____;09;041;056;038;037;041;073;0425732955;;;;;;;;;;;;;;;;;;;;;;;;;;;;;;;;;;;;;;;;;;;;;;;;;;
22:38:59;12;20;9999;076;999;09;111111111111000000000000;000000000000000000000000;11101000;000;_;e;10;001111001100000000000000;____;05;037;057;025;036;044;121;0425732444;;;;;;;;;;;;;;;;;;;;;;;;;;;;;;;;;;;;;;;;;;;;;;;;;;
