RDT400 Server V3.30
Site: 
System: Barcode scanner PLC02 (Sick); System type: OPS
Date: 20-12-2024  00:00:25
Date    ;ID;CT;IDX ;TLE;TGA;V ;DEVICE LIST             ;ERROR LIST              ;OUTPUT  ;ENR;R;CODE1 ID;LENGTH;READ LIST;RES;CLV ID;XPOS;YPOS;ZPOS;XMIN;XMAX;CS;CODE CONTENT;XPOS;YPOS;ZPOS;XMIN;XMAX;CS;CODE CONTENT;CODE2 ID;LENGTH;READ LIST;RES;CLV ID;XPOS;YPOS;ZPOS;XMIN;XMAX;CS;CODE CONTENT;XPOS;YPOS;ZPOS;XMIN;XMAX;CS;CODE CONTENT;CODE3 ID;LENGTH;READ LIST;RES;CLV ID;XPOS;YPOS;ZPOS;XMIN;XMAX;CS;CODE CONTENT;XPOS;YPOS;ZPOS;XMIN;XMAX;CS;CODE CONTENT;INFO1;INFO2;CUSTOM1;CUSTOM2;
04:16:20;12;21;9999;077;999;08;111111111111000000000000;000000000000000000000000;11010000;000;_;;;;;;;;;;;;;;;;;;;;;;;;;;;;;;;;;;;;;;;;;;;;;;;;;;;;;;;;;;;;;;
04:55:14;12;22;9999;074;999;09;111111111111000000000000;000000000000000000000000;11101000;000;_;e;10;000100110000000000000000;____;07;044;032;016;039;045;065;0425619333;;;;;;;;;;;;;;;;;;;;;;;;;;;;;;;;;;;;;;;;;;;;;;;;;;
04:56:38;12;23;9999;067;999;08;111111111111000000000000;000000000000000000000000;11101000;000;_;e;10;000110100100000000000000;____;10;000;073;021;000;025;053;0425618863;;;;;;;;;;;;;;;;;;;;;;;;;;;;;;;;;;;;;;;;;;;;;;;;;;
04:57:46;12;24;9999;073;999;09;111111111111000000000000;000000000000000000000000;11101000;000;_;e;10;110000000001000000000000;____;02;036;098;006;036;041;060;0425619335;;;;;;;;;;;;;;;;;;;;;;;;;;;;;;;;;;;;;;;;;;;;;;;;;;
04:59:46;12;25;9999;073;999;08;111111111111000000000000;000000000000000000000000;11101000;000;_;e;10;110000000000000000000000;____;01;042;099;011;040;042;063;0425618864;;;;;;;;;;;;;;;;;;;;;;;;;;;;;;;;;;;;;;;;;;;;;;;;;;
05:00:33;12;26;9999;068;999;09;111111111111000000000000;000000000000000000000000;11101000;000;_;e;10;001110001100000000000000;____;05;028;078;043;008;034;073;0425618865;;;;;;;;;;;;;;;;;;;;;;;;;;;;;;;;;;;;;;;;;;;;;;;;;;
05:05:36;12;27;9999;079;999;09;111111111111000000000000;000000000000000000000000;11101000;000;_;e;10;001001111100000000000000;____;06;015;058;027;008;025;116;0425618243;;;;;;;;;;;;;;;;;;;;;;;;;;;;;;;;;;;;;;;;;;;;;;;;;;
05:15:04;12;28;9999;068;999;09;111111111111000000000000;000000000000000000000000;11101000;000;_;e;10;101100000000000000000000;____;03;035;089;030;023;035;032;0425619651;;;;;;;;;;;;;;;;;;;;;;;;;;;;;;;;;;;;;;;;;;;;;;;;;;
05:15:12;12;29;9999;056;627;09;111111111111000000000000;000000000000000000000000;11101000;000;_;e;10;011101001100000000000000;____;10;-04;084;001;-07;053;129;0425618246;;;;;;;;;;;;;;;;;;;;;;;;;;;;;;;;;;;;;;;;;;;;;;;;;;
05:15:16;12;30;9999;062;291;09;111111111111000000000000;000000000000000000000000;11101000;000;_;e;10;000110001101000000000000;____;04;-01;077;003;-08;064;033;0425619652;;;;;;;;;;;;;;;;;;;;;;;;;;;;;;;;;;;;;;;;;;;;;;;;;;
05:16:34;12;31;9999;077;999;08;111111111111000000000000;000000000000000000000000;11101000;000;_;e;10;001111001100000000000000;____;05;040;064;039;039;044;147;0425618379;;;;;;;;;;;;;;;;;;;;;;;;;;;;;;;;;;;;;;;;;;;;;;;;;;
05:16:51;12;32;9999;076;999;09;111111111111000000000000;000000000000000000000000;11101000;000;_;e;10;101011110000000000000000;____;05;039;053;020;033;040;076;0425618867;;;;;;;;;;;;;;;;;;;;;;;;;;;;;;;;;;;;;;;;;;;;;;;;;;
05:19:16;12;33;9999;075;999;09;111111111111000000000000;000000000000000000000000;11101000;000;_;e;10;001110000100000000000000;____;10;071;061;017;017;072;059;0425619653;;;;;;;;;;;;;;;;;;;;;;;;;;;;;;;;;;;;;;;;;;;;;;;;;;
05:21:46;12;34;9999;074;999;09;111111111111000000000000;000000000000000000000000;11101000;000;_;e;10;001111010000000000000000;____;03;030;078;035;028;037;060;0425619656;;;;;;;;;;;;;;;;;;;;;;;;;;;;;;;;;;;;;;;;;;;;;;;;;;
05:24:23;12;35;9999;063;999;09;111111111111000000000000;000000000000000000000000;11101000;000;_;e;10;111110001101000000000000;____;09;067;076;004;016;067;100;0425619660;;;;;;;;;;;;;;;;;;;;;;;;;;;;;;;;;;;;;;;;;;;;;;;;;;
05:25:45;12;36;9999;075;999;09;111111111111000000000000;000000000000000000000000;11101000;000;_;e;10;001100000000000000000000;____;04;037;082;029;036;039;048;0425619013;;;;;;;;;;;;;;;;;;;;;;;;;;;;;;;;;;;;;;;;;;;;;;;;;;
05:28:53;12;37;9999;078;999;09;111111111111000000000000;000000000000000000000000;11101000;000;_;e;10;001111101100000000000000;____;10;024;055;032;022;058;175;0425618869;;;;;;;;;;;;;;;;;;;;;;;;;;;;;;;;;;;;;;;;;;;;;;;;;;
05:32:56;12;38;9999;059;999;09;111111111111000000000000;000000000000000000000000;11101000;000;_;e;10;000000100010000000000000;____;07;034;060;008;032;034;045;0425618489;;;;;;;;;;;;;;;;;;;;;;;;;;;;;;;;;;;;;;;;;;;;;;;;;;
05:33:35;12;39;9999;080;999;09;111111111111000000000000;000000000000000000000000;11101000;000;_;e;10;001100001100000000000000;____;03;047;060;024;047;048;087;0425619663;;;;;;;;;;;;;;;;;;;;;;;;;;;;;;;;;;;;;;;;;;;;;;;;;;
05:34:43;12;40;9999;044;999;09;111111111111000000000000;000000000000000000000000;11101000;000;_;e;10;001101001100000000000000;____;09;-01;081;033;-07;014;066;0425619015;;;;;;;;;;;;;;;;;;;;;;;;;;;;;;;;;;;;;;;;;;;;;;;;;;
05:36:00;12;41;9999;063;999;09;111111111111000000000000;000000000000000000000000;11101000;000;_;e;10;001100001100000000000000;____;09;003;080;025;-02;042;097;0425618490;;;;;;;;;;;;;;;;;;;;;;;;;;;;;;;;;;;;;;;;;;;;;;;;;;
05:36:12;12;42;9999;065;961;09;111111111111000000000000;000000000000000000000000;11101000;000;_;e;10;000100000101000000000000;____;04;021;083;029;000;021;014;0425619016;;;;;;;;;;;;;;;;;;;;;;;;;;;;;;;;;;;;;;;;;;;;;;;;;;
05:38:41;12;43;9999;055;999;09;111111111111000000000000;000000000000000000000000;11101000;000;_;e;10;001000101000000000000000;____;09;063;077;013;044;063;084;0425618390;;;;;;;;;;;;;;;;;;;;;;;;;;;;;;;;;;;;;;;;;;;;;;;;;;
05:40:28;12;44;9999;064;999;09;111111111111000000000000;000000000000000000000000;11101000;000;_;e;10;000100000100000000000000;____;10;000;081;010;000;002;077;0425618391;;;;;;;;;;;;;;;;;;;;;;;;;;;;;;;;;;;;;;;;;;;;;;;;;;
05:41:33;12;45;9999;069;999;08;111111111111000000000000;000000000000000000000000;11101000;000;_;e;10;100000000000000000000000;____;01;034;101;012;034;035;045;0425619018;;;;;;;;;;;;;;;;;;;;;;;;;;;;;;;;;;;;;;;;;;;;;;;;;;
05:41:37;12;46;9999;062;270;09;111111111111000000000000;000000000000000000000000;11101000;000;_;e;10;001111001101000000000000;____;10;-01;087;009;-06;017;192;0425618248;;;;;;;;;;;;;;;;;;;;;;;;;;;;;;;;;;;;;;;;;;;;;;;;;;
05:42:21;12;47;9999;080;999;09;111111111111000000000000;000000000000000000000000;11101000;000;_;e;10;000111001100000000000000;____;04;042;059;037;038;043;119;0425619019;;;;;;;;;;;;;;;;;;;;;;;;;;;;;;;;;;;;;;;;;;;;;;;;;;
05:42:28;12;48;9999;057;588;09;111111111111000000000000;000000000000000000000000;11101000;000;_;e;10;011001000101000000000000;____;10;-05;073;007;-08;021;033;0425619664;;;;;;;;;;;;;;;;;;;;;;;;;;;;;;;;;;;;;;;;;;;;;;;;;;
05:42:54;12;49;9999;061;999;09;111111111111000000000000;000000000000000000000000;11101000;000;_;e;10;000000100000000000000000;____;07;044;051;008;044;044;004;8555460758;;;;;;;;;;;;;;;;;;;;;;;;;;;;;;;;;;;;;;;;;;;;;;;;;;
05:43:19;12;50;9999;070;999;09;111111111111000000000000;000000000000000000000000;11101000;000;_;e;10;001110000100000000000000;____;10;003;078;026;-03;003;074;0425619340;;;;;;;;;;;;;;;;;;;;;;;;;;;;;;;;;;;;;;;;;;;;;;;;;;
05:44:10;12;51;9999;067;999;09;111111111111000000000000;000000000000000000000000;11101000;000;_;e;10;110010000100000000000000;____;01;035;100;024;009;049;053;0425619341;;;;;;;;;;;;;;;;;;;;;;;;;;;;;;;;;;;;;;;;;;;;;;;;;;
05:46:40;12;52;9999;077;999;08;111111111111000000000000;000000000000000000000000;11101000;000;_;e;10;000000000100000000000000;____;10;001;077;014;001;001;003;0425618871;;;;;;;;;;;;;;;;;;;;;;;;;;;;;;;;;;;;;;;;;;;;;;;;;;
05:48:56;12;53;9999;050;999;09;111111111111000000000000;000000000000000000000000;11101000;000;_;e;10;110000110100000000000000;____;10;-07;081;019;-09;-03;082;0425618250;;;;;;;;;;;;;;;;;;;;;;;;;;;;;;;;;;;;;;;;;;;;;;;;;;
05:51:44;12;54;9999;065;999;09;111111111111000000000000;000000000000000000000000;11101000;000;_;e;10;110000000000000000000000;____;01;035;102;010;021;036;047;0425619344;;;;;;;;;;;;;;;;;;;;;;;;;;;;;;;;;;;;;;;;;;;;;;;;;;
06:00:45;12;55;9999;075;999;09;111111111111000000000000;000000000000000000000000;11101000;000;_;e;10;001100001100000000000000;____;04;020;075;002;018;063;082;0425618260;;;;;;;;;;;;;;;;;;;;;;;;;;;;;;;;;;;;;;;;;;;;;;;;;;
06:03:16;12;56;9999;074;999;09;111111111111000000000000;000000000000000000000000;11101000;000;_;e;10;111101000000000000000000;____;04;036;083;024;016;036;079;0425618399;;;;;;;;;;;;;;;;;;;;;;;;;;;;;;;;;;;;;;;;;;;;;;;;;;
06:04:36;12;57;9999;073;999;08;111111111111000000000000;000000000000000000000000;11101000;000;_;e;10;000010110000000000000000;____;07;054;042;010;051;055;044;0425619149;;;;;;;;;;;;;;;;;;;;;;;;;;;;;;;;;;;;;;;;;;;;;;;;;;
06:06:10;12;58;9999;077;999;09;111111111111000000000000;000000000000000000000000;11101000;000;_;e;10;011110000100000000000000;____;03;042;073;036;029;044;075;0425619345;;;;;;;;;;;;;;;;;;;;;;;;;;;;;;;;;;;;;;;;;;;;;;;;;;
06:07:05;12;59;9999;067;999;09;111111111111000000000000;000000000000000000000000;11101000;000;_;e;10;000000001100000000000000;____;09;037;077;004;037;053;005;0425622300;;;;;;;;;;;;;;;;;;;;;;;;;;;;;;;;;;;;;;;;;;;;;;;;;;
06:09:36;12;60;9999;075;999;09;111111111111000000000000;000000000000000000000000;11001000;000;_;e;10;001100001100000000000000;____;04;070;069;011;028;074;020;0425618498;074;072;010;074;074;010;7725618498;;;;;;;;;;;;;;;;;;;;;;;;;;;;;;;;;;;;;;;;;;;
06:09:53;12;61;9999;077;999;09;111111111111000000000000;000000000000000000000000;11101000;000;_;e;10;111000000000000000000000;____;01;018;093;020;013;023;061;0425603513;;;;;;;;;;;;;;;;;;;;;;;;;;;;;;;;;;;;;;;;;;;;;;;;;;
06:10:05;12;62;9999;057;958;09;111111111111000000000000;000000000000000000000000;11101000;000;_;e;10;000001001101000000000000;____;09;049;050;007;024;049;027;0425618876;;;;;;;;;;;;;;;;;;;;;;;;;;;;;;;;;;;;;;;;;;;;;;;;;;
06:10:19;12;63;9999;054;999;09;111111111111000000000000;000000000000000000000000;11101000;000;_;e;10;000010100100000000000000;____;07;005;071;018;-02;005;047;0425619347;;;;;;;;;;;;;;;;;;;;;;;;;;;;;;;;;;;;;;;;;;;;;;;;;;
06:13:04;12;64;9999;066;999;09;111111111111000000000000;000000000000000000000000;11101000;000;_;e;10;110000000000000000000000;____;01;036;097;012;036;037;063;0425603515;;;;;;;;;;;;;;;;;;;;;;;;;;;;;;;;;;;;;;;;;;;;;;;;;;
06:13:09;12;65;9999;048;301;09;111111111111000000000000;000000000000000000000000;11010000;000;_;;;;;;;;;;;;;;;;;;;;;;;;;;;;;;;;;;;;;;;;;;;;;;;;;;;;;;;;;;;;;;
06:13:39;12;66;9999;073;999;09;111111111111000000000000;000000000000000000000000;11101000;000;_;e;10;001111001100000000000000;____;05;028;055;033;025;042;137;0425619030;;;;;;;;;;;;;;;;;;;;;;;;;;;;;;;;;;;;;;;;;;;;;;;;;;
06:14:39;12;67;9999;074;999;09;111111111111000000000000;000000000000000000000000;11101000;000;_;e;10;001011001100000000000000;____;03;072;081;018;067;073;095;0425603517;;;;;;;;;;;;;;;;;;;;;;;;;;;;;;;;;;;;;;;;;;;;;;;;;;
06:14:47;12;68;9999;066;617;09;111111111111000000000000;000000000000000000000000;11101000;000;_;e;10;110110000000000000000000;____;01;036;102;012;017;037;060;0425619684;;;;;;;;;;;;;;;;;;;;;;;;;;;;;;;;;;;;;;;;;;;;;;;;;;
06:15:17;12;69;9999;075;999;09;111111111111000000000000;000000000000000000000000;11101000;000;_;e;10;111100110100000000000000;____;03;050;082;023;030;053;070;0425619683;;;;;;;;;;;;;;;;;;;;;;;;;;;;;;;;;;;;;;;;;;;;;;;;;;
06:15:52;12;70;9999;076;999;09;111111111111000000000000;000000000000000000000000;11101000;000;_;e;10;110100000000000000000000;____;02;050;095;021;050;056;049;0425619034;;;;;;;;;;;;;;;;;;;;;;;;;;;;;;;;;;;;;;;;;;;;;;;;;;
06:16:00;12;71;9999;074;616;09;111111111111000000000000;000000000000000000000000;11101000;000;_;e;10;000111001000000000000000;____;06;047;058;041;046;049;082;0425619036;;;;;;;;;;;;;;;;;;;;;;;;;;;;;;;;;;;;;;;;;;;;;;;;;;
06:16:34;12;72;9999;059;999;09;111111111111000000000000;000000000000000000000000;11101000;000;_;e;10;000000000100000000000000;____;10;-03;078;016;-03;003;026;0425619348;;;;;;;;;;;;;;;;;;;;;;;;;;;;;;;;;;;;;;;;;;;;;;;;;;
06:18:56;12;73;9999;079;999;09;111111111111000000000000;000000000000000000000000;11101000;000;_;e;10;010000000000000000000000;____;02;036;097;011;036;037;037;0425619040;;;;;;;;;;;;;;;;;;;;;;;;;;;;;;;;;;;;;;;;;;;;;;;;;;
06:22:03;12;74;9999;055;999;09;111111111111000000000000;000000000000000000000000;11101000;000;_;e;10;000000000101000000000000;____;10;-03;074;007;-04;010;067;0425619686;;;;;;;;;;;;;;;;;;;;;;;;;;;;;;;;;;;;;;;;;;;;;;;;;;
06:24:45;12;75;9999;056;999;09;111111111111000000000000;000000000000000000000000;11101000;000;_;e;10;001110001100000000000000;____;10;-02;070;025;-04;016;065;0425618266;;;;;;;;;;;;;;;;;;;;;;;;;;;;;;;;;;;;;;;;;;;;;;;;;;
06:25:28;12;76;9999;076;999;09;111111111111000000000000;000000000000000000000000;11101000;000;_;e;10;001111011100000000000000;____;06;037;060;024;036;040;035;0425618878;;;;;;;;;;;;;;;;;;;;;;;;;;;;;;;;;;;;;;;;;;;;;;;;;;
06:29:31;12;77;9999;076;999;09;111111111111000000000000;000000000000000000000000;11101000;000;_;e;10;000000001000000000000000;____;09;017;070;025;016;017;035;0425619041;;;;;;;;;;;;;;;;;;;;;;;;;;;;;;;;;;;;;;;;;;;;;;;;;;
06:29:35;12;78;9999;077;276;09;111111111111000000000000;000000000000000000000000;11101000;000;_;e;10;001111001100000000000000;____;03;017;066;022;013;020;115;0425603522;;;;;;;;;;;;;;;;;;;;;;;;;;;;;;;;;;;;;;;;;;;;;;;;;;
06:30:40;12;79;9999;075;999;09;111111111111000000000000;000000000000000000000000;11101000;000;_;e;10;100000000000000000000000;____;01;025;090;027;025;025;002;0425619356;;;;;;;;;;;;;;;;;;;;;;;;;;;;;;;;;;;;;;;;;;;;;;;;;;
06:35:59;12;80;9999;052;999;09;111111111111000000000000;000000000000000000000000;11101000;000;_;e;10;001111101000000000000000;____;03;-05;078;015;-09;030;093;0425619045;;;;;;;;;;;;;;;;;;;;;;;;;;;;;;;;;;;;;;;;;;;;;;;;;;
06:36:42;12;81;9999;051;999;09;111111111111000000000000;000000000000000000000000;11101000;000;_;e;10;001110001100000000000000;____;09;051;080;022;031;057;065;0425619046;;;;;;;;;;;;;;;;;;;;;;;;;;;;;;;;;;;;;;;;;;;;;;;;;;
06:40:37;12;82;9999;078;999;09;111111111111000000000000;000000000000000000000000;11101000;000;_;e;10;000010000000000000000000;____;05;029;053;018;029;030;027;0425603528;;;;;;;;;;;;;;;;;;;;;;;;;;;;;;;;;;;;;;;;;;;;;;;;;;
06:42:49;12;83;9999;076;999;09;111111111111000000000000;000000000000000000000000;11101000;000;_;e;10;001111001000000000000000;____;03;033;078;043;021;039;061;0425603529;;;;;;;;;;;;;;;;;;;;;;;;;;;;;;;;;;;;;;;;;;;;;;;;;;
06:43:16;12;84;9999;055;999;09;111111111111000000000000;000000000000000000000000;11101000;000;_;e;10;010110001100000000000000;____;10;-03;075;014;-09;061;086;0425622509;;;;;;;;;;;;;;;;;;;;;;;;;;;;;;;;;;;;;;;;;;;;;;;;;;
06:43:20;12;85;9999;066;224;09;111111111111000000000000;000000000000000000000000;11101000;000;_;e;10;110000000000000000000000;____;01;033;099;016;032;043;070;0425619363;;;;;;;;;;;;;;;;;;;;;;;;;;;;;;;;;;;;;;;;;;;;;;;;;;
06:44:58;12;86;9999;074;999;08;111111111111000000000000;000000000000000000000000;11101000;000;_;e;10;110000001100000000000000;____;02;038;100;023;015;052;036;0425622510;;;;;;;;;;;;;;;;;;;;;;;;;;;;;;;;;;;;;;;;;;;;;;;;;;
06:45:02;12;87;9999;079;296;08;111111111111000000000000;000000000000000000000000;11101000;000;_;e;10;110000000000000000000000;____;02;037;097;033;027;043;060;0425603530;;;;;;;;;;;;;;;;;;;;;;;;;;;;;;;;;;;;;;;;;;;;;;;;;;
06:45:27;12;88;9999;061;999;09;111111111111000000000000;000000000000000000000000;11101000;000;_;e;10;000000000001000000000000;____;12;000;076;004;000;000;023;0425622900;;;;;;;;;;;;;;;;;;;;;;;;;;;;;;;;;;;;;;;;;;;;;;;;;;
06:46:10;12;89;9999;075;999;09;111111111111000000000000;000000000000000000000000;11101000;000;_;e;10;111100001100000000000000;____;04;038;081;029;036;042;102;0425619697;;;;;;;;;;;;;;;;;;;;;;;;;;;;;;;;;;;;;;;;;;;;;;;;;;
06:47:19;12;90;9999;069;999;09;111111111111000000000000;000000000000000000000000;11101000;000;_;e;10;111100000000000000000000;____;01;043;098;027;017;045;033;0425622511;;;;;;;;;;;;;;;;;;;;;;;;;;;;;;;;;;;;;;;;;;;;;;;;;;
06:48:06;12;91;9999;066;999;09;111111111111000000000000;000000000000000000000000;11101000;000;_;e;10;101110001100000000000000;____;03;033;102;031;018;052;041;0425622512;;;;;;;;;;;;;;;;;;;;;;;;;;;;;;;;;;;;;;;;;;;;;;;;;;
06:50:31;12;92;9999;058;999;09;111111111111000000000000;000000000000000000000000;11101000;000;_;e;10;000100000101000000000000;____;10;001;083;007;-10;002;066;0425619056;;;;;;;;;;;;;;;;;;;;;;;;;;;;;;;;;;;;;;;;;;;;;;;;;;
06:51:01;12;93;9999;062;999;09;111111111111000000000000;000000000000000000000000;11101000;000;_;e;10;010100000101000000000000;____;04;001;080;005;-02;012;061;0425618883;;;;;;;;;;;;;;;;;;;;;;;;;;;;;;;;;;;;;;;;;;;;;;;;;;
06:53:09;12;94;9999;064;999;09;111111111111000000000000;000000000000000000000000;11101000;000;_;e;10;001111101100000000000000;____;04;033;090;041;009;036;046;0425603537;;;;;;;;;;;;;;;;;;;;;;;;;;;;;;;;;;;;;;;;;;;;;;;;;;
06:53:22;12;95;9999;048;999;09;111111111111000000000000;000000000000000000000000;11101000;000;_;e;10;100000000100000000000000;____;01;003;098;019;001;003;035;0425619057;;;;;;;;;;;;;;;;;;;;;;;;;;;;;;;;;;;;;;;;;;;;;;;;;;
06:56:38;12;96;9999;075;999;09;111111111111000000000000;000000000000000000000000;11101000;000;_;e;10;001111001100000000000000;____;03;040;076;030;038;055;074;0425619698;;;;;;;;;;;;;;;;;;;;;;;;;;;;;;;;;;;;;;;;;;;;;;;;;;
06:57:54;12;97;9999;065;999;09;111111111111000000000000;000000000000000000000000;11101000;000;_;e;10;000000000001000000000000;____;12;004;078;004;004;004;002;0425618273;;;;;;;;;;;;;;;;;;;;;;;;;;;;;;;;;;;;;;;;;;;;;;;;;;
06:59:24;12;98;9999;075;999;09;111111111111000000000000;000000000000000000000000;11101000;000;_;e;10;110110000100000000000000;____;10;033;094;014;-09;054;068;0425619699;;;;;;;;;;;;;;;;;;;;;;;;;;;;;;;;;;;;;;;;;;;;;;;;;;
07:00:20;12;99;9999;083;999;09;111111111111000000000000;000000000000000000000000;11101000;000;_;e;10;000111110000000000000000;____;07;053;037;021;032;056;090;0425623301;;;;;;;;;;;;;;;;;;;;;;;;;;;;;;;;;;;;;;;;;;;;;;;;;;
07:00:50;12;01;9999;065;999;09;111111111111000000000000;000000000000000000000000;11101000;000;_;e;10;001100001000000000000000;____;09;-05;085;017;-05;026;040;0425623300;;;;;;;;;;;;;;;;;;;;;;;;;;;;;;;;;;;;;;;;;;;;;;;;;;
07:01:36;12;02;9999;062;999;09;111111111111000000000000;000000000000000000000000;11101000;000;_;e;10;101100001101000000000000;____;04;-01;084;009;-07;043;094;0425623302;;;;;;;;;;;;;;;;;;;;;;;;;;;;;;;;;;;;;;;;;;;;;;;;;;
07:02:19;12;03;9999;057;999;09;111111111111000000000000;000000000000000000000000;11101000;000;_;e;10;001011110000000000000000;____;08;037;054;019;012;039;061;0425618274;;;;;;;;;;;;;;;;;;;;;;;;;;;;;;;;;;;;;;;;;;;;;;;;;;
07:04:06;12;04;9999;062;999;09;111111111111000000000000;000000000000000000000000;11101000;000;_;e;10;001011111000000000000000;____;07;045;042;022;021;048;104;0425623304;;;;;;;;;;;;;;;;;;;;;;;;;;;;;;;;;;;;;;;;;;;;;;;;;;
07:04:57;12;05;9999;063;999;09;111111111111000000000000;000000000000000000000000;11101000;000;_;e;10;110000000001000000000000;____;01;033;101;013;033;055;036;0425603544;;;;;;;;;;;;;;;;;;;;;;;;;;;;;;;;;;;;;;;;;;;;;;;;;;
07:05:44;12;06;9999;075;999;09;111111111111000000000000;000000000000000000000000;11101000;000;_;e;10;111100000000000000000000;____;04;047;089;034;045;048;041;0425603547;;;;;;;;;;;;;;;;;;;;;;;;;;;;;;;;;;;;;;;;;;;;;;;;;;
07:06:15;12;07;9999;075;999;09;111111111111000000000000;000000000000000000000000;11101000;000;_;e;10;001110101000000000000000;____;04;040;065;031;037;064;032;0425603546;;;;;;;;;;;;;;;;;;;;;;;;;;;;;;;;;;;;;;;;;;;;;;;;;;
07:06:49;12;08;9999;075;999;09;111111111111000000000000;000000000000000000000000;11101000;000;_;e;10;001110001000000000000000;____;05;026;065;031;026;055;062;0425603545;;;;;;;;;;;;;;;;;;;;;;;;;;;;;;;;;;;;;;;;;;;;;;;;;;
07:10:21;12;09;9999;059;999;09;111111111111000000000000;000000000000000000000000;11101000;000;_;e;10;000110011100000000000000;____;10;000;076;018;000;022;054;0425603550;;;;;;;;;;;;;;;;;;;;;;;;;;;;;;;;;;;;;;;;;;;;;;;;;;
07:11:22;12;10;9999;077;999;09;111111111111000000000000;000000000000000000000000;11101000;000;_;e;10;011011110000000000000000;____;07;057;044;023;042;059;084;0425603551;;;;;;;;;;;;;;;;;;;;;;;;;;;;;;;;;;;;;;;;;;;;;;;;;;
07:12:42;12;11;9999;074;999;09;111111111111000000000000;000000000000000000000000;11101000;000;_;e;10;110000001100000000000000;____;01;039;101;015;023;041;063;0425619062;;;;;;;;;;;;;;;;;;;;;;;;;;;;;;;;;;;;;;;;;;;;;;;;;;
07:17:20;12;12;9999;077;999;09;111111111111000000000000;000000000000000000000000;11101000;000;_;e;10;001111001100000000000000;____;03;060;057;003;022;067;124;0425623105;;;;;;;;;;;;;;;;;;;;;;;;;;;;;;;;;;;;;;;;;;;;;;;;;;
07:18:15;12;13;9999;048;999;09;111111111111000000000000;000000000000000000000000;11101000;000;_;e;10;100100000001000000000000;____;04;021;094;000;017;021;029;0425603555;;;;;;;;;;;;;;;;;;;;;;;;;;;;;;;;;;;;;;;;;;;;;;;;;;
07:18:58;12;14;9999;052;999;09;111111111111000000000000;000000000000000000000000;11101000;000;_;e;10;001111100111000000000000;____;10;022;058;020;022;030;148;0425603554;;;;;;;;;;;;;;;;;;;;;;;;;;;;;;;;;;;;;;;;;;;;;;;;;;
07:23:02;12;15;9999;063;999;09;111111111111000000000000;000000000000000000000000;11101000;000;_;e;10;001111001100000000000000;____;06;035;070;039;030;036;078;0425619168;;;;;;;;;;;;;;;;;;;;;;;;;;;;;;;;;;;;;;;;;;;;;;;;;;
07:24:28;12;16;9999;074;999;09;111111111111000000000000;000000000000000000000000;11101000;000;_;e;10;001111001000000000000000;____;03;041;072;027;039;070;088;0425619170;;;;;;;;;;;;;;;;;;;;;;;;;;;;;;;;;;;;;;;;;;;;;;;;;;
07:27:19;12;17;9999;073;999;09;111111111111000000000000;000000000000000000000000;11101000;000;_;e;10;001100001100000000000000;____;09;068;069;026;050;070;066;0425619172;;;;;;;;;;;;;;;;;;;;;;;;;;;;;;;;;;;;;;;;;;;;;;;;;;
07:32:38;12;18;9999;075;999;09;111111111111000000000000;000000000000000000000000;11101000;000;_;e;10;101111011100000000000000;____;03;075;078;019;030;080;114;0425622911;;;;;;;;;;;;;;;;;;;;;;;;;;;;;;;;;;;;;;;;;;;;;;;;;;
07:35:37;12;19;9999;044;999;09;111111111111000000000000;000000000000000000000000;11101000;000;_;e;10;111100000000000000000000;____;02;028;101;013;026;032;070;0425603557;;;;;;;;;;;;;;;;;;;;;;;;;;;;;;;;;;;;;;;;;;;;;;;;;;
07:37:49;12;20;9999;048;999;09;111111111111000000000000;000000000000000000000000;11101000;000;_;e;10;000011110000000000000000;____;05;022;048;008;021;025;068;0425619174;;;;;;;;;;;;;;;;;;;;;;;;;;;;;;;;;;;;;;;;;;;;;;;;;;
07:38:54;12;21;9999;058;999;08;111111111111000000000000;000000000000000000000000;11101000;000;_;e;10;110000000000000000000000;____;01;035;101;013;035;050;063;0425622913;;;;;;;;;;;;;;;;;;;;;;;;;;;;;;;;;;;;;;;;;;;;;;;;;;
07:44:44;12;22;9999;076;999;09;111111111111000000000000;000000000000000000000000;11101000;000;_;e;10;000111001000000000000000;____;05;040;052;015;026;044;078;0425623115;;;;;;;;;;;;;;;;;;;;;;;;;;;;;;;;;;;;;;;;;;;;;;;;;;
07:47:08;12;23;9999;065;999;09;111111111111000000000000;000000000000000000000000;11101000;000;_;e;10;110100000000000000000000;____;01;036;100;009;020;037;054;0425623116;;;;;;;;;;;;;;;;;;;;;;;;;;;;;;;;;;;;;;;;;;;;;;;;;;
07:47:17;12;24;9999;063;658;09;111111111111000000000000;000000000000000000000000;11101000;000;_;e;10;110000110000000000000000;____;02;-07;086;015;-10;-04;059;0425603560;;;;;;;;;;;;;;;;;;;;;;;;;;;;;;;;;;;;;;;;;;;;;;;;;;
07:48:04;12;25;9999;075;999;09;111111111111000000000000;000000000000000000000000;11101000;000;_;e;10;001111001100000000000000;____;06;034;060;037;031;068;090;0425603561;;;;;;;;;;;;;;;;;;;;;;;;;;;;;;;;;;;;;;;;;;;;;;;;;;
07:50:00;12;26;9999;075;999;09;111111111111000000000000;000000000000000000000000;11101000;000;_;e;10;001100001100000000000000;____;03;015;076;034;007;021;067;0425623118;;;;;;;;;;;;;;;;;;;;;;;;;;;;;;;;;;;;;;;;;;;;;;;;;;
07:56:40;12;27;9999;075;999;09;111111111111000000000000;000000000000000000000000;11101000;000;_;e;10;001111000100000000000000;____;06;028;054;026;028;030;081;0425619178;;;;;;;;;;;;;;;;;;;;;;;;;;;;;;;;;;;;;;;;;;;;;;;;;;
08:01:57;12;28;9999;075;999;09;111111111111000000000000;000000000000000000000000;11101000;000;_;e;10;000100000000000000000000;____;04;029;069;029;029;029;004;0425619179;;;;;;;;;;;;;;;;;;;;;;;;;;;;;;;;;;;;;;;;;;;;;;;;;;
08:17:41;12;29;9999;077;999;09;111111111111000000000000;000000000000000000000000;11101000;000;_;e;10;110000001000000000000000;____;01;038;098;021;037;070;064;0425622923;;;;;;;;;;;;;;;;;;;;;;;;;;;;;;;;;;;;;;;;;;;;;;;;;;
08:54:37;12;30;9999;062;999;09;111111111111000000000000;000000000000000000000000;11101000;000;_;e;10;110000000000000000000000;____;01;033;101;014;033;051;064;0425623145;;;;;;;;;;;;;;;;;;;;;;;;;;;;;;;;;;;;;;;;;;;;;;;;;;
08:55:42;12;31;9999;055;999;09;111111111111000000000000;000000000000000000000000;11101000;000;_;e;10;001011100110000000000000;____;06;003;050;003;003;024;129;0425622944;;;;;;;;;;;;;;;;;;;;;;;;;;;;;;;;;;;;;;;;;;;;;;;;;;
09:39:12;12;32;9999;074;999;09;111111111111000000000000;000000000000000000000000;11101000;000;_;e;10;011100001100000000000000;____;03;033;075;024;030;051;103;0425618558;;;;;;;;;;;;;;;;;;;;;;;;;;;;;;;;;;;;;;;;;;;;;;;;;;
10:44:23;12;33;9999;073;999;09;111111111111000000000000;000000000000000000000000;11101000;000;_;e;10;000011110000000000000000;____;07;041;052;026;037;041;076;0425618578;;;;;;;;;;;;;;;;;;;;;;;;;;;;;;;;;;;;;;;;;;;;;;;;;;
10:45:12;12;34;9999;075;999;09;111111111111000000000000;000000000000000000000000;11101000;000;_;e;10;001111001100000000000000;____;10;048;069;027;023;049;158;0425618581;;;;;;;;;;;;;;;;;;;;;;;;;;;;;;;;;;;;;;;;;;;;;;;;;;
11:07:53;12;35;9999;074;999;09;111111111111000000000000;000000000000000000000000;11101000;000;_;e;10;000000000100000000000000;____;10;029;074;003;029;029;004;0425618278;;;;;;;;;;;;;;;;;;;;;;;;;;;;;;;;;;;;;;;;;;;;;;;;;;
11:12:58;12;36;9999;065;999;09;111111111111000000000000;000000000000000000000000;11101000;000;_;e;10;001111001100000000000000;____;10;-10;076;007;-15;-05;104;0425618284;;;;;;;;;;;;;;;;;;;;;;;;;;;;;;;;;;;;;;;;;;;;;;;;;;
11:18:31;12;37;9999;060;999;09;111111111111000000000000;000000000000000000000000;11101000;000;_;e;10;001000000101000000000000;____;10;-03;073;008;-11;-03;084;0425622519;;;;;;;;;;;;;;;;;;;;;;;;;;;;;;;;;;;;;;;;;;;;;;;;;;
11:18:35;12;38;9999;059;311;08;111111111111000000000000;000000000000000000000000;11101000;000;_;e;10;010101000100000000000000;____;10;063;087;035;061;066;069;0425618287;;;;;;;;;;;;;;;;;;;;;;;;;;;;;;;;;;;;;;;;;;;;;;;;;;
11:20:26;12;39;9999;074;999;08;111111111111000000000000;000000000000000000000000;11101000;000;_;e;10;110111001100000000000000;____;06;053;071;049;046;054;132;0425618586;;;;;;;;;;;;;;;;;;;;;;;;;;;;;;;;;;;;;;;;;;;;;;;;;;
11:22:26;12;40;9999;075;999;08;111111111111000000000000;000000000000000000000000;11101000;000;_;e;10;000011110100000000000000;____;08;039;044;022;036;042;117;0425618588;;;;;;;;;;;;;;;;;;;;;;;;;;;;;;;;;;;;;;;;;;;;;;;;;;
11:23:25;12;41;9999;054;999;09;111111111111000000000000;000000000000000000000000;11101000;000;_;e;10;100001000000000000000000;____;06;052;085;037;004;053;030;0425618289;;;;;;;;;;;;;;;;;;;;;;;;;;;;;;;;;;;;;;;;;;;;;;;;;;
11:25:37;12;42;9999;057;999;09;111111111111000000000000;000000000000000000000000;11101000;000;_;e;10;100000000100000000000000;____;01;028;081;035;004;029;037;0425618291;;;;;;;;;;;;;;;;;;;;;;;;;;;;;;;;;;;;;;;;;;;;;;;;;;
11:27:16;12;43;9999;076;999;09;111111111111000000000000;000000000000000000000000;11101000;000;_;e;10;111100000000000000000000;____;04;043;082;031;040;045;085;0425618590;;;;;;;;;;;;;;;;;;;;;;;;;;;;;;;;;;;;;;;;;;;;;;;;;;
11:27:55;12;44;9999;075;999;08;111111111111000000000000;000000000000000000000000;11101000;000;_;e;10;011110001100000000000000;____;04;034;080;025;025;077;068;0425618587;;;;;;;;;;;;;;;;;;;;;;;;;;;;;;;;;;;;;;;;;;;;;;;;;;
11:28:12;12;45;9999;075;999;09;111111111111000000000000;000000000000000000000000;11101000;000;_;e;10;001111101100000000000000;____;06;048;065;034;035;051;113;0425618591;;;;;;;;;;;;;;;;;;;;;;;;;;;;;;;;;;;;;;;;;;;;;;;;;;
11:34:27;12;46;9999;059;999;09;111111111111000000000000;000000000000000000000000;11101000;000;_;e;10;110000000100000000000000;____;02;044;101;007;003;044;058;0425603567;;;;;;;;;;;;;;;;;;;;;;;;;;;;;;;;;;;;;;;;;;;;;;;;;;
11:36:35;12;47;9999;075;999;09;111111111111000000000000;000000000000000000000000;11101000;000;_;e;10;011000111000000000000000;____;07;039;065;035;037;071;060;0425603569;;;;;;;;;;;;;;;;;;;;;;;;;;;;;;;;;;;;;;;;;;;;;;;;;;
11:44:25;12;48;9999;060;999;08;111111111111000000000000;000000000000000000000000;11101000;000;_;e;10;110000000000000000000000;____;01;031;101;014;031;032;054;0425603574;;;;;;;;;;;;;;;;;;;;;;;;;;;;;;;;;;;;;;;;;;;;;;;;;;
11:48:28;12;49;9999;080;999;09;111111111111000000000000;000000000000000000000000;11101000;000;_;e;10;001111001100000000000000;____;05;029;080;029;017;039;075;0425618887;;;;;;;;;;;;;;;;;;;;;;;;;;;;;;;;;;;;;;;;;;;;;;;;;;
11:53:40;12;50;9999;071;999;08;111111111111000000000000;000000000000000000000000;11101000;000;_;e;10;110000000100000000000000;____;01;040;101;015;002;041;049;0425622529;;;;;;;;;;;;;;;;;;;;;;;;;;;;;;;;;;;;;;;;;;;;;;;;;;
12:00:17;12;51;9999;067;999;09;111111111111000000000000;000000000000000000000000;11101000;000;_;e;10;001111000101000000000000;____;10;-07;075;008;-10;000;118;0425603586;;;;;;;;;;;;;;;;;;;;;;;;;;;;;;;;;;;;;;;;;;;;;;;;;;
12:02:21;12;52;9999;081;999;08;111111111111000000000000;000000000000000000000000;11101000;000;_;e;10;001111000101000000000000;____;10;-01;074;001;-04;003;145;0425622530;;;;;;;;;;;;;;;;;;;;;;;;;;;;;;;;;;;;;;;;;;;;;;;;;;
12:08:23;12;53;9999;056;999;09;111111111111000000000000;000000000000000000000000;11101000;000;_;e;10;001111001101000000000000;____;10;-05;070;007;-15;020;225;0425618896;;;;;;;;;;;;;;;;;;;;;;;;;;;;;;;;;;;;;;;;;;;;;;;;;;
12:09:06;12;54;9999;075;999;09;111111111111000000000000;000000000000000000000000;11101000;000;_;e;10;011100001100000000000000;____;03;037;071;027;031;040;080;0425618897;;;;;;;;;;;;;;;;;;;;;;;;;;;;;;;;;;;;;;;;;;;;;;;;;;
12:10:01;12;55;9999;047;999;09;111111111111000000000000;000000000000000000000000;11101000;000;_;e;10;001111011100000000000000;____;10;032;059;020;030;035;161;0425622314;;;;;;;;;;;;;;;;;;;;;;;;;;;;;;;;;;;;;;;;;;;;;;;;;;
12:14:35;12;56;9999;078;999;09;111111111111000000000000;000000000000000000000000;11101000;000;_;e;10;001101001000000000000000;____;03;008;060;016;007;012;111;0425622534;;;;;;;;;;;;;;;;;;;;;;;;;;;;;;;;;;;;;;;;;;;;;;;;;;
12:29:24;12;57;9999;075;999;09;111111111111000000000000;000000000000000000000000;11101000;000;_;e;10;001111001100000000000000;____;03;049;069;032;047;071;122;0425622318;;;;;;;;;;;;;;;;;;;;;;;;;;;;;;;;;;;;;;;;;;;;;;;;;;
12:30:42;12;58;9999;062;999;09;111111111111000000000000;000000000000000000000000;11101000;000;_;e;10;110100000000000000000000;____;02;034;099;010;013;036;044;0425622539;;;;;;;;;;;;;;;;;;;;;;;;;;;;;;;;;;;;;;;;;;;;;;;;;;
12:33:59;12;59;9999;041;999;09;111111111111000000000000;000000000000000000000000;11101000;000;_;e;10;001111001100000000000000;____;09;043;079;028;031;044;094;0425619067;;;;;;;;;;;;;;;;;;;;;;;;;;;;;;;;;;;;;;;;;;;;;;;;;;
12:42:48;12;60;9999;075;999;09;111111111111000000000000;000000000000000000000000;11101000;000;_;e;10;000111001100000000000000;____;09;069;054;031;061;069;116;0425622326;;;;;;;;;;;;;;;;;;;;;;;;;;;;;;;;;;;;;;;;;;;;;;;;;;
12:43:22;12;61;9999;074;999;09;111111111111000000000000;000000000000000000000000;11101000;000;_;e;10;000000001000000000000000;____;09;042;055;011;042;042;025;0425622327;;;;;;;;;;;;;;;;;;;;;;;;;;;;;;;;;;;;;;;;;;;;;;;;;;
12:48:42;12;62;9999;075;999;09;111111111111000000000000;000000000000000000000000;11101000;000;_;e;10;001111001100000000000000;____;05;047;067;028;039;050;136;0425622545;;;;;;;;;;;;;;;;;;;;;;;;;;;;;;;;;;;;;;;;;;;;;;;;;;
12:58:57;12;63;9999;074;999;09;111111111111000000000000;000000000000000000000000;11101000;000;_;e;10;001101001100000000000000;____;04;057;063;032;057;066;106;0425622336;;;;;;;;;;;;;;;;;;;;;;;;;;;;;;;;;;;;;;;;;;;;;;;;;;
13:00:09;12;64;9999;072;999;08;111111111111000000000000;000000000000000000000000;11101000;000;_;e;10;100010000000000000000000;____;01;040;090;027;002;040;056;0425619375;;;;;;;;;;;;;;;;;;;;;;;;;;;;;;;;;;;;;;;;;;;;;;;;;;
13:01:56;12;65;9999;056;999;09;111111111111000000000000;000000000000000000000000;11101000;000;_;e;10;001000001100000000000000;____;10;-01;077;018;-02;017;035;0425622337;;;;;;;;;;;;;;;;;;;;;;;;;;;;;;;;;;;;;;;;;;;;;;;;;;
13:02:04;12;66;9999;071;662;09;111111111111000000000000;000000000000000000000000;11101000;000;_;e;10;110000000000000000000000;____;02;038;100;013;027;040;065;0425622338;;;;;;;;;;;;;;;;;;;;;;;;;;;;;;;;;;;;;;;;;;;;;;;;;;
13:03:51;12;67;9999;074;999;09;111111111111000000000000;000000000000000000000000;11101000;000;_;e;10;001010100100000000000000;____;10;032;059;027;010;033;030;0425619382;;;;;;;;;;;;;;;;;;;;;;;;;;;;;;;;;;;;;;;;;;;;;;;;;;
13:04:08;12;68;9999;047;999;09;111111111111000000000000;000000000000000000000000;11101000;000;_;e;10;110100000000000000000000;____;01;011;100;014;008;013;038;0425619381;;;;;;;;;;;;;;;;;;;;;;;;;;;;;;;;;;;;;;;;;;;;;;;;;;
13:13:36;12;69;9999;059;999;09;111111111111000000000000;000000000000000000000000;11101000;000;_;e;10;001111001100000000000000;____;10;-02;079;015;-09;020;101;0425622340;;;;;;;;;;;;;;;;;;;;;;;;;;;;;;;;;;;;;;;;;;;;;;;;;;
13:23:08;12;70;9999;075;999;09;111111111111000000000000;000000000000000000000000;11101000;000;_;e;10;000111111000000000000000;____;05;015;063;040;014;067;097;0425619394;;;;;;;;;;;;;;;;;;;;;;;;;;;;;;;;;;;;;;;;;;;;;;;;;;
14:39:59;12;71;9999;056;999;09;111111111111000000000000;000000000000000000000000;11101000;000;_;e;10;000100001100000000000000;____;10;000;078;020;000;016;074;0425623315;;;;;;;;;;;;;;;;;;;;;;;;;;;;;;;;;;;;;;;;;;;;;;;;;;
14:42:42;12;72;9999;075;999;09;111111111111000000000000;000000000000000000000000;11101000;000;_;e;10;001111001100000000000000;____;10;065;071;024;023;069;102;0425623317;;;;;;;;;;;;;;;;;;;;;;;;;;;;;;;;;;;;;;;;;;;;;;;;;;
14:47:41;12;73;9999;055;999;09;111111111111000000000000;000000000000000000000000;11101000;000;_;e;10;000100000100000000000000;____;04;005;078;022;002;006;043;0425622958;;;;;;;;;;;;;;;;;;;;;;;;;;;;;;;;;;;;;;;;;;;;;;;;;;
14:47:49;12;74;9999;074;663;09;111111111111000000000000;000000000000000000000000;11101000;000;_;e;10;110000000000000000000000;____;01;039;102;012;012;039;067;0425623319;;;;;;;;;;;;;;;;;;;;;;;;;;;;;;;;;;;;;;;;;;;;;;;;;;
15:04:00;12;75;9999;075;999;09;111111111111000000000000;000000000000000000000000;11101000;000;_;e;10;001111001100000000000000;____;05;013;069;028;009;019;248;0425622959;;;;;;;;;;;;;;;;;;;;;;;;;;;;;;;;;;;;;;;;;;;;;;;;;;
15:09:55;12;76;9999;074;999;09;111111111111000000000000;000000000000000000000000;11101000;000;_;e;10;000110000000000000000000;____;04;010;069;001;006;010;070;0425623152;;;;;;;;;;;;;;;;;;;;;;;;;;;;;;;;;;;;;;;;;;;;;;;;;;
15:14:03;12;77;9999;075;999;09;111111111111000000000000;000000000000000000000000;11101000;000;_;e;10;011100011000000000000000;____;04;043;066;030;039;044;074;0425623324;;;;;;;;;;;;;;;;;;;;;;;;;;;;;;;;;;;;;;;;;;;;;;;;;;
15:17:28;12;78;9999;074;999;09;111111111111000000000000;000000000000000000000000;11101000;000;_;e;10;000000001100000000000000;____;10;018;066;021;018;019;009;0425623327;;;;;;;;;;;;;;;;;;;;;;;;;;;;;;;;;;;;;;;;;;;;;;;;;;
15:18:45;12;79;9999;072;999;09;111111111111000000000000;000000000000000000000000;11101000;000;_;e;10;110000001100000000000000;____;02;037;100;022;031;042;063;0425623153;;;;;;;;;;;;;;;;;;;;;;;;;;;;;;;;;;;;;;;;;;;;;;;;;;
15:20:10;12;80;9999;054;999;09;111111111111000000000000;000000000000000000000000;11010000;000;_;;;;;;;;;;;;;;;;;;;;;;;;;;;;;;;;;;;;;;;;;;;;;;;;;;;;;;;;;;;;;;
15:21:57;12;81;9999;074;999;09;111111111111000000000000;000000000000000000000000;11101000;000;_;e;10;000111001100000000000000;____;04;071;061;010;065;071;099;0425623156;;;;;;;;;;;;;;;;;;;;;;;;;;;;;;;;;;;;;;;;;;;;;;;;;;
15:22:01;12;82;9999;055;233;09;111111111111000000000000;000000000000000000000000;11101000;000;_;e;10;000100000101000000000000;____;10;000;085;009;-04;023;090;0425623328;;;;;;;;;;;;;;;;;;;;;;;;;;;;;;;;;;;;;;;;;;;;;;;;;;
15:32:08;12;83;9999;077;999;09;111111111111000000000000;000000000000000000000000;11101000;000;_;e;10;000011010000000000000000;____;06;048;070;040;035;051;036;0425623332;;;;;;;;;;;;;;;;;;;;;;;;;;;;;;;;;;;;;;;;;;;;;;;;;;
16:07:10;12;84;9999;075;999;09;111111111111000000000000;000000000000000000000000;11101000;000;_;e;10;001111000100000000000000;____;03;033;080;031;017;035;051;0425622562;;;;;;;;;;;;;;;;;;;;;;;;;;;;;;;;;;;;;;;;;;;;;;;;;;
16:08:47;12;85;9999;075;999;09;111111111111000000000000;000000000000000000000000;11101000;000;_;e;10;001100000000000000000000;____;04;041;080;011;039;042;048;0425623343;;;;;;;;;;;;;;;;;;;;;;;;;;;;;;;;;;;;;;;;;;;;;;;;;;
16:11:28;12;86;9999;074;999;09;111111111111000000000000;000000000000000000000000;11101000;000;_;e;10;001111001100000000000000;____;10;065;065;045;061;069;108;0425627301;;;;;;;;;;;;;;;;;;;;;;;;;;;;;;;;;;;;;;;;;;;;;;;;;;
16:12:15;12;87;9999;059;999;09;111111111111000000000000;000000000000000000000000;11101000;000;_;e;10;000000000001000000000000;____;12;016;068;004;016;016;002;0425622350;;;;;;;;;;;;;;;;;;;;;;;;;;;;;;;;;;;;;;;;;;;;;;;;;;
16:17:01;12;88;9999;062;999;08;111111111111000000000000;000000000000000000000000;11101000;000;_;e;10;011101001100000000000000;____;06;043;091;031;037;044;088;0425622571;;;;;;;;;;;;;;;;;;;;;;;;;;;;;;;;;;;;;;;;;;;;;;;;;;
16:22:38;12;89;9999;074;999;09;111111111111000000000000;000000000000000000000000;11101000;000;_;e;10;110001000100000000000000;____;01;048;091;025;043;054;078;0425622572;;;;;;;;;;;;;;;;;;;;;;;;;;;;;;;;;;;;;;;;;;;;;;;;;;
16:29:03;12;90;9999;075;999;09;111111111111000000000000;000000000000000000000000;11101000;000;_;e;10;001101001100000000000000;____;09;021;067;033;016;025;096;0425622974;;;;;;;;;;;;;;;;;;;;;;;;;;;;;;;;;;;;;;;;;;;;;;;;;;
16:34:01;12;91;9999;075;999;09;111111111111000000000000;000000000000000000000000;11101000;000;_;e;10;000100000000000000000000;____;04;052;048;010;052;052;003;0425622354;;;;;;;;;;;;;;;;;;;;;;;;;;;;;;;;;;;;;;;;;;;;;;;;;;
17:04:16;12;92;9999;058;999;09;111111111111000000000000;000000000000000000000000;11101000;000;_;e;10;001111001101000000000000;____;03;-09;072;014;-12;018;131;0425623172;;;;;;;;;;;;;;;;;;;;;;;;;;;;;;;;;;;;;;;;;;;;;;;;;;
17:15:10;12;93;9999;057;999;09;111111111111000000000000;000000000000000000000000;11101000;000;_;e;10;000100001100000000000000;____;04;000;076;004;-05;016;084;0425627316;;;;;;;;;;;;;;;;;;;;;;;;;;;;;;;;;;;;;;;;;;;;;;;;;;
17:20:52;12;94;9999;075;999;09;111111111111000000000000;000000000000000000000000;11101000;000;_;e;10;000000000100000000000000;____;10;070;073;014;070;073;018;0425628901;;;;;;;;;;;;;;;;;;;;;;;;;;;;;;;;;;;;;;;;;;;;;;;;;;
17:21:05;12;95;9999;074;999;09;111111111111000000000000;000000000000000000000000;11101000;000;_;e;10;110000001000000000000000;____;02;041;089;022;032;042;032;0425628902;;;;;;;;;;;;;;;;;;;;;;;;;;;;;;;;;;;;;;;;;;;;;;;;;;
17:27:59;12;96;9999;074;999;09;111111111111000000000000;000000000000000000000000;11101000;000;_;e;10;001111001100000000000000;____;10;076;069;021;037;087;141;0425628906;;;;;;;;;;;;;;;;;;;;;;;;;;;;;;;;;;;;;;;;;;;;;;;;;;
17:29:12;12;97;9999;076;999;09;111111111111000000000000;000000000000000000000000;11101000;000;_;e;10;000000001100000000000000;____;09;071;073;018;030;072;028;0425628801;;;;;;;;;;;;;;;;;;;;;;;;;;;;;;;;;;;;;;;;;;;;;;;;;;
17:35:49;12;98;9999;075;999;09;111111111111000000000000;000000000000000000000000;11101000;000;_;e;10;001110101100000000000000;____;04;024;067;037;020;043;115;0425622983;;;;;;;;;;;;;;;;;;;;;;;;;;;;;;;;;;;;;;;;;;;;;;;;;;
17:36:01;12;99;9999;069;992;09;111111111111000000000000;000000000000000000000000;11101000;000;_;e;10;110000000000000000000000;____;01;040;099;014;039;040;051;0425622984;;;;;;;;;;;;;;;;;;;;;;;;;;;;;;;;;;;;;;;;;;;;;;;;;;
17:38:43;12;01;9999;070;999;09;111111111111000000000000;000000000000000000000000;11101000;000;_;e;10;110000000001000000000000;____;01;040;101;013;019;042;065;0425622385;;;;;;;;;;;;;;;;;;;;;;;;;;;;;;;;;;;;;;;;;;;;;;;;;;
17:38:57;12;02;9999;080;999;09;111111111111000000000000;000000000000000000000000;11101000;000;_;e;10;000110000000000000000000;____;04;040;051;028;040;047;008;0425628912;;;;;;;;;;;;;;;;;;;;;;;;;;;;;;;;;;;;;;;;;;;;;;;;;;
17:39:05;12;03;9999;075;613;09;111111111111000000000000;000000000000000000000000;11101000;000;_;e;10;000000001000000000000000;____;09;088;068;021;085;088;038;0425628913;;;;;;;;;;;;;;;;;;;;;;;;;;;;;;;;;;;;;;;;;;;;;;;;;;
17:42:42;12;04;9999;051;999;09;111111111111000000000000;000000000000000000000000;11101000;000;_;e;10;001100000100000000000000;____;10;011;088;006;002;017;056;0425628417;;;;;;;;;;;;;;;;;;;;;;;;;;;;;;;;;;;;;;;;;;;;;;;;;;
17:43:38;12;05;9999;075;999;09;111111111111000000000000;000000000000000000000000;11101000;000;_;e;10;000001110000000000000000;____;08;049;045;024;048;053;085;0425627318;;;;;;;;;;;;;;;;;;;;;;;;;;;;;;;;;;;;;;;;;;;;;;;;;;
17:45:21;12;06;9999;079;999;09;111111111111000000000000;000000000000000000000000;11101000;000;_;e;10;000100000000000000000000;____;04;040;057;030;040;040;006;0425622388;;;;;;;;;;;;;;;;;;;;;;;;;;;;;;;;;;;;;;;;;;;;;;;;;;
17:46:33;12;07;9999;075;999;09;111111111111000000000000;000000000000000000000000;11101000;000;_;e;10;011111111100000000000000;____;10;026;063;027;019;059;286;0425628916;;;;;;;;;;;;;;;;;;;;;;;;;;;;;;;;;;;;;;;;;;;;;;;;;;
17:50:03;12;08;9999;069;999;09;111111111111000000000000;000000000000000000000000;11101000;000;_;e;10;000110100001000000000000;____;12;007;072;004;006;034;040;0425627319;;;;;;;;;;;;;;;;;;;;;;;;;;;;;;;;;;;;;;;;;;;;;;;;;;
17:52:19;12;09;9999;073;999;09;111111111111000000000000;000000000000000000000000;11101000;000;_;e;10;101000001000000000000000;____;01;036;073;036;035;045;025;0425627321;;;;;;;;;;;;;;;;;;;;;;;;;;;;;;;;;;;;;;;;;;;;;;;;;;
17:52:40;12;10;9999;055;999;09;111111111111000000000000;000000000000000000000000;11101000;000;_;e;10;000001000100000000000000;____;10;-04;083;026;-04;015;029;0425622389;;;;;;;;;;;;;;;;;;;;;;;;;;;;;;;;;;;;;;;;;;;;;;;;;;
17:53:06;12;11;9999;052;999;09;111111111111000000000000;000000000000000000000000;11101000;000;_;e;10;001111001101000000000000;____;10;-10;084;006;-12;010;136;0425628421;;;;;;;;;;;;;;;;;;;;;;;;;;;;;;;;;;;;;;;;;;;;;;;;;;
17:56:31;12;12;9999;062;999;09;111111111111000000000000;000000000000000000000000;11101000;000;_;e;10;000000000100000000000000;____;10;005;081;016;005;005;002;0425622390;;;;;;;;;;;;;;;;;;;;;;;;;;;;;;;;;;;;;;;;;;;;;;;;;;
17:56:56;12;13;9999;067;999;09;111111111111000000000000;000000000000000000000000;11101000;000;_;e;10;001110101000000000000000;____;04;031;081;043;022;032;050;0425628605;;;;;;;;;;;;;;;;;;;;;;;;;;;;;;;;;;;;;;;;;;;;;;;;;;
17:58:26;12;14;9999;063;999;09;111111111111000000000000;000000000000000000000000;11101000;000;_;e;10;001100001101000000000000;____;03;-06;069;011;-13;020;046;0425627323;;;;;;;;;;;;;;;;;;;;;;;;;;;;;;;;;;;;;;;;;;;;;;;;;;
17:59:00;12;15;9999;058;999;09;111111111111000000000000;000000000000000000000000;11101000;000;_;e;10;001100000101000000000000;____;10;-07;078;006;-16;022;111;0425627324;;;;;;;;;;;;;;;;;;;;;;;;;;;;;;;;;;;;;;;;;;;;;;;;;;
17:59:22;12;16;9999;075;999;09;111111111111000000000000;000000000000000000000000;11101000;000;_;e;10;001101001100000000000000;____;03;033;060;039;012;070;099;0425622392;;;;;;;;;;;;;;;;;;;;;;;;;;;;;;;;;;;;;;;;;;;;;;;;;;
18:00:04;12;17;9999;056;999;09;111111111111000000000000;000000000000000000000000;11101000;000;_;e;10;000100000101000000000000;____;10;-06;082;004;-08;-04;107;0425628607;;;;;;;;;;;;;;;;;;;;;;;;;;;;;;;;;;;;;;;;;;;;;;;;;;
18:01:42;12;18;9999;053;999;09;111111111111000000000000;000000000000000000000000;11101000;000;_;e;10;001110000000000000000000;____;04;-02;077;021;-07;005;011;0425622394;;;;;;;;;;;;;;;;;;;;;;;;;;;;;;;;;;;;;;;;;;;;;;;;;;
18:04:03;12;19;9999;075;999;09;111111111111000000000000;000000000000000000000000;11101000;000;_;e;10;000110000100000000000000;____;04;011;074;007;008;012;065;0425627330;;;;;;;;;;;;;;;;;;;;;;;;;;;;;;;;;;;;;;;;;;;;;;;;;;
18:07:37;12;20;9999;060;999;09;111111111111000000000000;000000000000000000000000;11101000;000;_;e;10;001100001100000000000000;____;03;040;083;040;039;043;089;0425628426;;;;;;;;;;;;;;;;;;;;;;;;;;;;;;;;;;;;;;;;;;;;;;;;;;
18:12:52;12;21;9999;058;999;09;111111111111000000000000;000000000000000000000000;11101000;000;_;e;10;000000000011000000000000;____;11;029;059;004;027;032;021;0425628929;;;;;;;;;;;;;;;;;;;;;;;;;;;;;;;;;;;;;;;;;;;;;;;;;;
18:14:18;12;22;9999;075;999;09;111111111111000000000000;000000000000000000000000;11101000;000;_;e;10;000011110100000000000000;____;08;040;042;020;037;040;066;0425628930;;;;;;;;;;;;;;;;;;;;;;;;;;;;;;;;;;;;;;;;;;;;;;;;;;
18:15:30;12;23;9999;074;999;09;111111111111000000000000;000000000000000000000000;11101000;000;_;e;10;010110110100000000000000;____;07;003;052;025;-03;006;063;0425628818;;;;;;;;;;;;;;;;;;;;;;;;;;;;;;;;;;;;;;;;;;;;;;;;;;
18:21:50;12;24;9999;055;999;09;111111111111000000000000;000000000000000000000000;11101000;000;_;e;10;001110000101000000000000;____;10;-09;073;008;-14;-02;096;0425629600;;;;;;;;;;;;;;;;;;;;;;;;;;;;;;;;;;;;;;;;;;;;;;;;;;
18:25:53;12;25;9999;063;999;09;111111111111000000000000;000000000000000000000000;11101000;000;_;e;10;001100001000000000000000;____;03;028;080;043;027;029;052;0425628615;;;;;;;;;;;;;;;;;;;;;;;;;;;;;;;;;;;;;;;;;;;;;;;;;;
18:28:48;12;26;9999;075;999;09;111111111111000000000000;000000000000000000000000;11101000;000;_;e;10;001111001100000000000000;____;09;033;074;030;031;034;169;0425628935;;;;;;;;;;;;;;;;;;;;;;;;;;;;;;;;;;;;;;;;;;;;;;;;;;
18:41:17;12;27;9999;063;999;09;111111111111000000000000;000000000000000000000000;11101000;000;_;e;10;111100000101000000000000;____;02;-01;085;005;-01;028;117;0425627810;;;;;;;;;;;;;;;;;;;;;;;;;;;;;;;;;;;;;;;;;;;;;;;;;;
18:44:31;12;28;9999;075;999;08;111111111111000000000000;000000000000000000000000;11101000;000;_;e;10;001110001100000000000000;____;10;072;069;020;043;076;087;0425628450;;;;;;;;;;;;;;;;;;;;;;;;;;;;;;;;;;;;;;;;;;;;;;;;;;
18:44:48;12;29;9999;059;999;09;111111111111000000000000;000000000000000000000000;11101000;000;_;e;10;000000000100000000000000;____;10;001;081;004;001;001;007;0425628449;;;;;;;;;;;;;;;;;;;;;;;;;;;;;;;;;;;;;;;;;;;;;;;;;;
18:49:00;12;30;9999;074;999;09;111111111111000000000000;000000000000000000000000;11101000;000;_;e;10;001101110000000000000000;____;07;047;058;037;043;050;088;0425628953;;;;;;;;;;;;;;;;;;;;;;;;;;;;;;;;;;;;;;;;;;;;;;;;;;
18:49:04;12;31;9999;078;242;09;111111111111000000000000;000000000000000000000000;11101000;000;_;e;10;110000001000000000000000;____;02;051;093;016;050;064;057;0425628837;;;;;;;;;;;;;;;;;;;;;;;;;;;;;;;;;;;;;;;;;;;;;;;;;;
18:59:36;12;32;9999;074;999;09;111111111111000000000000;000000000000000000000000;11101000;000;_;e;10;001111000000000000000000;____;03;069;076;001;032;075;042;0425628956;;;;;;;;;;;;;;;;;;;;;;;;;;;;;;;;;;;;;;;;;;;;;;;;;;
19:17:18;12;33;9999;063;999;09;111111111111000000000000;000000000000000000000000;11101000;000;_;e;10;111110000100000000000000;____;10;-06;085;006;-11;036;215;0425623359;;;;;;;;;;;;;;;;;;;;;;;;;;;;;;;;;;;;;;;;;;;;;;;;;;
19:18:37;12;34;9999;058;999;09;111111111111000000000000;000000000000000000000000;11101000;000;_;e;10;001111001101000000000000;____;04;066;063;025;059;069;123;0425628857;;;;;;;;;;;;;;;;;;;;;;;;;;;;;;;;;;;;;;;;;;;;;;;;;;
19:18:46;12;35;9999;054;702;09;111111111111000000000000;000000000000000000000000;11101000;000;_;e;10;000000000100000000000000;____;10;010;079;004;010;011;020;0425628958;;;;;;;;;;;;;;;;;;;;;;;;;;;;;;;;;;;;;;;;;;;;;;;;;;
19:25:35;12;36;9999;064;999;09;111111111111000000000000;000000000000000000000000;11101000;000;_;e;10;110000000100000000000000;____;01;040;101;016;008;040;046;0425623361;;;;;;;;;;;;;;;;;;;;;;;;;;;;;;;;;;;;;;;;;;;;;;;;;;
19:33:21;12;37;9999;068;999;09;111111111111000000000000;000000000000000000000000;11101000;000;_;e;10;000000000010000000000000;____;11;036;042;004;036;036;003;0425627813;;;;;;;;;;;;;;;;;;;;;;;;;;;;;;;;;;;;;;;;;;;;;;;;;;
19:33:33;12;38;9999;085;999;09;111111111111000000000000;000000000000000000000000;11101000;000;_;e;10;111000000000000000000000;____;01;051;101;017;021;055;023;0425623173;;;;;;;;;;;;;;;;;;;;;;;;;;;;;;;;;;;;;;;;;;;;;;;;;;
19:35:33;12;39;9999;063;999;09;111111111111000000000000;000000000000000000000000;11101000;000;_;e;10;001111001100000000000000;____;09;031;078;045;026;032;131;0425628963;;;;;;;;;;;;;;;;;;;;;;;;;;;;;;;;;;;;;;;;;;;;;;;;;;
19:40:44;12;40;9999;056;999;09;111111111111000000000000;000000000000000000000000;11101000;000;_;e;10;000011111100000000000000;____;08;023;054;018;018;025;066;0425628863;;;;;;;;;;;;;;;;;;;;;;;;;;;;;;;;;;;;;;;;;;;;;;;;;;
19:49:59;12;41;9999;075;999;08;111111111111000000000000;000000000000000000000000;11101000;000;_;e;10;011100000100000000000000;____;10;043;069;037;017;045;052;0425627827;;;;;;;;;;;;;;;;;;;;;;;;;;;;;;;;;;;;;;;;;;;;;;;;;;
19:52:03;12;42;9999;076;999;09;111111111111000000000000;000000000000000000000000;11101000;000;_;e;10;000100000100000000000000;____;10;006;061;016;006;007;021;0425629606;;;;;;;;;;;;;;;;;;;;;;;;;;;;;;;;;;;;;;;;;;;;;;;;;;
20:02:09;12;43;9999;074;999;09;111111111111000000000000;000000000000000000000000;11101000;000;_;e;10;001011001100000000000000;____;06;035;063;044;033;067;130;0425623365;;;;;;;;;;;;;;;;;;;;;;;;;;;;;;;;;;;;;;;;;;;;;;;;;;
20:03:08;12;44;9999;078;999;09;111111111111000000000000;000000000000000000000000;11101000;000;_;e;10;001111101000000000000000;____;05;048;062;042;045;057;089;0425623366;;;;;;;;;;;;;;;;;;;;;;;;;;;;;;;;;;;;;;;;;;;;;;;;;;
20:03:30;12;45;9999;076;999;09;111111111111000000000000;000000000000000000000000;11101000;000;_;e;10;001111001100000000000000;____;05;037;059;038;037;041;116;0425623367;;;;;;;;;;;;;;;;;;;;;;;;;;;;;;;;;;;;;;;;;;;;;;;;;;
20:04:34;12;46;9999;075;999;09;111111111111000000000000;000000000000000000000000;11101000;000;_;e;10;001011111000000000000000;____;05;042;056;025;042;072;095;0425623368;;;;;;;;;;;;;;;;;;;;;;;;;;;;;;;;;;;;;;;;;;;;;;;;;;
20:06:02;12;47;9999;059;999;09;111111111111000000000000;000000000000000000000000;11101000;000;_;e;10;110000000000000000000000;____;01;037;096;012;036;039;056;0425627834;;;;;;;;;;;;;;;;;;;;;;;;;;;;;;;;;;;;;;;;;;;;;;;;;;
20:07:12;12;48;9999;075;999;09;111111111111000000000000;000000000000000000000000;11101000;000;_;e;10;001111000000000000000000;____;05;049;044;018;048;051;056;0425623174;;;;;;;;;;;;;;;;;;;;;;;;;;;;;;;;;;;;;;;;;;;;;;;;;;
20:09:33;12;49;9999;059;999;09;111111111111000000000000;000000000000000000000000;11101000;000;_;e;10;010101110000000000000000;____;04;034;071;037;017;036;036;0425629607;;;;;;;;;;;;;;;;;;;;;;;;;;;;;;;;;;;;;;;;;;;;;;;;;;
20:09:53;12;50;9999;066;999;09;111111111111000000000000;000000000000000000000000;11101000;000;_;e;10;001000001000000000000000;____;03;061;086;031;061;065;049;0425629608;;;;;;;;;;;;;;;;;;;;;;;;;;;;;;;;;;;;;;;;;;;;;;;;;;
20:10:57;12;51;9999;065;999;09;111111111111000000000000;000000000000000000000000;11101000;000;_;e;10;100011000000000000000000;____;05;034;097;022;-01;047;054;0425623177;;;;;;;;;;;;;;;;;;;;;;;;;;;;;;;;;;;;;;;;;;;;;;;;;;
20:11:19;12;52;9999;066;999;09;111111111111000000000000;000000000000000000000000;11101000;000;_;e;10;110000000001000000000000;____;01;026;100;013;026;030;059;0425623178;;;;;;;;;;;;;;;;;;;;;;;;;;;;;;;;;;;;;;;;;;;;;;;;;;
20:12:15;12;53;9999;075;999;09;111111111111000000000000;000000000000000000000000;11101000;000;_;e;10;001011100000000000000000;____;05;037;055;033;036;041;059;0425623180;;;;;;;;;;;;;;;;;;;;;;;;;;;;;;;;;;;;;;;;;;;;;;;;;;
20:12:58;12;54;9999;075;999;08;111111111111000000000000;000000000000000000000000;11101000;000;_;e;10;001100001000000000000000;____;09;041;099;030;039;042;054;0425623184;;;;;;;;;;;;;;;;;;;;;;;;;;;;;;;;;;;;;;;;;;;;;;;;;;
20:15:26;12;55;9999;071;999;09;111111111111000000000000;000000000000000000000000;11101000;000;_;e;10;001111101100000000000000;____;03;027;065;034;017;036;128;0425622989;;;;;;;;;;;;;;;;;;;;;;;;;;;;;;;;;;;;;;;;;;;;;;;;;;
20:16:27;12;56;9999;074;999;09;111111111111000000000000;000000000000000000000000;11101000;000;_;e;10;111111001000000000000000;____;06;050;074;038;045;052;092;0425623181;;;;;;;;;;;;;;;;;;;;;;;;;;;;;;;;;;;;;;;;;;;;;;;;;;
20:19:26;12;57;9999;079;999;09;111111111111000000000000;000000000000000000000000;11101000;000;_;e;10;110101000100000000000000;____;01;-03;087;027;-03;048;057;0425629611;;;;;;;;;;;;;;;;;;;;;;;;;;;;;;;;;;;;;;;;;;;;;;;;;;
20:21:34;12;58;9999;074;999;09;111111111111000000000000;000000000000000000000000;11101000;000;_;e;10;100000000000000000000000;____;01;054;088;029;054;055;052;0425629615;;;;;;;;;;;;;;;;;;;;;;;;;;;;;;;;;;;;;;;;;;;;;;;;;;
20:21:42;12;59;9999;077;610;09;111111111111000000000000;000000000000000000000000;11101000;000;_;e;10;111011001101000000000000;____;01;039;098;022;-04;053;076;0425623372;;;;;;;;;;;;;;;;;;;;;;;;;;;;;;;;;;;;;;;;;;;;;;;;;;
20:23:03;12;60;9999;075;999;09;111111111111000000000000;000000000000000000000000;11101000;000;_;e;10;001111001100000000000000;____;09;053;068;030;050;055;100;0425623191;;;;;;;;;;;;;;;;;;;;;;;;;;;;;;;;;;;;;;;;;;;;;;;;;;
20:23:12;12;61;9999;066;714;09;111111111111000000000000;000000000000000000000000;11101000;000;_;e;10;001111001100000000000000;____;05;045;043;019;017;048;085;0425627839;;;;;;;;;;;;;;;;;;;;;;;;;;;;;;;;;;;;;;;;;;;;;;;;;;
20:23:16;12;62;9999;077;276;09;111111111111000000000000;000000000000000000000000;11101000;000;_;e;10;110100001000000000000000;____;02;027;088;024;022;071;047;0425629618;;;;;;;;;;;;;;;;;;;;;;;;;;;;;;;;;;;;;;;;;;;;;;;;;;
20:24:11;12;63;9999;055;999;09;111111111111000000000000;000000000000000000000000;11101000;000;_;e;10;001101001100000000000000;____;10;005;078;022;005;007;123;0425627840;;;;;;;;;;;;;;;;;;;;;;;;;;;;;;;;;;;;;;;;;;;;;;;;;;
20:27:41;12;64;9999;074;999;09;111111111111000000000000;000000000000000000000000;11101000;000;_;e;10;001111001000000000000000;____;05;035;054;030;035;052;123;0425631000;;;;;;;;;;;;;;;;;;;;;;;;;;;;;;;;;;;;;;;;;;;;;;;;;;
20:29:23;12;65;9999;073;999;09;111111111111000000000000;000000000000000000000000;11101000;000;_;e;10;000001001000000000000000;____;09;000;062;022;-01;002;058;0425631002;;;;;;;;;;;;;;;;;;;;;;;;;;;;;;;;;;;;;;;;;;;;;;;;;;
20:29:37;12;66;9999;074;999;08;111111111111000000000000;000000000000000000000000;11001000;000;_;e;10;001111111110000000000000;____;10;-08;068;012;-09;036;132;0425630404;032;040;020;030;033;062;3555534770;;;;;;;;;;;;;;;;;;;;;;;;;;;;;;;;;;;;;;;;;;;
20:32:01;12;67;9999;060;999;09;111111111111000000000000;000000000000000000000000;11101000;000;_;e;10;010100000100000000000000;____;10;-01;085;025;-03;004;032;0425630410;;;;;;;;;;;;;;;;;;;;;;;;;;;;;;;;;;;;;;;;;;;;;;;;;;
20:33:26;12;68;9999;061;999;09;111111111111000000000000;000000000000000000000000;11101000;000;_;e;10;110000000000000000000000;____;01;039;100;018;036;042;057;0425629627;;;;;;;;;;;;;;;;;;;;;;;;;;;;;;;;;;;;;;;;;;;;;;;;;;
20:35:18;12;69;9999;054;999;09;111111111111000000000000;000000000000000000000000;11101000;000;_;e;10;001110001101000000000000;____;10;-09;080;004;-10;031;100;0425630412;;;;;;;;;;;;;;;;;;;;;;;;;;;;;;;;;;;;;;;;;;;;;;;;;;
20:36:08;12;70;9999;056;999;09;111111111111000000000000;000000000000000000000000;11101000;000;_;e;10;101000000100000000000000;____;10;003;077;001;003;016;019;0425631011;;;;;;;;;;;;;;;;;;;;;;;;;;;;;;;;;;;;;;;;;;;;;;;;;;
20:38:25;12;71;9999;059;999;09;111111111111000000000000;000000000000000000000000;11101000;000;_;e;10;001100011100000000000000;____;04;040;050;015;023;041;053;0425623196;;;;;;;;;;;;;;;;;;;;;;;;;;;;;;;;;;;;;;;;;;;;;;;;;;
20:40:17;12;72;9999;059;999;09;111111111111000000000000;000000000000000000000000;11101000;000;_;e;10;001001000100000000000000;____;10;002;080;000;002;039;017;0425622589;;;;;;;;;;;;;;;;;;;;;;;;;;;;;;;;;;;;;;;;;;;;;;;;;;
20:40:21;12;73;9999;077;291;09;111111111111000000000000;000000000000000000000000;11101000;000;_;e;10;000011100100000000000000;____;07;040;057;031;022;041;033;0425622588;;;;;;;;;;;;;;;;;;;;;;;;;;;;;;;;;;;;;;;;;;;;;;;;;;
20:40:39;12;74;9999;068;999;09;111111111111000000000000;000000000000000000000000;11101000;000;_;e;10;001000111100000000000000;____;07;045;047;007;035;047;020;0425629632;;;;;;;;;;;;;;;;;;;;;;;;;;;;;;;;;;;;;;;;;;;;;;;;;;
20:41:37;12;75;9999;075;999;09;111111111111000000000000;000000000000000000000000;11101000;000;_;e;10;000011101100000000000000;____;05;037;050;022;027;048;066;0425623198;;;;;;;;;;;;;;;;;;;;;;;;;;;;;;;;;;;;;;;;;;;;;;;;;;
20:42:24;12;76;9999;067;999;09;111111111111000000000000;000000000000000000000000;11101000;000;_;e;10;001111001100000000000000;____;03;029;080;024;024;063;094;0425622593;;;;;;;;;;;;;;;;;;;;;;;;;;;;;;;;;;;;;;;;;;;;;;;;;;
20:52:17;12;77;9999;058;999;09;111111111111000000000000;000000000000000000000000;11101000;000;_;e;10;011111001101000000000000;____;10;-02;073;007;-06;024;150;0425623379;;;;;;;;;;;;;;;;;;;;;;;;;;;;;;;;;;;;;;;;;;;;;;;;;;
20:56:07;12;78;9999;055;999;09;111111111111000000000000;000000000000000000000000;11101000;000;_;e;10;110000001101000000000000;____;02;032;097;022;007;043;040;0425631016;;;;;;;;;;;;;;;;;;;;;;;;;;;;;;;;;;;;;;;;;;;;;;;;;;
20:57:38;12;79;9999;075;999;09;111111111111000000000000;000000000000000000000000;11101000;000;_;e;10;001111101000000000000000;____;05;019;052;021;019;051;102;0425622597;;;;;;;;;;;;;;;;;;;;;;;;;;;;;;;;;;;;;;;;;;;;;;;;;;
21:00:32;12;80;9999;074;999;09;111111111111000000000000;000000000000000000000000;11101000;000;_;e;10;001001000000000000000000;____;06;010;061;019;009;010;005;0425629316;;;;;;;;;;;;;;;;;;;;;;;;;;;;;;;;;;;;;;;;;;;;;;;;;;
21:00:49;12;81;9999;076;999;09;111111111111000000000000;000000000000000000000000;11101000;000;_;e;10;001011111011000000000000;____;07;045;036;010;029;053;078;0425627849;;;;;;;;;;;;;;;;;;;;;;;;;;;;;;;;;;;;;;;;;;;;;;;;;;
21:01:07;12;82;9999;055;999;09;111111111111000000000000;000000000000000000000000;11101000;000;_;e;10;000000001101000000000000;____;10;-12;074;009;-12;011;089;0425623380;;;;;;;;;;;;;;;;;;;;;;;;;;;;;;;;;;;;;;;;;;;;;;;;;;
21:02:20;12;83;9999;083;999;09;111111111111000000000000;000000000000000000000000;11101000;000;_;e;10;001111001100000000000000;____;10;004;062;030;003;038;061;0425627350;;;;;;;;;;;;;;;;;;;;;;;;;;;;;;;;;;;;;;;;;;;;;;;;;;
21:03:19;12;84;9999;076;999;09;111111111111000000000000;000000000000000000000000;11101000;000;_;e;10;001111001100000000000000;____;03;035;065;020;033;039;148;0425627349;;;;;;;;;;;;;;;;;;;;;;;;;;;;;;;;;;;;;;;;;;;;;;;;;;
21:04:31;12;85;9999;056;999;09;111111111111000000000000;000000000000000000000000;11101000;000;_;e;10;110000010000000000000000;____;01;034;100;013;019;036;051;0425630423;;;;;;;;;;;;;;;;;;;;;;;;;;;;;;;;;;;;;;;;;;;;;;;;;;
21:05:10;12;86;9999;075;999;09;111111111111000000000000;000000000000000000000000;11101000;000;_;e;10;111100000000000000000000;____;04;035;080;021;017;037;050;0425629641;;;;;;;;;;;;;;;;;;;;;;;;;;;;;;;;;;;;;;;;;;;;;;;;;;
21:06:32;12;87;9999;071;999;08;111111111111000000000000;000000000000000000000000;11101000;000;_;e;10;110100000000000000000000;____;02;030;099;006;013;031;052;0425631020;;;;;;;;;;;;;;;;;;;;;;;;;;;;;;;;;;;;;;;;;;;;;;;;;;
21:06:57;12;88;9999;070;999;09;111111111111000000000000;000000000000000000000000;11101000;000;_;e;10;110100001101000000000000;____;10;004;088;013;004;033;171;0425628620;;;;;;;;;;;;;;;;;;;;;;;;;;;;;;;;;;;;;;;;;;;;;;;;;;
21:09:17;12;89;9999;075;999;09;111111111111000000000000;000000000000000000000000;11101000;000;_;e;10;000000001100000000000000;____;10;007;071;018;007;041;051;0425630425;;;;;;;;;;;;;;;;;;;;;;;;;;;;;;;;;;;;;;;;;;;;;;;;;;
21:09:21;12;90;9999;074;278;09;111111111111000000000000;000000000000000000000000;11101000;000;_;e;10;001011111100000000000000;____;06;032;053;029;021;037;118;0425629327;;;;;;;;;;;;;;;;;;;;;;;;;;;;;;;;;;;;;;;;;;;;;;;;;;
21:10:31;12;91;9999;065;999;09;111111111111000000000000;000000000000000000000000;11101000;000;_;e;10;101111001101000000000000;____;03;-03;075;019;-10;023;064;0425629326;;;;;;;;;;;;;;;;;;;;;;;;;;;;;;;;;;;;;;;;;;;;;;;;;;
21:11:26;12;92;9999;060;999;09;111111111111000000000000;000000000000000000000000;11101000;000;_;e;10;001111001100000000000000;____;10;003;077;025;-01;019;126;0425629329;;;;;;;;;;;;;;;;;;;;;;;;;;;;;;;;;;;;;;;;;;;;;;;;;;
21:14:49;12;93;9999;057;999;09;111111111111000000000000;000000000000000000000000;11101000;000;_;e;10;000000000001000000000000;____;12;002;066;004;001;002;020;0425629335;;;;;;;;;;;;;;;;;;;;;;;;;;;;;;;;;;;;;;;;;;;;;;;;;;
21:15:25;12;94;9999;075;999;09;111111111111000000000000;000000000000000000000000;11101000;000;_;e;10;101101000100000000000000;____;01;029;088;022;027;036;052;0425631021;;;;;;;;;;;;;;;;;;;;;;;;;;;;;;;;;;;;;;;;;;;;;;;;;;
21:15:59;12;95;9999;076;999;09;111111111111000000000000;000000000000000000000000;11101000;000;_;e;10;001011110100000000000000;____;06;043;066;034;040;048;090;0425629333;;;;;;;;;;;;;;;;;;;;;;;;;;;;;;;;;;;;;;;;;;;;;;;;;;
21:18:29;12;96;9999;064;999;09;111111111111000000000000;000000000000000000000000;11101000;000;_;e;10;110000000000000000000000;____;01;032;102;010;009;032;049;0425628626;;;;;;;;;;;;;;;;;;;;;;;;;;;;;;;;;;;;;;;;;;;;;;;;;;
21:20:29;12;97;9999;081;999;09;111111111111000000000000;000000000000000000000000;11101000;000;_;e;10;001111111100000000000000;____;07;048;036;021;034;049;103;0425627361;;;;;;;;;;;;;;;;;;;;;;;;;;;;;;;;;;;;;;;;;;;;;;;;;;
21:25:43;12;98;9999;056;999;09;111111111111000000000000;000000000000000000000000;11101000;000;_;e;10;001100000101000000000000;____;04;-03;077;000;-09;-03;058;0425630435;;;;;;;;;;;;;;;;;;;;;;;;;;;;;;;;;;;;;;;;;;;;;;;;;;
21:26:40;12;99;9999;075;999;09;111111111111000000000000;000000000000000000000000;11101000;000;_;e;10;101111100100000000000000;____;06;036;065;037;021;037;066;0425631023;;;;;;;;;;;;;;;;;;;;;;;;;;;;;;;;;;;;;;;;;;;;;;;;;;
21:29:38;12;01;9999;073;999;09;111111111111000000000000;000000000000000000000000;11101000;000;_;e;10;001110101100000000000000;____;04;034;072;025;030;043;121;0425628632;;;;;;;;;;;;;;;;;;;;;;;;;;;;;;;;;;;;;;;;;;;;;;;;;;
21:33:11;12;02;9999;061;999;09;111111111111000000000000;000000000000000000000000;11101000;000;_;e;10;001101001100000000000000;____;10;-07;079;013;-12;018;118;0425629649;;;;;;;;;;;;;;;;;;;;;;;;;;;;;;;;;;;;;;;;;;;;;;;;;;
21:48:23;12;03;9999;057;999;09;111111111111000000000000;000000000000000000000000;11101000;000;_;e;10;110000000000000000000000;____;01;029;102;010;028;032;067;0425627852;;;;;;;;;;;;;;;;;;;;;;;;;;;;;;;;;;;;;;;;;;;;;;;;;;
21:59:51;12;04;9999;075;999;09;111111111111000000000000;000000000000000000000000;11101000;000;_;e;10;000000001100000000000000;____;10;074;067;016;024;076;031;0425629659;;;;;;;;;;;;;;;;;;;;;;;;;;;;;;;;;;;;;;;;;;;;;;;;;;
22:00:27;12;05;9999;050;999;09;111111111111000000000000;000000000000000000000000;11101000;000;_;e;10;111001000000000000000000;____;01;030;099;026;028;043;056;0425627376;;;;;;;;;;;;;;;;;;;;;;;;;;;;;;;;;;;;;;;;;;;;;;;;;;
22:01:22;12;06;9999;074;999;09;111111111111000000000000;000000000000000000000000;11101000;000;_;e;10;001010000100000000000000;____;05;005;066;022;005;008;041;0425627375;;;;;;;;;;;;;;;;;;;;;;;;;;;;;;;;;;;;;;;;;;;;;;;;;;
22:01:56;12;07;9999;053;999;09;111111111111000000000000;000000000000000000000000;11101000;000;_;e;10;000000000100000000000000;____;10;000;074;006;000;002;036;0425630445;;;;;;;;;;;;;;;;;;;;;;;;;;;;;;;;;;;;;;;;;;;;;;;;;;
22:02:05;12;08;9999;058;736;09;111111111111000000000000;000000000000000000000000;11101000;000;_;e;10;000000000001000000000000;____;12;-03;073;004;-03;-01;020;0425629660;;;;;;;;;;;;;;;;;;;;;;;;;;;;;;;;;;;;;;;;;;;;;;;;;;
22:03:09;12;09;9999;060;999;09;111111111111000000000000;000000000000000000000000;11101000;000;_;e;10;001111000101000000000000;____;10;-03;080;003;-13;026;143;0425627378;;;;;;;;;;;;;;;;;;;;;;;;;;;;;;;;;;;;;;;;;;;;;;;;;;
22:04:17;12;10;9999;075;999;09;111111111111000000000000;000000000000000000000000;11101000;000;_;e;10;011111000100000000000000;____;04;036;082;024;031;042;107;0425629661;;;;;;;;;;;;;;;;;;;;;;;;;;;;;;;;;;;;;;;;;;;;;;;;;;
22:13:40;12;11;9999;075;999;09;111111111111000000000000;000000000000000000000000;11101000;000;_;e;10;001111001100000000000000;____;06;057;053;022;018;062;099;0425630446;;;;;;;;;;;;;;;;;;;;;;;;;;;;;;;;;;;;;;;;;;;;;;;;;;
22:25:00;12;12;9999;052;999;09;111111111111000000000000;000000000000000000000000;11101000;000;_;e;10;111100001000000000000000;____;09;052;083;020;027;056;080;0425630447;;;;;;;;;;;;;;;;;;;;;;;;;;;;;;;;;;;;;;;;;;;;;;;;;;
22:27:23;12;13;9999;064;999;09;111111111111000000000000;000000000000000000000000;11101000;000;_;e;10;110000000000000000000000;____;01;027;098;015;027;028;063;0425629663;;;;;;;;;;;;;;;;;;;;;;;;;;;;;;;;;;;;;;;;;;;;;;;;;;
22:27:57;12;14;9999;058;999;08;111111111111000000000000;000000000000000000000000;11101000;000;_;e;10;000000110010000000000000;____;07;040;040;012;020;040;029;0425630448;;;;;;;;;;;;;;;;;;;;;;;;;;;;;;;;;;;;;;;;;;;;;;;;;;
22:33:09;12;15;9999;075;999;09;111111111111000000000000;000000000000000000000000;11101000;000;_;e;10;111111101100000000000000;____;02;051;075;039;021;052;143;0425630449;;;;;;;;;;;;;;;;;;;;;;;;;;;;;;;;;;;;;;;;;;;;;;;;;;
22:37:59;12;16;9999;061;999;09;111111111111000000000000;000000000000000000000000;11101000;000;_;e;10;000000001101000000000000;____;10;002;066;006;-06;033;028;0425631036;;;;;;;;;;;;;;;;;;;;;;;;;;;;;;;;;;;;;;;;;;;;;;;;;;
22:41:49;12;17;9999;075;999;08;111111111111000000000000;000000000000000000000000;11101000;000;_;e;10;110011110000000000000000;____;02;-07;080;018;-11;-01;066;0425631037;;;;;;;;;;;;;;;;;;;;;;;;;;;;;;;;;;;;;;;;;;;;;;;;;;
22:45:54;12;18;9999;082;999;09;111111111111000000000000;000000000000000000000000;11101000;000;_;e;10;010000110000000000000000;____;07;027;029;011;023;050;052;0425630452;;;;;;;;;;;;;;;;;;;;;;;;;;;;;;;;;;;;;;;;;;;;;;;;;;
22:49:13;12;19;9999;074;999;09;111111111111000000000000;000000000000000000000000;11101000;000;_;e;10;001111001100000000000000;____;05;067;056;019;027;072;097;0425629352;;;;;;;;;;;;;;;;;;;;;;;;;;;;;;;;;;;;;;;;;;;;;;;;;;
