RDT400 Server V3.30
Site: 
System: Barcode scanner PLC05 (Sick); System type: OPS
Date: 06-12-2024  00:00:42
Date    ;ID;CT;IDX ;TLE;TGA;V ;DEVICE LIST             ;ERROR LIST              ;OUTPUT  ;ENR;R;CODE1 ID;LENGTH;READ LIST;RES;CLV ID;XPOS;YPOS;ZPOS;XMIN;XMAX;CS;CODE CONTENT;XPOS;YPOS;ZPOS;XMIN;XMAX;CS;CODE CONTENT;CODE2 ID;LENGTH;READ LIST;RES;CLV ID;XPOS;YPOS;ZPOS;XMIN;XMAX;CS;CODE CONTENT;XPOS;YPOS;ZPOS;XMIN;XMAX;CS;CODE CONTENT;CODE3 ID;LENGTH;READ LIST;RES;CLV ID;XPOS;YPOS;ZPOS;XMIN;XMAX;CS;CODE CONTENT;XPOS;YPOS;ZPOS;XMIN;XMAX;CS;CODE CONTENT;INFO1;INFO2;CUSTOM1;CUSTOM2;
01:10:58;15;64;9999;080;999;08;111111111111000000000000;000000000000000000000000;11101000;000;_;e;10;001111001100000000000000;____;03;011;061;032;004;035;143;0050120054;;;;;;;;;;;;;;;;;;;;;;;;;;;;;;;;;;;;;;;;;;;;;;;;;;
01:11:07;15;65;9999;056;689;08;111111111111000000000000;000000000000000000000000;11101000;000;_;e;10;001111001100000000000000;____;04;034;057;034;011;040;201;0050120052;;;;;;;;;;;;;;;;;;;;;;;;;;;;;;;;;;;;;;;;;;;;;;;;;;
01:11:19;15;66;9999;079;892;08;111111111111000000000000;000000000000000000000000;11101000;000;_;e;10;001111001100000000000000;____;03;016;040;034;015;046;116;0050120053;;;;;;;;;;;;;;;;;;;;;;;;;;;;;;;;;;;;;;;;;;;;;;;;;;
01:21:34;15;67;9999;079;999;08;111111111111000000000000;000000000000000000000000;11101000;000;_;e;10;001111001100000000000000;____;06;051;056;039;028;052;151;0050120166;;;;;;;;;;;;;;;;;;;;;;;;;;;;;;;;;;;;;;;;;;;;;;;;;;
01:21:58;15;68;9999;074;999;08;111111111111000000000000;000000000000000000000000;11101000;000;_;e;10;001111001100000000000000;____;06;043;051;038;027;043;129;0050120055;;;;;;;;;;;;;;;;;;;;;;;;;;;;;;;;;;;;;;;;;;;;;;;;;;
01:27:51;15;69;9999;050;999;08;111111111111000000000000;000000000000000000000000;11101000;000;_;e;10;001111001100000000000000;____;03;019;045;031;017;023;058;0050120452;;;;;;;;;;;;;;;;;;;;;;;;;;;;;;;;;;;;;;;;;;;;;;;;;;
01:28:03;15;70;9999;054;909;08;111111111111000000000000;000000000000000000000000;11101000;000;_;e;10;001111001100000000000000;____;03;030;066;032;008;032;095;0050119774;;;;;;;;;;;;;;;;;;;;;;;;;;;;;;;;;;;;;;;;;;;;;;;;;;
01:28:15;15;71;9999;075;925;08;111111111111000000000000;000000000000000000000000;11101000;000;_;e;10;001111001100000000000000;____;06;046;061;038;028;046;175;0050120454;;;;;;;;;;;;;;;;;;;;;;;;;;;;;;;;;;;;;;;;;;;;;;;;;;
01:28:25;15;72;9999;047;759;08;111111111111000000000000;000000000000000000000000;11101000;000;_;e;10;001111001100000000000000;____;06;025;058;035;-02;025;167;0050119776;;;;;;;;;;;;;;;;;;;;;;;;;;;;;;;;;;;;;;;;;;;;;;;;;;
01:28:43;15;73;9999;063;999;08;111111111111000000000000;000000000000000000000000;11101000;000;_;e;10;001111001100000000000000;____;06;042;062;037;030;043;133;0050120453;;;;;;;;;;;;;;;;;;;;;;;;;;;;;;;;;;;;;;;;;;;;;;;;;;
01:28:55;15;74;9999;049;955;08;111111111111000000000000;000000000000000000000000;11101000;000;_;e;10;001111001100000000000000;____;05;026;053;032;015;034;101;0050119775;;;;;;;;;;;;;;;;;;;;;;;;;;;;;;;;;;;;;;;;;;;;;;;;;;
01:31:37;15;75;9999;075;999;08;111111111111000000000000;000000000000000000000000;11010000;000;_;;;;;;;;;;;;;;;;;;;;;;;;;;;;;;;;;;;;;;;;;;;;;;;;;;;;;;;;;;;;;;
01:31:42;15;76;9999;073;312;08;111111111111000000000000;000000000000000000000000;11010000;000;_;;;;;;;;;;;;;;;;;;;;;;;;;;;;;;;;;;;;;;;;;;;;;;;;;;;;;;;;;;;;;;
01:31:46;15;77;9999;080;247;08;111111111111000000000000;000000000000000000000000;11010000;000;_;;;;;;;;;;;;;;;;;;;;;;;;;;;;;;;;;;;;;;;;;;;;;;;;;;;;;;;;;;;;;;
01:31:50;15;78;9999;047;267;08;111111111111000000000000;000000000000000000000000;11010000;000;_;;;;;;;;;;;;;;;;;;;;;;;;;;;;;;;;;;;;;;;;;;;;;;;;;;;;;;;;;;;;;;
01:31:55;15;79;9999;074;388;08;111111111111000000000000;000000000000000000000000;11010000;000;_;;;;;;;;;;;;;;;;;;;;;;;;;;;;;;;;;;;;;;;;;;;;;;;;;;;;;;;;;;;;;;
01:48:22;15;80;9999;059;999;08;111111111111000000000000;000000000000000000000000;11101000;000;_;e;10;001111001100000000000000;____;04;028;045;037;020;028;099;0050120452;;;;;;;;;;;;;;;;;;;;;;;;;;;;;;;;;;;;;;;;;;;;;;;;;;
01:48:29;15;81;9999;075;512;08;111111111111000000000000;000000000000000000000000;11101000;000;_;e;10;001111001100000000000000;____;06;039;043;039;037;044;076;0050119775;;;;;;;;;;;;;;;;;;;;;;;;;;;;;;;;;;;;;;;;;;;;;;;;;;
01:48:37;15;82;9999;046;547;08;111111111111000000000000;000000000000000000000000;11101000;000;_;e;10;001111001100000000000000;____;06;020;057;039;013;022;073;0050120454;;;;;;;;;;;;;;;;;;;;;;;;;;;;;;;;;;;;;;;;;;;;;;;;;;
01:48:45;15;83;9999;047;680;08;111111111111000000000000;000000000000000000000000;11101000;000;_;e;10;001111001100000000000000;____;03;011;038;028;010;041;169;0050119776;;;;;;;;;;;;;;;;;;;;;;;;;;;;;;;;;;;;;;;;;;;;;;;;;;
01:48:50;15;84;9999;079;316;08;111111111111000000000000;000000000000000000000000;11101000;000;_;e;10;001111001100000000000000;____;03;017;055;034;016;057;217;0050119774;;;;;;;;;;;;;;;;;;;;;;;;;;;;;;;;;;;;;;;;;;;;;;;;;;
02:13:20;15;85;9999;080;999;08;111111111111000000000000;000000000000000000000000;11101000;000;_;e;10;001111001100000000000000;____;05;030;050;032;007;034;226;0050120153;;;;;;;;;;;;;;;;;;;;;;;;;;;;;;;;;;;;;;;;;;;;;;;;;;
02:40:39;15;86;9999;047;999;08;111111111111000000000000;000000000000000000000000;11101000;000;_;e;10;001111001100000000000000;____;03;027;064;033;021;030;105;0050119462;;;;;;;;;;;;;;;;;;;;;;;;;;;;;;;;;;;;;;;;;;;;;;;;;;
02:41:17;15;87;9999;068;999;08;111111111111000000000000;000000000000000000000000;11101000;000;_;e;10;001111001100000000000000;____;06;030;046;039;026;051;127;0050119461;;;;;;;;;;;;;;;;;;;;;;;;;;;;;;;;;;;;;;;;;;;;;;;;;;
02:47:36;15;88;9999;051;999;08;111111111111000000000000;000000000000000000000000;11101000;000;_;e;10;000000000010000000000000;____;11;022;051;004;022;034;011;0050120154;;;;;;;;;;;;;;;;;;;;;;;;;;;;;;;;;;;;;;;;;;;;;;;;;;
02:47:58;15;89;9999;079;999;08;111111111111000000000000;000000000000000000000000;11101000;000;_;e;10;001111001100000000000000;____;03;028;042;030;026;047;145;0050119460;;;;;;;;;;;;;;;;;;;;;;;;;;;;;;;;;;;;;;;;;;;;;;;;;;
02:54:35;15;90;9999;072;999;08;111111111111000000000000;000000000000000000000000;11010000;000;_;;;;;;;;;;;;;;;;;;;;;;;;;;;;;;;;;;;;;;;;;;;;;;;;;;;;;;;;;;;;;;
02:55:27;15;91;9999;080;999;08;111111111111000000000000;000000000000000000000000;11001000;000;_;e;10;001111001100000000000000;____;05;024;067;024;024;042;148;0050119776;047;054;032;023;050;136;0050120055;;;;;;;;;;;;;;;;;;;;;;;;;;;;;;;;;;;;;;;;;;;
10:05:44;15;92;9999;047;999;08;111111111111000000000000;000000000000000000000000;11101000;000;_;e;10;001111001100000000000000;____;03;015;048;033;014;020;108;0050120465;;;;;;;;;;;;;;;;;;;;;;;;;;;;;;;;;;;;;;;;;;;;;;;;;;
10:05:47;15;93;9999;046;199;05;111111111111000000000000;000000000000000000000000;11101000;000;_;e;10;001111001100000000000000;____;06;021;074;035;013;030;077;0050120162;;;;;;;;;;;;;;;;;;;;;;;;;;;;;;;;;;;;;;;;;;;;;;;;;;
10:22:54;15;94;9999;074;999;08;111111111111000000000000;000000000000000000000000;11101000;000;_;e;10;001111001100000000000000;____;09;024;066;033;003;047;128;0050120161;;;;;;;;;;;;;;;;;;;;;;;;;;;;;;;;;;;;;;;;;;;;;;;;;;
