RDT400 Server V3.30
Site: 
System: Barcode scanner PLC02 (Sick); System type: OPS
Date: 17-12-2024  00:00:39
Date    ;ID;CT;IDX ;TLE;TGA;V ;DEVICE LIST             ;ERROR LIST              ;OUTPUT  ;ENR;R;CODE1 ID;LENGTH;READ LIST;RES;CLV ID;XPOS;YPOS;ZPOS;XMIN;XMAX;CS;CODE CONTENT;XPOS;YPOS;ZPOS;XMIN;XMAX;CS;CODE CONTENT;CODE2 ID;LENGTH;READ LIST;RES;CLV ID;XPOS;YPOS;ZPOS;XMIN;XMAX;CS;CODE CONTENT;XPOS;YPOS;ZPOS;XMIN;XMAX;CS;CODE CONTENT;CODE3 ID;LENGTH;READ LIST;RES;CLV ID;XPOS;YPOS;ZPOS;XMIN;XMAX;CS;CODE CONTENT;XPOS;YPOS;ZPOS;XMIN;XMAX;CS;CODE CONTENT;INFO1;INFO2;CUSTOM1;CUSTOM2;
05:01:21;12;75;9999;069;999;08;111111111111000000000000;000000000000000000000000;11101000;000;_;e;10;000100000100000000000000;____;10;001;066;021;001;004;041;0425588493;;;;;;;;;;;;;;;;;;;;;;;;;;;;;;;;;;;;;;;;;;;;;;;;;;
05:04:32;12;76;9999;077;999;09;111111111111000000000000;000000000000000000000000;11101000;000;_;e;10;001111001100000000000000;____;06;041;063;029;037;044;061;0425592460;;;;;;;;;;;;;;;;;;;;;;;;;;;;;;;;;;;;;;;;;;;;;;;;;;
05:23:34;12;77;9999;074;999;09;111111111111000000000000;000000000000000000000000;11101000;000;_;e;10;001110101100000000000000;____;04;046;079;035;032;051;099;0425591283;;;;;;;;;;;;;;;;;;;;;;;;;;;;;;;;;;;;;;;;;;;;;;;;;;
05:24:31;12;78;9999;059;999;09;111111111111000000000000;000000000000000000000000;11101000;000;_;e;10;100101000000000000000000;____;04;000;089;021;000;011;054;0425591368;;;;;;;;;;;;;;;;;;;;;;;;;;;;;;;;;;;;;;;;;;;;;;;;;;
05:25:16;12;79;9999;045;999;08;111111111111000000000000;000000000000000000000000;11101000;000;_;e;10;000001111000000000000000;____;07;030;053;009;026;050;047;0425588498;;;;;;;;;;;;;;;;;;;;;;;;;;;;;;;;;;;;;;;;;;;;;;;;;;
05:26:54;12;80;9999;076;999;09;111111111111000000000000;000000000000000000000000;11101000;000;_;e;10;000110110000000000000000;____;04;038;045;027;026;041;052;0425593032;;;;;;;;;;;;;;;;;;;;;;;;;;;;;;;;;;;;;;;;;;;;;;;;;;
05:28:09;12;81;9999;051;999;09;111111111111000000000000;000000000000000000000000;11101000;000;_;e;10;000000001100000000000000;____;09;-02;081;025;-06;005;046;0425592474;;;;;;;;;;;;;;;;;;;;;;;;;;;;;;;;;;;;;;;;;;;;;;;;;;
05:30:02;12;82;9999;083;999;09;111111111111000000000000;000000000000000000000000;11101000;000;_;e;10;000111011010000000000000;____;04;064;047;038;017;065;106;0425592476;;;;;;;;;;;;;;;;;;;;;;;;;;;;;;;;;;;;;;;;;;;;;;;;;;
05:30:43;12;83;9999;055;999;09;111111111111000000000000;000000000000000000000000;11101000;000;_;e;10;010110000100000000000000;____;10;004;074;019;004;026;042;0425591469;;;;;;;;;;;;;;;;;;;;;;;;;;;;;;;;;;;;;;;;;;;;;;;;;;
05:32:43;12;84;9999;074;999;09;111111111111000000000000;000000000000000000000000;11101000;000;_;e;10;100100000100000000000000;____;04;030;081;029;026;035;064;0425592478;;;;;;;;;;;;;;;;;;;;;;;;;;;;;;;;;;;;;;;;;;;;;;;;;;
05:35:05;12;85;9999;055;999;09;111111111111000000000000;000000000000000000000000;11101000;000;_;e;10;000100000100000000000000;____;10;-09;074;010;-15;-04;052;0425593037;;;;;;;;;;;;;;;;;;;;;;;;;;;;;;;;;;;;;;;;;;;;;;;;;;
05:36:35;12;86;9999;069;999;08;111111111111000000000000;000000000000000000000000;11101000;000;_;e;10;101111000101000000000000;____;06;-03;074;006;-06;013;141;0425591471;;;;;;;;;;;;;;;;;;;;;;;;;;;;;;;;;;;;;;;;;;;;;;;;;;
05:36:43;12;87;9999;075;613;09;111111111111000000000000;000000000000000000000000;11101000;000;_;e;10;001111001100000000000000;____;09;038;055;023;036;054;176;0425594038;;;;;;;;;;;;;;;;;;;;;;;;;;;;;;;;;;;;;;;;;;;;;;;;;;
05:38:17;12;88;9999;058;999;09;111111111111000000000000;000000000000000000000000;11101000;000;_;e;10;000110001100000000000000;____;10;-02;074;008;-02;029;049;0425593038;;;;;;;;;;;;;;;;;;;;;;;;;;;;;;;;;;;;;;;;;;;;;;;;;;
05:40:43;12;89;9999;062;999;09;111111111111000000000000;000000000000000000000000;11010000;000;_;;;;;;;;;;;;;;;;;;;;;;;;;;;;;;;;;;;;;;;;;;;;;;;;;;;;;;;;;;;;;;
05:42:51;12;90;9999;068;999;09;111111111111000000000000;000000000000000000000000;11101000;000;_;e;10;001100000000000000000000;____;04;034;100;031;033;035;059;0425592481;;;;;;;;;;;;;;;;;;;;;;;;;;;;;;;;;;;;;;;;;;;;;;;;;;
05:46:12;12;91;9999;066;999;09;111111111111000000000000;000000000000000000000000;11101000;000;_;e;10;000110000100000000000000;____;10;001;068;020;000;003;049;0425591371;;;;;;;;;;;;;;;;;;;;;;;;;;;;;;;;;;;;;;;;;;;;;;;;;;
05:48:06;12;92;9999;071;999;09;111111111111000000000000;000000000000000000000000;11101000;000;_;e;10;110000000000000000000000;____;01;033;101;010;008;035;067;0425593040;;;;;;;;;;;;;;;;;;;;;;;;;;;;;;;;;;;;;;;;;;;;;;;;;;
05:48:12;12;93;9999;076;425;09;111111111111000000000000;000000000000000000000000;11101000;000;_;e;10;111100000000000000000000;____;04;049;083;019;047;051;053;0425594042;;;;;;;;;;;;;;;;;;;;;;;;;;;;;;;;;;;;;;;;;;;;;;;;;;
05:48:49;12;94;9999;075;999;09;111111111111000000000000;000000000000000000000000;11101000;000;_;e;10;001111001100000000000000;____;05;042;050;020;041;046;116;0425591475;;;;;;;;;;;;;;;;;;;;;;;;;;;;;;;;;;;;;;;;;;;;;;;;;;
05:50:28;12;95;9999;074;999;09;111111111111000000000000;000000000000000000000000;11101000;000;_;e;10;001100001100000000000000;____;04;025;075;043;021;027;040;0425591372;;;;;;;;;;;;;;;;;;;;;;;;;;;;;;;;;;;;;;;;;;;;;;;;;;
05:52:45;12;96;9999;080;999;09;111111111111000000000000;000000000000000000000000;11101000;000;_;e;10;110100000000000000000000;____;01;066;098;006;042;070;042;0425591480;;;;;;;;;;;;;;;;;;;;;;;;;;;;;;;;;;;;;;;;;;;;;;;;;;
05:53:27;12;97;9999;079;999;09;111111111111000000000000;000000000000000000000000;11101000;000;_;e;10;110000000001000000000000;____;12;048;092;004;037;050;048;0425591481;;;;;;;;;;;;;;;;;;;;;;;;;;;;;;;;;;;;;;;;;;;;;;;;;;
05:53:41;12;98;9999;056;999;09;111111111111000000000000;000000000000000000000000;11101000;000;_;e;10;001111001001000000000000;____;09;070;074;010;061;072;072;0425592145;;;;;;;;;;;;;;;;;;;;;;;;;;;;;;;;;;;;;;;;;;;;;;;;;;
05:54:23;12;99;9999;076;999;09;111111111111000000000000;000000000000000000000000;11101000;000;_;e;10;001110001100000000000000;____;03;025;072;031;018;037;060;0425592493;;;;;;;;;;;;;;;;;;;;;;;;;;;;;;;;;;;;;;;;;;;;;;;;;;
05:56:10;12;01;9999;078;999;08;111111111111000000000000;000000000000000000000000;11101000;000;_;e;10;001101001100000000000000;____;09;046;064;048;043;047;125;0425592146;;;;;;;;;;;;;;;;;;;;;;;;;;;;;;;;;;;;;;;;;;;;;;;;;;
05:57:39;12;02;9999;064;999;09;111111111111000000000000;000000000000000000000000;11101000;000;_;e;10;000010110000000000000000;____;07;034;049;015;030;036;030;0425591485;;;;;;;;;;;;;;;;;;;;;;;;;;;;;;;;;;;;;;;;;;;;;;;;;;
06:01:08;12;03;9999;064;999;09;111111111111000000000000;000000000000000000000000;11101000;000;_;e;10;110010000101000000000000;____;02;036;097;023;002;037;054;0425593043;;;;;;;;;;;;;;;;;;;;;;;;;;;;;;;;;;;;;;;;;;;;;;;;;;
06:03:35;12;04;9999;073;999;09;111111111111000000000000;000000000000000000000000;11101000;000;_;e;10;001111101000000000000000;____;05;038;053;022;037;040;106;0425591289;;;;;;;;;;;;;;;;;;;;;;;;;;;;;;;;;;;;;;;;;;;;;;;;;;
06:06:13;12;05;9999;058;999;09;111111111111000000000000;000000000000000000000000;11101000;000;_;e;10;000111100010000000000000;____;05;031;047;001;017;035;072;0425592148;;;;;;;;;;;;;;;;;;;;;;;;;;;;;;;;;;;;;;;;;;;;;;;;;;
06:06:34;12;06;9999;075;999;09;111111111111000000000000;000000000000000000000000;11101000;000;_;e;10;000001000100000000000000;____;06;017;064;005;017;019;047;0425594047;;;;;;;;;;;;;;;;;;;;;;;;;;;;;;;;;;;;;;;;;;;;;;;;;;
06:06:48;12;07;9999;078;999;09;111111111111000000000000;000000000000000000000000;11101000;000;_;e;10;101110001100000000000000;____;04;025;069;036;020;030;092;0425592147;;;;;;;;;;;;;;;;;;;;;;;;;;;;;;;;;;;;;;;;;;;;;;;;;;
06:06:50;12;08;9999;077;139;09;111111111111000000000000;000000000000000000000000;11101000;000;_;e;10;000000110000000000000000;____;07;053;039;008;033;053;020;0425592149;;;;;;;;;;;;;;;;;;;;;;;;;;;;;;;;;;;;;;;;;;;;;;;;;;
06:08:12;12;09;9999;075;999;08;111111111111000000000000;000000000000000000000000;11101000;000;_;e;10;110000000100000000000000;____;01;038;101;012;-02;039;061;0425591489;;;;;;;;;;;;;;;;;;;;;;;;;;;;;;;;;;;;;;;;;;;;;;;;;;
06:08:51;12;10;9999;074;999;09;111111111111000000000000;000000000000000000000000;11101000;000;_;e;10;000011111000000000000000;____;06;042;051;024;041;045;067;0425591490;;;;;;;;;;;;;;;;;;;;;;;;;;;;;;;;;;;;;;;;;;;;;;;;;;
06:10:00;12;11;9999;070;999;09;111111111111000000000000;000000000000000000000000;11101000;000;_;e;10;000011101010000000000000;____;05;041;044;005;040;044;124;0425591375;;;;;;;;;;;;;;;;;;;;;;;;;;;;;;;;;;;;;;;;;;;;;;;;;;
06:13:37;12;12;9999;062;999;09;111111111111000000000000;000000000000000000000000;11101000;000;_;e;10;001111011100000000000000;____;09;027;049;020;025;030;168;0425591498;;;;;;;;;;;;;;;;;;;;;;;;;;;;;;;;;;;;;;;;;;;;;;;;;;
06:15:07;12;13;9999;063;999;09;111111111111000000000000;000000000000000000000000;11101000;000;_;e;10;001111001100000000000000;____;10;027;081;032;027;069;168;0425591499;;;;;;;;;;;;;;;;;;;;;;;;;;;;;;;;;;;;;;;;;;;;;;;;;;
06:15:54;12;14;9999;076;999;09;111111111111000000000000;000000000000000000000000;11101000;000;_;e;10;001100000100000000000000;____;04;044;046;018;042;056;059;0425593650;;;;;;;;;;;;;;;;;;;;;;;;;;;;;;;;;;;;;;;;;;;;;;;;;;
06:22:14;12;15;9999;075;999;09;111111111111000000000000;000000000000000000000000;11101000;000;_;e;10;011100001000000000000000;____;02;045;094;031;043;057;028;0425593048;;;;;;;;;;;;;;;;;;;;;;;;;;;;;;;;;;;;;;;;;;;;;;;;;;
06:24:02;12;16;9999;072;999;09;111111111111000000000000;000000000000000000000000;11101000;000;_;e;10;000000000101000000000000;____;10;025;087;031;004;025;005;0425593654;;;;;;;;;;;;;;;;;;;;;;;;;;;;;;;;;;;;;;;;;;;;;;;;;;
06:24:14;12;17;9999;063;984;09;111111111111000000000000;000000000000000000000000;11101000;000;_;e;10;000000010000000000000000;____;08;025;050;006;024;025;008;0425594052;;;;;;;;;;;;;;;;;;;;;;;;;;;;;;;;;;;;;;;;;;;;;;;;;;
06:25:18;12;18;9999;074;999;09;111111111111000000000000;000000000000000000000000;11101000;000;_;e;10;000100110000000000000000;____;07;067;047;026;044;068;013;0425591295;;;;;;;;;;;;;;;;;;;;;;;;;;;;;;;;;;;;;;;;;;;;;;;;;;
06:25:23;12;19;9999;071;323;09;111111111111000000000000;000000000000000000000000;11101000;000;_;e;10;001101000100000000000000;____;04;050;047;026;027;050;043;0425593049;;;;;;;;;;;;;;;;;;;;;;;;;;;;;;;;;;;;;;;;;;;;;;;;;;
06:26:09;12;20;9999;053;999;09;111111111111000000000000;000000000000000000000000;11101000;000;_;e;10;000000100000000000000000;____;07;036;038;016;035;036;034;0425591296;;;;;;;;;;;;;;;;;;;;;;;;;;;;;;;;;;;;;;;;;;;;;;;;;;
06:27:56;12;21;9999;055;999;09;111111111111000000000000;000000000000000000000000;11101000;000;_;e;10;001101001001000000000000;____;09;-03;065;016;-05;014;126;0425594055;;;;;;;;;;;;;;;;;;;;;;;;;;;;;;;;;;;;;;;;;;;;;;;;;;
06:28:05;12;22;9999;065;677;09;111111111111000000000000;000000000000000000000000;11101000;000;_;e;10;010101001100000000000000;____;10;-03;084;022;-03;013;080;0425594053;;;;;;;;;;;;;;;;;;;;;;;;;;;;;;;;;;;;;;;;;;;;;;;;;;
06:28:27;12;23;9999;080;999;09;111111111111000000000000;000000000000000000000000;11101000;000;_;e;10;000011001100000000000000;____;09;046;051;035;023;047;110;0425591297;;;;;;;;;;;;;;;;;;;;;;;;;;;;;;;;;;;;;;;;;;;;;;;;;;
06:28:55;12;24;9999;049;999;09;111111111111000000000000;000000000000000000000000;11101000;000;_;e;10;001111111110000000000000;____;09;020;051;009;015;038;182;0425594054;;;;;;;;;;;;;;;;;;;;;;;;;;;;;;;;;;;;;;;;;;;;;;;;;;
06:34:59;12;25;9999;074;999;09;111111111111000000000000;000000000000000000000000;11101000;000;_;e;10;000010110010000000000000;____;05;048;043;009;047;049;053;0425594057;;;;;;;;;;;;;;;;;;;;;;;;;;;;;;;;;;;;;;;;;;;;;;;;;;
06:36:03;12;26;9999;083;999;09;111111111111000000000000;000000000000000000000000;11101000;000;_;e;10;001111110110000000000000;____;04;059;036;019;047;060;111;0425592156;;;;;;;;;;;;;;;;;;;;;;;;;;;;;;;;;;;;;;;;;;;;;;;;;;
06:36:21;12;27;9999;075;999;09;111111111111000000000000;000000000000000000000000;11101000;000;_;e;10;001100000000000000000000;____;03;052;071;028;052;053;032;0425591298;;;;;;;;;;;;;;;;;;;;;;;;;;;;;;;;;;;;;;;;;;;;;;;;;;
06:36:33;12;28;9999;064;961;09;111111111111000000000000;000000000000000000000000;11101000;000;_;e;10;110000000000000000000000;____;01;035;101;014;033;036;050;0425594058;;;;;;;;;;;;;;;;;;;;;;;;;;;;;;;;;;;;;;;;;;;;;;;;;;
06:37:20;12;29;9999;075;999;09;111111111111000000000000;000000000000000000000000;11101000;000;_;e;10;001001000000000000000000;____;06;056;084;035;050;056;022;0425594059;;;;;;;;;;;;;;;;;;;;;;;;;;;;;;;;;;;;;;;;;;;;;;;;;;
06:39:29;12;30;9999;063;999;09;111111111111000000000000;000000000000000000000000;11101000;000;_;e;10;001000001100000000000000;____;03;027;084;050;026;028;017;0425593051;;;;;;;;;;;;;;;;;;;;;;;;;;;;;;;;;;;;;;;;;;;;;;;;;;
06:40:45;12;31;9999;054;999;09;111111111111000000000000;000000000000000000000000;11101000;000;_;e;10;001111001101000000000000;____;09;065;074;010;061;066;160;0425594060;;;;;;;;;;;;;;;;;;;;;;;;;;;;;;;;;;;;;;;;;;;;;;;;;;
06:42:15;12;32;9999;072;999;09;111111111111000000000000;000000000000000000000000;11101000;000;_;e;10;010000000000000000000000;____;02;032;100;011;032;032;004;0425594061;;;;;;;;;;;;;;;;;;;;;;;;;;;;;;;;;;;;;;;;;;;;;;;;;;
06:43:14;12;33;9999;057;999;09;111111111111000000000000;000000000000000000000000;11101000;000;_;e;10;001111001101000000000000;____;03;066;085;013;061;069;161;0425593661;;;;;;;;;;;;;;;;;;;;;;;;;;;;;;;;;;;;;;;;;;;;;;;;;;
06:43:19;12;34;9999;079;328;09;111111111111000000000000;000000000000000000000000;11101000;000;_;e;10;001111111100000000000000;____;05;044;061;027;043;048;125;0425592160;;;;;;;;;;;;;;;;;;;;;;;;;;;;;;;;;;;;;;;;;;;;;;;;;;
06:46:45;12;35;9999;074;999;09;111111111111000000000000;000000000000000000000000;11101000;000;_;e;10;000110011100000000000000;____;05;043;047;018;037;046;067;0425592161;;;;;;;;;;;;;;;;;;;;;;;;;;;;;;;;;;;;;;;;;;;;;;;;;;
06:47:36;12;36;9999;046;999;09;111111111111000000000000;000000000000000000000000;11101000;000;_;e;10;100110000100000000000000;____;10;-02;073;021;-04;008;064;0425593053;;;;;;;;;;;;;;;;;;;;;;;;;;;;;;;;;;;;;;;;;;;;;;;;;;
06:48:22;12;37;9999;052;999;09;111111111111000000000000;000000000000000000000000;11101000;000;_;e;10;100101001100000000000000;____;10;-04;086;023;-06;008;077;0425593055;;;;;;;;;;;;;;;;;;;;;;;;;;;;;;;;;;;;;;;;;;;;;;;;;;
06:49:05;12;38;9999;053;999;09;111111111111000000000000;000000000000000000000000;11101000;000;_;e;10;010100100100000000000000;____;10;-04;081;012;-04;003;077;0425592164;;;;;;;;;;;;;;;;;;;;;;;;;;;;;;;;;;;;;;;;;;;;;;;;;;
06:53:39;12;39;9999;056;999;09;111111111111000000000000;000000000000000000000000;11101000;000;_;e;10;110000000000000000000000;____;02;030;099;017;028;031;040;0425593662;;;;;;;;;;;;;;;;;;;;;;;;;;;;;;;;;;;;;;;;;;;;;;;;;;
06:59:42;12;40;9999;074;999;09;111111111111000000000000;000000000000000000000000;11101000;000;_;e;10;111011001100000000000000;____;06;037;074;044;013;053;067;0425593059;;;;;;;;;;;;;;;;;;;;;;;;;;;;;;;;;;;;;;;;;;;;;;;;;;
07:01:12;12;41;9999;078;999;09;111111111111000000000000;000000000000000000000000;11010000;000;_;;;;;;;;;;;;;;;;;;;;;;;;;;;;;;;;;;;;;;;;;;;;;;;;;;;;;;;;;;;;;;
07:02:16;12;42;9999;069;999;09;111111111111000000000000;000000000000000000000000;11101000;000;_;e;10;000011111010000000000000;____;06;048;047;019;037;052;084;0425593060;;;;;;;;;;;;;;;;;;;;;;;;;;;;;;;;;;;;;;;;;;;;;;;;;;
07:08:57;12;43;9999;080;999;08;111111111111000000000000;000000000000000000000000;11101000;000;_;e;10;110000000000000000000000;____;01;037;100;018;034;038;034;0425594064;;;;;;;;;;;;;;;;;;;;;;;;;;;;;;;;;;;;;;;;;;;;;;;;;;
07:10:45;12;44;9999;063;999;09;111111111111000000000000;000000000000000000000000;11101000;000;_;e;10;000100000101000000000000;____;10;002;076;009;000;008;040;0425593062;;;;;;;;;;;;;;;;;;;;;;;;;;;;;;;;;;;;;;;;;;;;;;;;;;
07:17:56;12;45;9999;071;999;09;111111111111000000000000;000000000000000000000000;11101000;000;_;e;10;010010000100000000000000;____;02;043;098;025;034;056;010;0425592176;;;;;;;;;;;;;;;;;;;;;;;;;;;;;;;;;;;;;;;;;;;;;;;;;;
07:18:16;12;46;9999;061;999;09;111111111111000000000000;000000000000000000000000;11101000;000;_;e;10;010000001100000000000000;____;10;009;081;004;-08;037;040;0425592177;;;;;;;;;;;;;;;;;;;;;;;;;;;;;;;;;;;;;;;;;;;;;;;;;;
07:18:55;12;47;9999;063;999;09;111111111111000000000000;000000000000000000000000;11101000;000;_;e;10;000110000001000000000000;____;12;007;076;004;007;018;021;0425592178;;;;;;;;;;;;;;;;;;;;;;;;;;;;;;;;;;;;;;;;;;;;;;;;;;
07:29:15;12;48;9999;073;999;08;111111111111000000000000;000000000000000000000000;11101000;000;_;e;10;100000000000000000000000;____;01;032;095;003;032;032;010;0425592179;;;;;;;;;;;;;;;;;;;;;;;;;;;;;;;;;;;;;;;;;;;;;;;;;;
07:30:03;12;49;9999;074;999;09;111111111111000000000000;000000000000000000000000;11101000;000;_;e;10;111100000100000000000000;____;04;040;076;021;037;054;050;0425592180;;;;;;;;;;;;;;;;;;;;;;;;;;;;;;;;;;;;;;;;;;;;;;;;;;
07:30:41;12;50;9999;076;999;09;111111111111000000000000;000000000000000000000000;11101000;000;_;e;10;011001001000000000000000;____;03;033;081;027;032;055;085;0425592181;;;;;;;;;;;;;;;;;;;;;;;;;;;;;;;;;;;;;;;;;;;;;;;;;;
07:41:33;12;51;9999;075;999;09;111111111111000000000000;000000000000000000000000;11101000;000;_;e;10;001111001100000000000000;____;09;064;064;014;027;065;115;0425593063;;;;;;;;;;;;;;;;;;;;;;;;;;;;;;;;;;;;;;;;;;;;;;;;;;
07:43:01;12;52;9999;066;999;09;111111111111000000000000;000000000000000000000000;11101000;000;_;e;10;011100110000000000000000;____;02;-09;070;025;-09;-03;050;0425592182;;;;;;;;;;;;;;;;;;;;;;;;;;;;;;;;;;;;;;;;;;;;;;;;;;
07:44:48;12;53;9999;066;999;09;111111111111000000000000;000000000000000000000000;11101000;000;_;e;10;000110011110000000000000;____;04;057;049;019;043;057;086;0425592186;;;;;;;;;;;;;;;;;;;;;;;;;;;;;;;;;;;;;;;;;;;;;;;;;;
07:53:17;12;54;9999;074;999;09;111111111111000000000000;000000000000000000000000;11101000;000;_;e;10;001101111100000000000000;____;04;048;066;031;024;053;062;0425592187;;;;;;;;;;;;;;;;;;;;;;;;;;;;;;;;;;;;;;;;;;;;;;;;;;
08:04:05;12;55;9999;075;999;09;111111111111000000000000;000000000000000000000000;11101000;000;_;e;10;000100000000000000000000;____;04;025;087;008;025;025;018;0425597919;;;;;;;;;;;;;;;;;;;;;;;;;;;;;;;;;;;;;;;;;;;;;;;;;;
08:05:24;12;56;9999;052;999;09;111111111111000000000000;000000000000000000000000;11101000;000;_;e;10;000100000100000000000000;____;10;-06;081;014;-06;018;040;0425593962;;;;;;;;;;;;;;;;;;;;;;;;;;;;;;;;;;;;;;;;;;;;;;;;;;
08:23:47;12;57;9999;076;999;09;111111111111000000000000;000000000000000000000000;11101000;000;_;e;10;111100001000000000000000;____;03;041;081;028;038;044;072;0425597925;;;;;;;;;;;;;;;;;;;;;;;;;;;;;;;;;;;;;;;;;;;;;;;;;;
08:27:43;12;58;9999;062;999;09;111111111111000000000000;000000000000000000000000;11101000;000;_;e;10;000000001000000000000000;____;09;056;052;011;051;056;032;0425593975;;;;;;;;;;;;;;;;;;;;;;;;;;;;;;;;;;;;;;;;;;;;;;;;;;
08:36:20;12;59;9999;066;999;09;111111111111000000000000;000000000000000000000000;11101000;000;_;e;10;011100000100000000000000;____;10;001;075;020;001;025;051;0425593985;;;;;;;;;;;;;;;;;;;;;;;;;;;;;;;;;;;;;;;;;;;;;;;;;;
08:38:45;12;60;9999;064;999;09;111111111111000000000000;000000000000000000000000;11101000;000;_;e;10;001101111100000000000000;____;08;030;025;015;018;036;068;0425597937;;;;;;;;;;;;;;;;;;;;;;;;;;;;;;;;;;;;;;;;;;;;;;;;;;
08:41:57;12;61;9999;057;999;09;111111111111000000000000;000000000000000000000000;11101000;000;_;e;10;001111001100000000000000;____;10;-08;080;007;-14;016;125;0425597935;;;;;;;;;;;;;;;;;;;;;;;;;;;;;;;;;;;;;;;;;;;;;;;;;;
09:34:08;12;62;9999;075;999;09;111111111111000000000000;000000000000000000000000;11101000;000;_;e;10;111101001000000000000000;____;03;045;078;027;043;064;072;0425593734;;;;;;;;;;;;;;;;;;;;;;;;;;;;;;;;;;;;;;;;;;;;;;;;;;
09:58:18;12;63;9999;078;999;09;111111111111000000000000;000000000000000000000000;11101000;000;_;e;10;110000000000000000000000;____;02;053;101;013;053;056;054;0425593739;;;;;;;;;;;;;;;;;;;;;;;;;;;;;;;;;;;;;;;;;;;;;;;;;;
10:18:33;12;64;9999;080;999;09;111111111111000000000000;000000000000000000000000;11101000;000;_;e;10;000111001100000000000000;____;09;041;061;037;036;041;115;0425593741;;;;;;;;;;;;;;;;;;;;;;;;;;;;;;;;;;;;;;;;;;;;;;;;;;
10:23:09;12;65;9999;075;999;09;111111111111000000000000;000000000000000000000000;11101000;000;_;e;10;001111001100000000000000;____;10;040;079;033;037;044;175;0425593743;;;;;;;;;;;;;;;;;;;;;;;;;;;;;;;;;;;;;;;;;;;;;;;;;;
10:46:33;12;66;9999;077;999;09;111111111111000000000000;000000000000000000000000;11101000;000;_;e;10;001100001100000000000000;____;04;038;076;037;038;046;080;0425593751;;;;;;;;;;;;;;;;;;;;;;;;;;;;;;;;;;;;;;;;;;;;;;;;;;
10:50:08;12;67;9999;073;999;09;111111111111000000000000;000000000000000000000000;11101000;000;_;e;10;001111001100000000000000;____;03;058;071;005;043;061;122;0425591381;;;;;;;;;;;;;;;;;;;;;;;;;;;;;;;;;;;;;;;;;;;;;;;;;;
10:58:24;12;68;9999;075;999;09;111111111111000000000000;000000000000000000000000;11101000;000;_;e;10;100111001000000000000000;____;04;031;080;029;026;035;063;0425591386;;;;;;;;;;;;;;;;;;;;;;;;;;;;;;;;;;;;;;;;;;;;;;;;;;
11:05:05;12;69;9999;067;999;08;111111111111000000000000;000000000000000000000000;11101000;000;_;e;10;000000000100000000000000;____;10;008;082;009;008;009;011;0425594068;;;;;;;;;;;;;;;;;;;;;;;;;;;;;;;;;;;;;;;;;;;;;;;;;;
11:15:48;12;70;9999;070;999;09;111111111111000000000000;000000000000000000000000;11101000;000;_;e;10;110111100100000000000000;____;05;008;051;071;008;042;180;0425597707;;;;;;;;;;;;;;;;;;;;;;;;;;;;;;;;;;;;;;;;;;;;;;;;;;
11:30:31;12;71;9999;074;999;09;111111111111000000000000;000000000000000000000000;11101000;000;_;e;10;001110100000000000000000;____;04;044;077;038;031;045;064;0425593758;;;;;;;;;;;;;;;;;;;;;;;;;;;;;;;;;;;;;;;;;;;;;;;;;;
11:48:03;12;72;9999;076;999;09;111111111111000000000000;000000000000000000000000;11101000;000;_;e;10;110000000101000000000000;____;01;031;101;013;002;033;065;0425593064;;;;;;;;;;;;;;;;;;;;;;;;;;;;;;;;;;;;;;;;;;;;;;;;;;
11:49:13;12;73;9999;066;999;09;111111111111000000000000;000000000000000000000000;11101000;000;_;e;10;111000000000000000000000;____;01;038;098;018;038;045;075;0425593066;;;;;;;;;;;;;;;;;;;;;;;;;;;;;;;;;;;;;;;;;;;;;;;;;;
11:52:38;12;74;9999;076;999;09;111111111111000000000000;000000000000000000000000;11101000;000;_;e;10;000011110000000000000000;____;07;057;049;032;053;059;064;0425597341;;;;;;;;;;;;;;;;;;;;;;;;;;;;;;;;;;;;;;;;;;;;;;;;;;
11:55:21;12;75;9999;075;999;08;111111111111000000000000;000000000000000000000000;11101000;000;_;e;10;010000000100000000000000;____;10;003;077;004;003;024;007;0425592191;;;;;;;;;;;;;;;;;;;;;;;;;;;;;;;;;;;;;;;;;;;;;;;;;;
11:59:46;12;76;9999;075;999;09;111111111111000000000000;000000000000000000000000;11101000;000;_;e;10;111100000000000000000000;____;01;029;087;027;029;032;112;0425594087;;;;;;;;;;;;;;;;;;;;;;;;;;;;;;;;;;;;;;;;;;;;;;;;;;
12:04:27;12;77;9999;054;999;09;111111111111000000000000;000000000000000000000000;11101000;000;_;e;10;000011110001000000000000;____;05;025;051;005;025;029;106;0425594090;;;;;;;;;;;;;;;;;;;;;;;;;;;;;;;;;;;;;;;;;;;;;;;;;;
12:05:19;12;78;9999;052;999;09;111111111111000000000000;000000000000000000000000;11101000;000;_;e;10;100000000000000000000000;____;01;032;100;013;032;032;012;0425594089;;;;;;;;;;;;;;;;;;;;;;;;;;;;;;;;;;;;;;;;;;;;;;;;;;
12:05:53;12;79;9999;061;999;09;111111111111000000000000;000000000000000000000000;11101000;000;_;e;10;000100000100000000000000;____;10;003;079;009;000;004;031;0425594091;;;;;;;;;;;;;;;;;;;;;;;;;;;;;;;;;;;;;;;;;;;;;;;;;;
13:01:42;12;80;9999;073;999;09;111111111111000000000000;000000000000000000000000;11101000;000;_;e;10;000100110100000000000000;____;10;039;062;025;032;042;028;0425581217;;;;;;;;;;;;;;;;;;;;;;;;;;;;;;;;;;;;;;;;;;;;;;;;;;
13:06:06;12;81;9999;068;999;09;111111111111000000000000;000000000000000000000000;11101000;000;_;e;10;001111001101000000000000;____;10;-03;078;004;-09;006;122;0425589140;;;;;;;;;;;;;;;;;;;;;;;;;;;;;;;;;;;;;;;;;;;;;;;;;;
13:10:52;12;82;9999;071;999;09;111111111111000000000000;000000000000000000000000;11101000;000;_;e;10;010000000100000000000000;____;10;003;070;006;001;005;013;0425597977;;;;;;;;;;;;;;;;;;;;;;;;;;;;;;;;;;;;;;;;;;;;;;;;;;
13:13:30;12;83;9999;059;999;09;111111111111000000000000;000000000000000000000000;11101000;000;_;e;10;100000000000000000000000;____;01;035;099;009;035;037;038;0425589143;;;;;;;;;;;;;;;;;;;;;;;;;;;;;;;;;;;;;;;;;;;;;;;;;;
13:20:04;12;84;9999;077;999;08;111111111111000000000000;000000000000000000000000;11101000;000;_;e;10;001111000100000000000000;____;03;040;052;029;039;043;064;0425597981;;;;;;;;;;;;;;;;;;;;;;;;;;;;;;;;;;;;;;;;;;;;;;;;;;
13:21:12;12;85;9999;077;999;09;111111111111000000000000;000000000000000000000000;11101000;000;_;e;10;000011001100000000000000;____;05;033;059;026;030;035;065;0425597982;;;;;;;;;;;;;;;;;;;;;;;;;;;;;;;;;;;;;;;;;;;;;;;;;;
14:10:43;12;86;9999;076;999;08;111111111111000000000000;000000000000000000000000;11101000;000;_;e;10;001111011000000000000000;____;09;041;065;050;027;041;106;0425581230;;;;;;;;;;;;;;;;;;;;;;;;;;;;;;;;;;;;;;;;;;;;;;;;;;
14:12:11;12;87;9999;051;999;09;111111111111000000000000;000000000000000000000000;11101000;000;_;e;10;011111001000000000000000;____;03;021;077;034;018;026;084;0425581231;;;;;;;;;;;;;;;;;;;;;;;;;;;;;;;;;;;;;;;;;;;;;;;;;;
14:29:29;12;88;9999;075;999;08;111111111111000000000000;000000000000000000000000;11101000;000;_;e;10;110000000000000000000000;____;01;038;098;012;038;040;048;0425581232;;;;;;;;;;;;;;;;;;;;;;;;;;;;;;;;;;;;;;;;;;;;;;;;;;
14:30:14;12;89;9999;041;999;09;111111111111000000000000;000000000000000000000000;11101000;000;_;e;10;001111011000000000000000;____;03;019;050;021;017;021;091;0425581234;;;;;;;;;;;;;;;;;;;;;;;;;;;;;;;;;;;;;;;;;;;;;;;;;;
15:25:22;12;90;9999;074;999;09;111111111111000000000000;000000000000000000000000;11101000;000;_;e;10;110000000001000000000000;____;02;039;098;011;034;040;034;0425593069;;;;;;;;;;;;;;;;;;;;;;;;;;;;;;;;;;;;;;;;;;;;;;;;;;
15:28:16;12;91;9999;075;999;09;111111111111000000000000;000000000000000000000000;11101000;000;_;e;10;001100000100000000000000;____;10;036;083;044;035;038;083;0425593070;;;;;;;;;;;;;;;;;;;;;;;;;;;;;;;;;;;;;;;;;;;;;;;;;;
15:31:15;12;92;9999;074;999;09;111111111111000000000000;000000000000000000000000;11101000;000;_;e;10;010000000100000000000000;____;02;035;089;032;014;036;043;0425593776;;;;;;;;;;;;;;;;;;;;;;;;;;;;;;;;;;;;;;;;;;;;;;;;;;
15:33:28;12;93;9999;075;999;09;111111111111000000000000;000000000000000000000000;11101000;000;_;e;10;110000000000000000000000;____;01;039;101;011;039;041;056;0425593071;;;;;;;;;;;;;;;;;;;;;;;;;;;;;;;;;;;;;;;;;;;;;;;;;;
15:35:27;12;94;9999;056;999;08;111111111111000000000000;000000000000000000000000;11101000;000;_;e;10;110100000000000000000000;____;02;030;102;013;013;031;034;0425589145;;;;;;;;;;;;;;;;;;;;;;;;;;;;;;;;;;;;;;;;;;;;;;;;;;
15:39:23;12;95;9999;070;999;09;111111111111000000000000;000000000000000000000000;11101000;000;_;e;10;001111111100000000000000;____;06;036;044;015;034;045;117;0425593792;;;;;;;;;;;;;;;;;;;;;;;;;;;;;;;;;;;;;;;;;;;;;;;;;;
15:40:01;12;96;9999;078;999;09;111111111111000000000000;000000000000000000000000;11101000;000;_;e;10;111100001101000000000000;____;12;-04;071;004;-07;030;070;0425593793;;;;;;;;;;;;;;;;;;;;;;;;;;;;;;;;;;;;;;;;;;;;;;;;;;
15:41:31;12;97;9999;075;999;09;111111111111000000000000;000000000000000000000000;11101000;000;_;e;10;000110000100000000000000;____;10;049;071;036;043;050;054;0425593794;;;;;;;;;;;;;;;;;;;;;;;;;;;;;;;;;;;;;;;;;;;;;;;;;;
15:49:41;12;98;9999;054;999;09;111111111111000000000000;000000000000000000000000;11101000;000;_;e;10;000000000011000000000000;____;11;002;065;004;000;002;009;0425593074;;;;;;;;;;;;;;;;;;;;;;;;;;;;;;;;;;;;;;;;;;;;;;;;;;
15:52:46;12;99;9999;078;999;09;111111111111000000000000;000000000000000000000000;11101000;000;_;e;10;001110100100000000000000;____;04;037;080;026;036;053;066;0425589154;;;;;;;;;;;;;;;;;;;;;;;;;;;;;;;;;;;;;;;;;;;;;;;;;;
15:54:37;12;01;9999;075;999;09;111111111111000000000000;000000000000000000000000;11101000;000;_;e;10;111110100000000000000000;____;03;048;086;037;046;050;077;0425589155;;;;;;;;;;;;;;;;;;;;;;;;;;;;;;;;;;;;;;;;;;;;;;;;;;
16:05:18;12;02;9999;079;999;09;111111111111000000000000;000000000000000000000000;11101000;000;_;e;10;110110000100000000000000;____;05;-09;075;022;-09;027;051;0425597759;;;;;;;;;;;;;;;;;;;;;;;;;;;;;;;;;;;;;;;;;;;;;;;;;;
16:05:22;12;03;9999;324;323;09;111111111111000000000000;000000000000000000000000;11101000;000;_;e;10;100000000100000000000000;____;01;-01;096;026;-01;004;061;0425597760;;;;;;;;;;;;;;;;;;;;;;;;;;;;;;;;;;;;;;;;;;;;;;;;;;
16:06:52;12;04;9999;072;999;08;111111111111000000000000;000000000000000000000000;11101000;000;_;e;10;110101000100000000000000;____;06;073;084;035;015;073;086;0425593082;;;;;;;;;;;;;;;;;;;;;;;;;;;;;;;;;;;;;;;;;;;;;;;;;;
16:08:13;12;05;9999;089;999;09;111111111111000000000000;000000000000000000000000;11101000;000;_;e;10;010000000100000000000000;____;10;-01;077;012;-01;004;027;0425593084;;;;;;;;;;;;;;;;;;;;;;;;;;;;;;;;;;;;;;;;;;;;;;;;;;
16:11:55;12;06;9999;075;999;09;111111111111000000000000;000000000000000000000000;11101000;000;_;e;10;001100000000000000000000;____;04;033;080;038;032;033;037;0425597765;;;;;;;;;;;;;;;;;;;;;;;;;;;;;;;;;;;;;;;;;;;;;;;;;;
16:15:20;12;07;9999;070;999;09;111111111111000000000000;000000000000000000000000;11101000;000;_;e;10;110000100100000000000000;____;02;-03;097;022;-08;-02;070;0425597769;;;;;;;;;;;;;;;;;;;;;;;;;;;;;;;;;;;;;;;;;;;;;;;;;;
16:17:54;12;08;9999;075;999;09;111111111111000000000000;000000000000000000000000;11101000;000;_;e;10;111100001000000000000000;____;04;044;080;016;036;044;047;0425589166;;;;;;;;;;;;;;;;;;;;;;;;;;;;;;;;;;;;;;;;;;;;;;;;;;
16:18:20;12;09;9999;078;999;08;111111111111000000000000;000000000000000000000000;11101000;000;_;e;10;001111001100000000000000;____;04;039;069;044;036;041;097;0425593087;;;;;;;;;;;;;;;;;;;;;;;;;;;;;;;;;;;;;;;;;;;;;;;;;;
16:18:46;12;10;9999;075;999;09;111111111111000000000000;000000000000000000000000;11101000;000;_;e;10;000100000100000000000000;____;04;028;087;017;023;029;080;0425589167;;;;;;;;;;;;;;;;;;;;;;;;;;;;;;;;;;;;;;;;;;;;;;;;;;
16:20:36;12;11;9999;057;999;09;111111111111000000000000;000000000000000000000000;11101000;000;_;e;10;101111000100000000000000;____;10;-05;078;010;-05;039;102;0425597772;;;;;;;;;;;;;;;;;;;;;;;;;;;;;;;;;;;;;;;;;;;;;;;;;;
16:30:35;12;12;9999;077;999;09;111111111111000000000000;000000000000000000000000;11101000;000;_;e;10;001111001000000000000000;____;04;047;084;038;041;048;065;0425590510;;;;;;;;;;;;;;;;;;;;;;;;;;;;;;;;;;;;;;;;;;;;;;;;;;
16:31:05;12;13;9999;075;999;09;111111111111000000000000;000000000000000000000000;11101000;000;_;e;10;000011110000000000000000;____;08;052;049;028;050;055;048;0425597775;;;;;;;;;;;;;;;;;;;;;;;;;;;;;;;;;;;;;;;;;;;;;;;;;;
16:41:57;12;14;9999;074;999;09;111111111111000000000000;000000000000000000000000;11101000;000;_;e;10;001001001000000000000000;____;03;065;075;001;064;068;071;0425597989;;;;;;;;;;;;;;;;;;;;;;;;;;;;;;;;;;;;;;;;;;;;;;;;;;
16:47:53;12;15;9999;075;999;09;111111111111000000000000;000000000000000000000000;11101000;000;_;e;10;111110000100000000000000;____;10;049;075;024;045;052;065;0425593095;;;;;;;;;;;;;;;;;;;;;;;;;;;;;;;;;;;;;;;;;;;;;;;;;;
16:48:40;12;16;9999;052;999;09;111111111111000000000000;000000000000000000000000;11101000;000;_;e;10;000000000100000000000000;____;10;-01;079;010;-01;023;027;0425593093;;;;;;;;;;;;;;;;;;;;;;;;;;;;;;;;;;;;;;;;;;;;;;;;;;
16:49:27;12;17;9999;059;999;09;111111111111000000000000;000000000000000000000000;11101000;000;_;e;10;100100000000000000000000;____;04;000;085;021;-02;000;040;0425597782;;;;;;;;;;;;;;;;;;;;;;;;;;;;;;;;;;;;;;;;;;;;;;;;;;
16:49:35;12;18;9999;066;648;09;111111111111000000000000;000000000000000000000000;11101000;000;_;e;10;111100000001000000000000;____;01;032;100;018;032;038;073;0425597990;;;;;;;;;;;;;;;;;;;;;;;;;;;;;;;;;;;;;;;;;;;;;;;;;;
16:50:18;12;19;9999;063;999;09;111111111111000000000000;000000000000000000000000;11101000;000;_;e;10;110000111100000000000000;____;02;005;093;017;000;019;101;0425597783;;;;;;;;;;;;;;;;;;;;;;;;;;;;;;;;;;;;;;;;;;;;;;;;;;
16:50:31;12;20;9999;079;999;09;111111111111000000000000;000000000000000000000000;11101000;000;_;e;10;001111101100000000000000;____;10;027;044;017;020;027;093;0425597991;;;;;;;;;;;;;;;;;;;;;;;;;;;;;;;;;;;;;;;;;;;;;;;;;;
16:51:09;12;21;9999;060;999;09;111111111111000000000000;000000000000000000000000;11101000;000;_;e;10;110000000000000000000000;____;01;029;102;012;029;031;046;0425597784;;;;;;;;;;;;;;;;;;;;;;;;;;;;;;;;;;;;;;;;;;;;;;;;;;
16:51:35;12;22;9999;056;999;09;111111111111000000000000;000000000000000000000000;11101000;000;_;e;10;001111001101000000000000;____;10;064;078;015;026;065;152;0425601004;;;;;;;;;;;;;;;;;;;;;;;;;;;;;;;;;;;;;;;;;;;;;;;;;;
16:54:43;12;23;9999;076;999;09;111111111111000000000000;000000000000000000000000;11101000;000;_;e;10;000011111100000000000000;____;10;049;070;041;033;057;087;0425597785;;;;;;;;;;;;;;;;;;;;;;;;;;;;;;;;;;;;;;;;;;;;;;;;;;
16:57:55;12;24;9999;066;999;09;111111111111000000000000;000000000000000000000000;11101000;000;_;e;10;110010000000000000000000;____;02;032;097;018;014;033;061;0425597994;;;;;;;;;;;;;;;;;;;;;;;;;;;;;;;;;;;;;;;;;;;;;;;;;;
16:59:20;12;25;9999;067;999;08;111111111111000000000000;000000000000000000000000;11101000;000;_;e;10;110000001100000000000000;____;01;036;101;016;023;039;058;0425597995;;;;;;;;;;;;;;;;;;;;;;;;;;;;;;;;;;;;;;;;;;;;;;;;;;
17:00:29;12;26;9999;075;999;09;111111111111000000000000;000000000000000000000000;11101000;000;_;e;10;000001110000000000000000;____;08;007;053;023;007;037;045;0425597997;;;;;;;;;;;;;;;;;;;;;;;;;;;;;;;;;;;;;;;;;;;;;;;;;;
17:01:20;12;27;9999;059;999;09;111111111111000000000000;000000000000000000000000;11101000;000;_;e;10;000000110000000000000000;____;07;036;045;009;035;037;044;0425597998;;;;;;;;;;;;;;;;;;;;;;;;;;;;;;;;;;;;;;;;;;;;;;;;;;
17:03:54;12;28;9999;076;999;09;111111111111000000000000;000000000000000000000000;11101000;000;_;e;10;001111001100000000000000;____;04;048;052;015;030;049;065;0425590514;;;;;;;;;;;;;;;;;;;;;;;;;;;;;;;;;;;;;;;;;;;;;;;;;;
17:17:18;12;29;9999;074;999;08;111111111111000000000000;000000000000000000000000;11101000;000;_;e;10;000000110000000000000000;____;07;040;046;010;039;042;053;0425589186;;;;;;;;;;;;;;;;;;;;;;;;;;;;;;;;;;;;;;;;;;;;;;;;;;
17:21:50;12;30;9999;075;999;09;111111111111000000000000;000000000000000000000000;11101000;000;_;e;10;000011110100000000000000;____;05;028;046;046;028;034;067;0425589192;;;;;;;;;;;;;;;;;;;;;;;;;;;;;;;;;;;;;;;;;;;;;;;;;;
17:27:06;12;31;9999;076;999;09;111111111111000000000000;000000000000000000000000;11101000;000;_;e;10;001111001000000000000000;____;05;035;059;022;035;050;084;0425589187;;;;;;;;;;;;;;;;;;;;;;;;;;;;;;;;;;;;;;;;;;;;;;;;;;
17:27:10;12;32;9999;058;293;09;111111111111000000000000;000000000000000000000000;11101000;000;_;e;10;110100000101000000000000;____;02;-05;092;010;-06;-01;108;0425589194;;;;;;;;;;;;;;;;;;;;;;;;;;;;;;;;;;;;;;;;;;;;;;;;;;
17:28:14;12;33;9999;054;999;09;111111111111000000000000;000000000000000000000000;11101000;000;_;e;10;001001000100000000000000;____;10;007;072;009;007;030;036;0425589190;;;;;;;;;;;;;;;;;;;;;;;;;;;;;;;;;;;;;;;;;;;;;;;;;;
17:31:40;12;34;9999;062;999;09;111111111111000000000000;000000000000000000000000;11101000;000;_;e;10;001110001000000000000000;____;03;065;083;012;047;065;035;0425597795;;;;;;;;;;;;;;;;;;;;;;;;;;;;;;;;;;;;;;;;;;;;;;;;;;
17:38:21;12;35;9999;076;999;09;111111111111000000000000;000000000000000000000000;11101000;000;_;e;10;001011111100000000000000;____;05;039;051;028;039;048;100;0425597373;;;;;;;;;;;;;;;;;;;;;;;;;;;;;;;;;;;;;;;;;;;;;;;;;;
17:38:34;12;36;9999;074;999;09;111111111111000000000000;000000000000000000000000;11101000;000;_;e;10;001101001100000000000000;____;03;041;073;030;038;043;126;0425597372;;;;;;;;;;;;;;;;;;;;;;;;;;;;;;;;;;;;;;;;;;;;;;;;;;
17:41:59;12;37;9999;056;999;09;111111111111000000000000;000000000000000000000000;11101000;000;_;e;10;000100001101000000000000;____;04;-04;081;012;-07;014;106;0425597375;;;;;;;;;;;;;;;;;;;;;;;;;;;;;;;;;;;;;;;;;;;;;;;;;;
17:42:58;12;38;9999;065;999;09;111111111111000000000000;000000000000000000000000;11101000;000;_;e;10;101001000100000000000000;____;10;002;077;004;002;041;023;0425597376;;;;;;;;;;;;;;;;;;;;;;;;;;;;;;;;;;;;;;;;;;;;;;;;;;
17:43:58;12;39;9999;065;999;09;111111111111000000000000;000000000000000000000000;11101000;000;_;e;10;110000000000000000000000;____;01;039;101;012;039;041;065;0425597381;;;;;;;;;;;;;;;;;;;;;;;;;;;;;;;;;;;;;;;;;;;;;;;;;;
17:53:48;12;40;9999;065;999;09;111111111111000000000000;000000000000000000000000;11101000;000;_;e;10;000111101100000000000000;____;05;036;030;014;033;052;050;0425597383;;;;;;;;;;;;;;;;;;;;;;;;;;;;;;;;;;;;;;;;;;;;;;;;;;
17:57:38;12;41;9999;075;999;09;111111111111000000000000;000000000000000000000000;11101000;000;_;e;10;000001000000000000000000;____;06;070;066;018;070;071;011;0425601820;;;;;;;;;;;;;;;;;;;;;;;;;;;;;;;;;;;;;;;;;;;;;;;;;;
18:05:24;12;42;9999;074;999;09;111111111111000000000000;000000000000000000000000;11101000;000;_;e;10;100011110000000000000000;____;08;046;048;025;026;050;046;0425597390;;;;;;;;;;;;;;;;;;;;;;;;;;;;;;;;;;;;;;;;;;;;;;;;;;
18:08:11;12;43;9999;059;999;09;111111111111000000000000;000000000000000000000000;11010000;000;_;;;;;;;;;;;;;;;;;;;;;;;;;;;;;;;;;;;;;;;;;;;;;;;;;;;;;;;;;;;;;;
18:09:14;12;44;9999;068;999;08;111111111111000000000000;000000000000000000000000;11101000;000;_;e;10;100000000000000000000000;____;01;053;092;009;053;053;005;0555968449;;;;;;;;;;;;;;;;;;;;;;;;;;;;;;;;;;;;;;;;;;;;;;;;;;
18:11:27;12;45;9999;074;999;09;111111111111000000000000;000000000000000000000000;11101000;000;_;e;10;001101001100000000000000;____;09;063;065;032;059;063;094;0425601910;;;;;;;;;;;;;;;;;;;;;;;;;;;;;;;;;;;;;;;;;;;;;;;;;;
18:23:34;12;46;9999;056;999;09;111111111111000000000000;000000000000000000000000;11010000;000;_;;;;;;;;;;;;;;;;;;;;;;;;;;;;;;;;;;;;;;;;;;;;;;;;;;;;;;;;;;;;;;
18:24:07;12;47;9999;066;999;09;111111111111000000000000;000000000000000000000000;11101000;000;_;e;10;110000000001000000000000;____;02;038;099;014;037;048;066;0425601913;;;;;;;;;;;;;;;;;;;;;;;;;;;;;;;;;;;;;;;;;;;;;;;;;;
18:32:01;12;48;9999;072;999;09;111111111111000000000000;000000000000000000000000;11101000;000;_;e;10;110010000100000000000000;____;01;039;098;024;-05;047;079;0425601917;;;;;;;;;;;;;;;;;;;;;;;;;;;;;;;;;;;;;;;;;;;;;;;;;;
18:35:26;12;49;9999;056;999;09;111111111111000000000000;000000000000000000000000;11101000;000;_;e;10;001111001100000000000000;____;10;061;080;026;048;064;085;0425601919;;;;;;;;;;;;;;;;;;;;;;;;;;;;;;;;;;;;;;;;;;;;;;;;;;
18:37:26;12;50;9999;047;999;09;111111111111000000000000;000000000000000000000000;11101000;000;_;e;10;101111001100000000000000;____;09;055;079;019;042;058;134;0425601920;;;;;;;;;;;;;;;;;;;;;;;;;;;;;;;;;;;;;;;;;;;;;;;;;;
18:40:55;12;51;9999;055;999;09;111111111111000000000000;000000000000000000000000;11101000;000;_;e;10;100000000001000000000000;____;12;056;081;004;024;056;017;0425597399;;;;;;;;;;;;;;;;;;;;;;;;;;;;;;;;;;;;;;;;;;;;;;;;;;
18:45:24;12;52;9999;066;999;08;111111111111000000000000;000000000000000000000000;11101000;000;_;e;10;001001000100000000000000;____;10;-03;079;010;-03;040;053;0425602802;;;;;;;;;;;;;;;;;;;;;;;;;;;;;;;;;;;;;;;;;;;;;;;;;;
18:49:15;12;53;9999;058;999;09;111111111111000000000000;000000000000000000000000;11101000;000;_;e;10;000110000100000000000000;____;10;-02;085;020;-04;011;038;0425602803;;;;;;;;;;;;;;;;;;;;;;;;;;;;;;;;;;;;;;;;;;;;;;;;;;
18:57:17;12;54;9999;075;999;09;111111111111000000000000;000000000000000000000000;11101000;000;_;e;10;110101100000000000000000;____;01;037;093;019;037;043;055;0425581249;;;;;;;;;;;;;;;;;;;;;;;;;;;;;;;;;;;;;;;;;;;;;;;;;;
19:03:20;12;55;9999;052;999;09;111111111111000000000000;000000000000000000000000;11101000;000;_;e;10;010000000000000000000000;____;02;-02;094;015;-02;000;037;0425602806;;;;;;;;;;;;;;;;;;;;;;;;;;;;;;;;;;;;;;;;;;;;;;;;;;
19:06:24;12;56;9999;071;999;09;111111111111000000000000;000000000000000000000000;11101000;000;_;e;10;001111001100000000000000;____;10;038;072;047;037;057;157;0425602809;;;;;;;;;;;;;;;;;;;;;;;;;;;;;;;;;;;;;;;;;;;;;;;;;;
19:18:23;12;57;9999;053;999;09;111111111111000000000000;000000000000000000000000;11101000;000;_;e;10;101001001001000000000000;____;03;056;083;004;055;061;102;0425602814;;;;;;;;;;;;;;;;;;;;;;;;;;;;;;;;;;;;;;;;;;;;;;;;;;
20:06:21;12;58;9999;067;999;08;111111111111000000000000;000000000000000000000000;11101000;000;_;e;10;001111001101000000000000;____;03;-05;069;013;-10;031;152;0425602620;;;;;;;;;;;;;;;;;;;;;;;;;;;;;;;;;;;;;;;;;;;;;;;;;;
20:17:49;12;59;9999;074;999;08;111111111111000000000000;000000000000000000000000;11101000;000;_;e;10;001111001100000000000000;____;06;030;061;044;000;032;100;0425603707;;;;;;;;;;;;;;;;;;;;;;;;;;;;;;;;;;;;;;;;;;;;;;;;;;
20:18:31;12;60;9999;076;999;09;111111111111000000000000;000000000000000000000000;11101000;000;_;e;10;001111001100000000000000;____;04;030;079;042;026;034;087;0425603706;;;;;;;;;;;;;;;;;;;;;;;;;;;;;;;;;;;;;;;;;;;;;;;;;;
20:18:39;12;61;9999;058;668;09;111111111111000000000000;000000000000000000000000;11101000;000;_;e;10;111101001101000000000000;____;10;-09;071;013;-09;021;118;0425603709;;;;;;;;;;;;;;;;;;;;;;;;;;;;;;;;;;;;;;;;;;;;;;;;;;
20:18:44;12;62;9999;076;314;09;111111111111000000000000;000000000000000000000000;11101000;000;_;e;10;000000100000000000000000;____;07;038;040;038;038;041;029;0425603710;;;;;;;;;;;;;;;;;;;;;;;;;;;;;;;;;;;;;;;;;;;;;;;;;;
20:21:39;12;63;9999;083;999;09;111111111111000000000000;000000000000000000000000;11101000;000;_;e;10;001111101100000000000000;____;06;048;058;037;028;050;100;0425603714;;;;;;;;;;;;;;;;;;;;;;;;;;;;;;;;;;;;;;;;;;;;;;;;;;
20:22:39;12;64;9999;075;999;09;111111111111000000000000;000000000000000000000000;11101000;000;_;e;10;001101001100000000000000;____;03;021;068;031;015;027;138;0425603717;;;;;;;;;;;;;;;;;;;;;;;;;;;;;;;;;;;;;;;;;;;;;;;;;;
20:22:51;12;65;9999;076;999;09;111111111111000000000000;000000000000000000000000;11101000;000;_;e;10;000000001100000000000000;____;09;043;069;033;043;043;006;0425604101;;;;;;;;;;;;;;;;;;;;;;;;;;;;;;;;;;;;;;;;;;;;;;;;;;
20:23:55;12;66;9999;074;999;09;111111111111000000000000;000000000000000000000000;11101000;000;_;e;10;001111001100000000000000;____;04;018;066;027;010;074;098;0425604102;;;;;;;;;;;;;;;;;;;;;;;;;;;;;;;;;;;;;;;;;;;;;;;;;;
20:24:59;12;67;9999;074;999;09;111111111111000000000000;000000000000000000000000;11101000;000;_;e;10;001111001100000000000000;____;05;040;061;025;039;044;102;0425590530;;;;;;;;;;;;;;;;;;;;;;;;;;;;;;;;;;;;;;;;;;;;;;;;;;
20:25:16;12;68;9999;077;999;09;111111111111000000000000;000000000000000000000000;11101000;000;_;e;10;001111001100000000000000;____;03;023;070;031;021;046;226;0425590531;;;;;;;;;;;;;;;;;;;;;;;;;;;;;;;;;;;;;;;;;;;;;;;;;;
20:25:55;12;69;9999;077;999;08;111111111111000000000000;000000000000000000000000;11101000;000;_;e;10;000011101000000000000000;____;06;049;066;042;041;051;027;0425603720;;;;;;;;;;;;;;;;;;;;;;;;;;;;;;;;;;;;;;;;;;;;;;;;;;
20:26:04;12;70;9999;075;625;09;111111111111000000000000;000000000000000000000000;11101000;000;_;e;10;011111001100000000000000;____;03;024;064;026;012;043;215;0425590532;;;;;;;;;;;;;;;;;;;;;;;;;;;;;;;;;;;;;;;;;;;;;;;;;;
20:26:09;12;71;9999;079;350;08;111111111111000000000000;000000000000000000000000;11101000;000;_;e;10;001101101100000000000000;____;04;036;067;044;035;044;104;0425603719;;;;;;;;;;;;;;;;;;;;;;;;;;;;;;;;;;;;;;;;;;;;;;;;;;
20:28:08;12;72;9999;074;999;09;111111111111000000000000;000000000000000000000000;11101000;000;_;e;10;111111001100000000000000;____;10;043;077;038;039;048;152;0425590533;;;;;;;;;;;;;;;;;;;;;;;;;;;;;;;;;;;;;;;;;;;;;;;;;;
20:29:20;12;73;9999;075;999;09;111111111111000000000000;000000000000000000000000;11101000;000;_;e;10;001111011100000000000000;____;04;046;067;043;026;047;133;0425590533;;;;;;;;;;;;;;;;;;;;;;;;;;;;;;;;;;;;;;;;;;;;;;;;;;
20:30:37;12;74;9999;074;999;08;111111111111000000000000;000000000000000000000000;11101000;000;_;e;10;111101001000000000000000;____;01;029;092;034;029;037;068;0425590538;;;;;;;;;;;;;;;;;;;;;;;;;;;;;;;;;;;;;;;;;;;;;;;;;;
20:34:19;12;75;9999;067;999;08;111111111111000000000000;000000000000000000000000;11101000;000;_;e;10;111000000000000000000000;____;01;035;100;017;034;040;075;0425590541;;;;;;;;;;;;;;;;;;;;;;;;;;;;;;;;;;;;;;;;;;;;;;;;;;
20:34:29;12;76;9999;054;758;09;111111111111000000000000;000000000000000000000000;11101000;000;_;e;10;001100001101000000000000;____;04;-06;084;015;-10;-01;081;0425590540;;;;;;;;;;;;;;;;;;;;;;;;;;;;;;;;;;;;;;;;;;;;;;;;;;
20:35:45;12;77;9999;062;999;09;111111111111000000000000;000000000000000000000000;11101000;000;_;e;10;001111001100000000000000;____;05;029;070;034;028;036;119;0425603724;;;;;;;;;;;;;;;;;;;;;;;;;;;;;;;;;;;;;;;;;;;;;;;;;;
20:36:11;12;78;9999;056;999;09;111111111111000000000000;000000000000000000000000;11101000;000;_;e;10;001101001100000000000000;____;03;066;077;002;046;072;058;0425604108;;;;;;;;;;;;;;;;;;;;;;;;;;;;;;;;;;;;;;;;;;;;;;;;;;
20:38:28;12;79;9999;074;999;09;111111111111000000000000;000000000000000000000000;11101000;000;_;e;10;110001110000000000000000;____;08;043;045;038;022;044;066;0425604406;;;;;;;;;;;;;;;;;;;;;;;;;;;;;;;;;;;;;;;;;;;;;;;;;;
20:45:43;12;80;9999;075;999;09;111111111111000000000000;000000000000000000000000;11101000;000;_;e;10;001111001100000000000000;____;09;050;059;035;047;051;160;0425603726;;;;;;;;;;;;;;;;;;;;;;;;;;;;;;;;;;;;;;;;;;;;;;;;;;
20:52:50;12;81;9999;059;999;09;111111111111000000000000;000000000000000000000000;11101000;000;_;e;10;000010000100000000000000;____;10;004;073;017;001;006;038;0425604112;;;;;;;;;;;;;;;;;;;;;;;;;;;;;;;;;;;;;;;;;;;;;;;;;;
20:54:45;12;82;9999;054;999;09;111111111111000000000000;000000000000000000000000;11101000;000;_;e;10;000000001000000000000000;____;09;004;076;029;003;004;021;0425590548;;;;;;;;;;;;;;;;;;;;;;;;;;;;;;;;;;;;;;;;;;;;;;;;;;
20:56:19;12;83;9999;075;999;09;111111111111000000000000;000000000000000000000000;11101000;000;_;e;10;001111001000000000000000;____;04;049;068;032;040;050;060;0425602644;;;;;;;;;;;;;;;;;;;;;;;;;;;;;;;;;;;;;;;;;;;;;;;;;;
20:58:11;12;84;9999;066;999;09;111111111111000000000000;000000000000000000000000;11101000;000;_;e;10;001100111100000000000000;____;04;048;067;046;033;049;055;0425602645;;;;;;;;;;;;;;;;;;;;;;;;;;;;;;;;;;;;;;;;;;;;;;;;;;
20:58:19;12;85;9999;076;647;09;111111111111000000000000;000000000000000000000000;11101000;000;_;e;10;001111001000000000000000;____;04;043;063;032;040;044;068;0425604411;;;;;;;;;;;;;;;;;;;;;;;;;;;;;;;;;;;;;;;;;;;;;;;;;;
21:05:05;12;86;9999;075;999;09;111111111111000000000000;000000000000000000000000;11101000;000;_;e;10;001100101100000000000000;____;04;047;078;037;044;057;043;0425603729;;;;;;;;;;;;;;;;;;;;;;;;;;;;;;;;;;;;;;;;;;;;;;;;;;
21:07:05;12;87;9999;058;999;09;111111111111000000000000;000000000000000000000000;11101000;000;_;e;10;000000001001000000000000;____;09;-08;077;005;-08;031;023;0425604115;;;;;;;;;;;;;;;;;;;;;;;;;;;;;;;;;;;;;;;;;;;;;;;;;;
21:12:46;12;88;9999;076;999;09;111111111111000000000000;000000000000000000000000;11101000;000;_;e;10;000111001100000000000000;____;05;034;061;032;005;043;078;0425604415;;;;;;;;;;;;;;;;;;;;;;;;;;;;;;;;;;;;;;;;;;;;;;;;;;
21:15:21;12;89;9999;066;999;09;111111111111000000000000;000000000000000000000000;11101000;000;_;e;10;110000000100000000000000;____;02;032;096;008;004;033;042;0425604120;;;;;;;;;;;;;;;;;;;;;;;;;;;;;;;;;;;;;;;;;;;;;;;;;;
21:15:33;12;90;9999;075;962;09;111111111111000000000000;000000000000000000000000;11101000;000;_;e;10;111111001100000000000000;____;02;017;078;038;009;019;240;0425604121;;;;;;;;;;;;;;;;;;;;;;;;;;;;;;;;;;;;;;;;;;;;;;;;;;
21:22:15;12;91;9999;059;999;09;111111111111000000000000;000000000000000000000000;11101000;000;_;e;10;001111001101000000000000;____;10;-08;075;003;-11;002;165;0425590562;;;;;;;;;;;;;;;;;;;;;;;;;;;;;;;;;;;;;;;;;;;;;;;;;;
21:22:29;12;92;9999;080;999;09;111111111111000000000000;000000000000000000000000;11101000;000;_;e;10;001111001000000000000000;____;05;047;036;014;027;051;087;0425590561;;;;;;;;;;;;;;;;;;;;;;;;;;;;;;;;;;;;;;;;;;;;;;;;;;
21:25:40;12;93;9999;075;999;08;111111111111000000000000;000000000000000000000000;11101000;000;_;e;10;100000000000000000000000;____;01;041;101;016;041;043;040;0425602650;;;;;;;;;;;;;;;;;;;;;;;;;;;;;;;;;;;;;;;;;;;;;;;;;;
21:26:09;12;94;9999;054;999;09;111111111111000000000000;000000000000000000000000;11101000;000;_;e;10;111011000000000000000000;____;01;020;090;026;-16;031;059;0425602651;;;;;;;;;;;;;;;;;;;;;;;;;;;;;;;;;;;;;;;;;;;;;;;;;;
21:30:09;12;95;9999;053;999;09;111111111111000000000000;000000000000000000000000;11101000;000;_;e;10;000110001100000000000000;____;10;-09;082;009;-12;024;056;0425604124;;;;;;;;;;;;;;;;;;;;;;;;;;;;;;;;;;;;;;;;;;;;;;;;;;
21:32:26;12;96;9999;065;999;09;111111111111000000000000;000000000000000000000000;11101000;000;_;e;10;001111100101000000000000;____;05;-03;062;006;-07;033;143;0425601846;;;;;;;;;;;;;;;;;;;;;;;;;;;;;;;;;;;;;;;;;;;;;;;;;;
21:38:16;12;97;9999;063;999;09;111111111111000000000000;000000000000000000000000;11101000;000;_;e;10;001111001101000000000000;____;10;-02;074;010;-06;019;131;0425590564;;;;;;;;;;;;;;;;;;;;;;;;;;;;;;;;;;;;;;;;;;;;;;;;;;
21:40:49;12;98;9999;062;999;09;111111111111000000000000;000000000000000000000000;11101000;000;_;e;10;000000000100000000000000;____;10;-01;071;018;-01;002;034;0425603732;;;;;;;;;;;;;;;;;;;;;;;;;;;;;;;;;;;;;;;;;;;;;;;;;;
21:41:20;12;99;9999;080;999;09;111111111111000000000000;000000000000000000000000;11101000;000;_;e;10;001000001100000000000000;____;09;002;067;024;001;009;050;0425602655;;;;;;;;;;;;;;;;;;;;;;;;;;;;;;;;;;;;;;;;;;;;;;;;;;
21:46:14;12;01;9999;061;999;09;111111111111000000000000;000000000000000000000000;11101000;000;_;e;10;100100000100000000000000;____;01;039;100;014;006;040;043;0425602656;;;;;;;;;;;;;;;;;;;;;;;;;;;;;;;;;;;;;;;;;;;;;;;;;;
21:47:14;12;02;9999;070;999;09;111111111111000000000000;000000000000000000000000;11101000;000;_;e;10;111000000000000000000000;____;01;033;099;019;010;035;042;0425601849;;;;;;;;;;;;;;;;;;;;;;;;;;;;;;;;;;;;;;;;;;;;;;;;;;
21:48:05;12;03;9999;063;999;09;111111111111000000000000;000000000000000000000000;11101000;000;_;e;10;000000100010000000000000;____;07;040;045;012;021;041;059;0425601850;;;;;;;;;;;;;;;;;;;;;;;;;;;;;;;;;;;;;;;;;;;;;;;;;;
21:59:11;12;04;9999;080;999;09;111111111111000000000000;000000000000000000000000;11101000;000;_;e;10;011100101100000000000000;____;04;008;079;019;008;020;074;0425590574;;;;;;;;;;;;;;;;;;;;;;;;;;;;;;;;;;;;;;;;;;;;;;;;;;
21:59:48;12;05;9999;062;999;09;111111111111000000000000;000000000000000000000000;11101000;000;_;e;10;000000000100000000000000;____;10;007;074;010;007;007;018;0425604433;;;;;;;;;;;;;;;;;;;;;;;;;;;;;;;;;;;;;;;;;;;;;;;;;;
22:00:22;12;06;9999;075;999;09;111111111111000000000000;000000000000000000000000;11101000;000;_;e;10;001111001100000000000000;____;03;028;082;042;020;030;069;0425590575;;;;;;;;;;;;;;;;;;;;;;;;;;;;;;;;;;;;;;;;;;;;;;;;;;
22:01:04;12;07;9999;061;999;09;111111111111000000000000;000000000000000000000000;11101000;000;_;e;10;001111001101000000000000;____;10;-05;077;004;-08;004;070;0425603734;;;;;;;;;;;;;;;;;;;;;;;;;;;;;;;;;;;;;;;;;;;;;;;;;;
22:02:21;12;08;9999;056;999;09;111111111111000000000000;000000000000000000000000;11101000;000;_;e;10;010000001100000000000000;____;02;002;087;009;002;028;030;0425590577;;;;;;;;;;;;;;;;;;;;;;;;;;;;;;;;;;;;;;;;;;;;;;;;;;
22:06:25;12;09;9999;074;999;09;111111111111000000000000;000000000000000000000000;11101000;000;_;e;10;000000001000000000000000;____;09;063;068;024;063;063;005;0425590579;;;;;;;;;;;;;;;;;;;;;;;;;;;;;;;;;;;;;;;;;;;;;;;;;;
22:08:16;12;10;9999;076;999;09;111111111111000000000000;000000000000000000000000;11010000;000;_;;;;;;;;;;;;;;;;;;;;;;;;;;;;;;;;;;;;;;;;;;;;;;;;;;;;;;;;;;;;;;
22:08:58;12;11;9999;075;999;09;111111111111000000000000;000000000000000000000000;11101000;000;_;e;10;111011000100000000000000;____;05;008;042;080;008;043;064;0425604436;;;;;;;;;;;;;;;;;;;;;;;;;;;;;;;;;;;;;;;;;;;;;;;;;;
22:09:16;12;12;9999;077;999;09;111111111111000000000000;000000000000000000000000;11101000;000;_;e;10;011110001101000000000000;____;10;-01;078;006;-09;028;255;0425590576;;;;;;;;;;;;;;;;;;;;;;;;;;;;;;;;;;;;;;;;;;;;;;;;;;
22:12:11;12;13;9999;054;999;09;111111111111000000000000;000000000000000000000000;11101000;000;_;e;10;000011110000000000000000;____;05;033;049;009;032;035;057;0425604437;;;;;;;;;;;;;;;;;;;;;;;;;;;;;;;;;;;;;;;;;;;;;;;;;;
22:12:15;12;14;9999;076;352;09;111111111111000000000000;000000000000000000000000;11101000;000;_;e;10;000001110000000000000000;____;06;042;051;027;041;047;077;0425590581;;;;;;;;;;;;;;;;;;;;;;;;;;;;;;;;;;;;;;;;;;;;;;;;;;
22:13:15;12;15;9999;067;999;09;111111111111000000000000;000000000000000000000000;11101000;000;_;e;10;110000000000000000000000;____;02;036;101;011;012;039;045;0425604438;;;;;;;;;;;;;;;;;;;;;;;;;;;;;;;;;;;;;;;;;;;;;;;;;;
22:14:19;12;16;9999;079;999;09;111111111111000000000000;000000000000000000000000;11101000;000;_;e;10;110000000000000000000000;____;01;046;099;007;044;047;047;0425604439;;;;;;;;;;;;;;;;;;;;;;;;;;;;;;;;;;;;;;;;;;;;;;;;;;
22:14:32;12;17;9999;075;999;09;111111111111000000000000;000000000000000000000000;11101000;000;_;e;10;001100000000000000000000;____;03;014;057;003;014;016;010;0425604131;;;;;;;;;;;;;;;;;;;;;;;;;;;;;;;;;;;;;;;;;;;;;;;;;;
22:17:27;12;18;9999;065;999;09;111111111111000000000000;000000000000000000000000;11101000;000;_;e;10;111000001000000000000000;____;02;026;096;011;013;029;043;0425601854;;;;;;;;;;;;;;;;;;;;;;;;;;;;;;;;;;;;;;;;;;;;;;;;;;
22:18:35;12;19;9999;064;999;09;111111111111000000000000;000000000000000000000000;11101000;000;_;e;10;110000000000000000000000;____;01;034;100;017;034;040;050;0425601856;;;;;;;;;;;;;;;;;;;;;;;;;;;;;;;;;;;;;;;;;;;;;;;;;;
22:23:35;12;20;9999;065;999;09;111111111111000000000000;000000000000000000000000;11101000;000;_;e;10;000010110000000000000000;____;07;038;046;014;036;040;047;0425601861;;;;;;;;;;;;;;;;;;;;;;;;;;;;;;;;;;;;;;;;;;;;;;;;;;
22:23:39;12;21;9999;066;285;08;111111111111000000000000;000000000000000000000000;11101000;000;_;e;10;111001000000000000000000;____;01;032;101;013;004;033;072;0425590583;;;;;;;;;;;;;;;;;;;;;;;;;;;;;;;;;;;;;;;;;;;;;;;;;;
22:24:51;12;22;9999;051;999;09;111111111111000000000000;000000000000000000000000;11101000;000;_;e;10;001111000000000000000000;____;04;039;049;022;035;040;064;0425601863;;;;;;;;;;;;;;;;;;;;;;;;;;;;;;;;;;;;;;;;;;;;;;;;;;
22:36:54;12;23;9999;075;999;09;111111111111000000000000;000000000000000000000000;11101000;000;_;e;10;111000001100000000000000;____;01;039;102;012;016;040;067;0425601865;;;;;;;;;;;;;;;;;;;;;;;;;;;;;;;;;;;;;;;;;;;;;;;;;;
22:41:30;12;24;9999;083;999;09;111111111111000000000000;000000000000000000000000;11101000;000;_;e;10;111000100000000000000000;____;01;019;090;027;019;024;145;0425590586;;;;;;;;;;;;;;;;;;;;;;;;;;;;;;;;;;;;;;;;;;;;;;;;;;
22:51:06;12;25;9999;066;999;09;111111111111000000000000;000000000000000000000000;11101000;000;_;e;10;110110001101000000000000;____;02;034;100;025;-08;047;088;0425601868;;;;;;;;;;;;;;;;;;;;;;;;;;;;;;;;;;;;;;;;;;;;;;;;;;
23:07:49;12;26;9999;077;999;09;111111111111000000000000;000000000000000000000000;11101000;000;_;e;10;000111001000000000000000;____;09;046;065;037;043;048;060;0425590589;;;;;;;;;;;;;;;;;;;;;;;;;;;;;;;;;;;;;;;;;;;;;;;;;;
