RDT400 Server V3.30
Site: 
System: Barcode scanner PLC02 (Sick); System type: OPS
Date: 08-12-2024  00:00:50
Date    ;ID;CT;IDX ;TLE;TGA;V ;DEVICE LIST             ;ERROR LIST              ;OUTPUT  ;ENR;R;CODE1 ID;LENGTH;READ LIST;RES;CLV ID;XPOS;YPOS;ZPOS;XMIN;XMAX;CS;CODE CONTENT;XPOS;YPOS;ZPOS;XMIN;XMAX;CS;CODE CONTENT;CODE2 ID;LENGTH;READ LIST;RES;CLV ID;XPOS;YPOS;ZPOS;XMIN;XMAX;CS;CODE CONTENT;XPOS;YPOS;ZPOS;XMIN;XMAX;CS;CODE CONTENT;CODE3 ID;LENGTH;READ LIST;RES;CLV ID;XPOS;YPOS;ZPOS;XMIN;XMAX;CS;CODE CONTENT;XPOS;YPOS;ZPOS;XMIN;XMAX;CS;CODE CONTENT;INFO1;INFO2;CUSTOM1;CUSTOM2;
04:14:17;12;67;9999;077;999;09;111111111111000000000000;000000000000000000000000;11101000;000;_;e;10;100011100100000000000000;____;06;040;064;035;030;043;139;0425512327;;;;;;;;;;;;;;;;;;;;;;;;;;;;;;;;;;;;;;;;;;;;;;;;;;
04:21:12;12;68;9999;070;999;09;111111111111000000000000;000000000000000000000000;11101000;000;_;e;10;000000000100000000000000;____;10;001;076;004;001;002;022;0425512558;;;;;;;;;;;;;;;;;;;;;;;;;;;;;;;;;;;;;;;;;;;;;;;;;;
04:33:09;12;69;9999;075;999;08;111111111111000000000000;000000000000000000000000;11101000;000;_;e;10;010100000000000000000000;____;02;030;097;021;030;033;039;0425512328;;;;;;;;;;;;;;;;;;;;;;;;;;;;;;;;;;;;;;;;;;;;;;;;;;
04:38:46;12;70;9999;074;999;09;111111111111000000000000;000000000000000000000000;11101000;000;_;e;10;001111001100000000000000;____;09;034;074;029;026;034;059;0425513268;;;;;;;;;;;;;;;;;;;;;;;;;;;;;;;;;;;;;;;;;;;;;;;;;;
04:40:38;12;71;9999;066;999;09;111111111111000000000000;000000000000000000000000;11101000;000;_;e;10;010000000100000000000000;____;10;001;088;006;001;011;006;0425513556;;;;;;;;;;;;;;;;;;;;;;;;;;;;;;;;;;;;;;;;;;;;;;;;;;
04:41:30;12;72;9999;078;999;09;111111111111000000000000;000000000000000000000000;11101000;000;_;e;10;001101001100000000000000;____;06;025;061;027;025;030;112;0425513558;;;;;;;;;;;;;;;;;;;;;;;;;;;;;;;;;;;;;;;;;;;;;;;;;;
05:00:20;12;73;9999;067;999;09;111111111111000000000000;000000000000000000000000;11101000;000;_;e;10;110101000100000000000000;____;10;022;084;005;012;043;061;0425512752;;;;;;;;;;;;;;;;;;;;;;;;;;;;;;;;;;;;;;;;;;;;;;;;;;
05:01:54;12;74;9999;075;999;08;111111111111000000000000;000000000000000000000000;11101000;000;_;e;10;111100001100000000000000;____;04;044;077;022;041;047;055;0425514081;;;;;;;;;;;;;;;;;;;;;;;;;;;;;;;;;;;;;;;;;;;;;;;;;;
05:01:58;12;75;9999;077;308;09;111111111111000000000000;000000000000000000000000;11101000;000;_;e;10;001111001100000000000000;____;09;054;064;046;030;057;162;0425514080;;;;;;;;;;;;;;;;;;;;;;;;;;;;;;;;;;;;;;;;;;;;;;;;;;
05:04:50;12;76;9999;077;999;09;111111111111000000000000;000000000000000000000000;11101000;000;_;e;10;000000001000000000000000;____;09;010;051;019;009;010;029;0425514082;;;;;;;;;;;;;;;;;;;;;;;;;;;;;;;;;;;;;;;;;;;;;;;;;;
05:06:16;12;77;9999;074;999;08;111111111111000000000000;000000000000000000000000;11101000;000;_;e;10;001111001100000000000000;____;06;032;063;040;007;035;095;0425514084;;;;;;;;;;;;;;;;;;;;;;;;;;;;;;;;;;;;;;;;;;;;;;;;;;
05:07:37;12;78;9999;045;999;09;111111111111000000000000;000000000000000000000000;11101000;000;_;e;10;010000000000000000000000;____;02;024;096;002;024;025;013;0425512567;;;;;;;;;;;;;;;;;;;;;;;;;;;;;;;;;;;;;;;;;;;;;;;;;;
05:10:54;12;79;9999;075;999;09;111111111111000000000000;000000000000000000000000;11101000;000;_;e;10;001100000100000000000000;____;10;033;070;035;032;033;069;0425512568;;;;;;;;;;;;;;;;;;;;;;;;;;;;;;;;;;;;;;;;;;;;;;;;;;
05:11:37;12;80;9999;075;999;09;111111111111000000000000;000000000000000000000000;11101000;000;_;e;10;010000000000000000000000;____;02;047;090;025;047;047;008;0425512570;;;;;;;;;;;;;;;;;;;;;;;;;;;;;;;;;;;;;;;;;;;;;;;;;;
05:12:24;12;81;9999;052;999;09;111111111111000000000000;000000000000000000000000;11101000;000;_;e;10;000000100000000000000000;____;07;048;056;012;048;048;004;0425514086;;;;;;;;;;;;;;;;;;;;;;;;;;;;;;;;;;;;;;;;;;;;;;;;;;
05:13:50;12;82;9999;065;999;09;111111111111000000000000;000000000000000000000000;11101000;000;_;e;10;001111000000000000000000;____;04;035;072;042;031;036;053;0425512576;;;;;;;;;;;;;;;;;;;;;;;;;;;;;;;;;;;;;;;;;;;;;;;;;;
05:15:58;12;83;9999;056;999;09;111111111111000000000000;000000000000000000000000;11101000;000;_;e;10;110000000100000000000000;____;01;036;103;006;001;038;063;0425512755;;;;;;;;;;;;;;;;;;;;;;;;;;;;;;;;;;;;;;;;;;;;;;;;;;
05:20:07;12;84;9999;055;999;09;111111111111000000000000;000000000000000000000000;11101000;000;_;e;10;001111010101000000000000;____;10;-06;074;002;-10;018;125;0425513569;;;;;;;;;;;;;;;;;;;;;;;;;;;;;;;;;;;;;;;;;;;;;;;;;;
05:21:16;12;85;9999;059;999;09;111111111111000000000000;000000000000000000000000;11101000;000;_;e;10;100011000000000000000000;____;01;027;099;013;-07;031;044;0425512331;;;;;;;;;;;;;;;;;;;;;;;;;;;;;;;;;;;;;;;;;;;;;;;;;;
05:23:42;12;86;9999;074;999;09;111111111111000000000000;000000000000000000000000;11101000;000;_;e;10;001111001100000000000000;____;10;006;068;029;-11;022;096;0425512332;;;;;;;;;;;;;;;;;;;;;;;;;;;;;;;;;;;;;;;;;;;;;;;;;;
05:25:08;12;87;9999;081;999;09;111111111111000000000000;000000000000000000000000;11101000;000;_;e;10;010000001000000000000000;____;09;029;061;027;019;029;008;0425514089;;;;;;;;;;;;;;;;;;;;;;;;;;;;;;;;;;;;;;;;;;;;;;;;;;
05:25:59;12;88;9999;044;999;09;111111111111000000000000;000000000000000000000000;11101000;000;_;e;10;000010101100000000000000;____;05;036;051;010;032;046;025;0425512333;;;;;;;;;;;;;;;;;;;;;;;;;;;;;;;;;;;;;;;;;;;;;;;;;;
05:26:55;12;89;9999;071;999;09;111111111111000000000000;000000000000000000000000;11101000;000;_;e;10;110000000000000000000000;____;02;039;100;013;039;041;063;0425513570;;;;;;;;;;;;;;;;;;;;;;;;;;;;;;;;;;;;;;;;;;;;;;;;;;
05:27:03;12;90;9999;074;668;09;111111111111000000000000;000000000000000000000000;11101000;000;_;e;10;011100001100000000000000;____;04;034;084;027;031;055;090;0425514437;;;;;;;;;;;;;;;;;;;;;;;;;;;;;;;;;;;;;;;;;;;;;;;;;;
05:28:50;12;91;9999;074;999;09;111111111111000000000000;000000000000000000000000;11101000;000;_;e;10;101111011100000000000000;____;10;018;067;034;013;026;118;0425512758;;;;;;;;;;;;;;;;;;;;;;;;;;;;;;;;;;;;;;;;;;;;;;;;;;
05:32:08;12;92;9999;054;999;09;111111111111000000000000;000000000000000000000000;11101000;000;_;e;10;001000001100000000000000;____;10;008;082;004;004;039;033;0425512334;;;;;;;;;;;;;;;;;;;;;;;;;;;;;;;;;;;;;;;;;;;;;;;;;;
05:34:08;12;93;9999;056;999;09;111111111111000000000000;000000000000000000000000;11010000;000;_;;;;;;;;;;;;;;;;;;;;;;;;;;;;;;;;;;;;;;;;;;;;;;;;;;;;;;;;;;;;;;
05:34:25;12;94;9999;075;999;09;111111111111000000000000;000000000000000000000000;11101000;000;_;e;10;000011110100000000000000;____;08;040;046;027;037;045;087;0425512759;;;;;;;;;;;;;;;;;;;;;;;;;;;;;;;;;;;;;;;;;;;;;;;;;;
05:34:56;12;95;9999;061;999;09;111111111111000000000000;000000000000000000000000;11101000;000;_;e;10;001111000101000000000000;____;10;000;081;006;-05;006;170;0425514438;;;;;;;;;;;;;;;;;;;;;;;;;;;;;;;;;;;;;;;;;;;;;;;;;;
05:35:08;12;96;9999;067;999;08;111111111111000000000000;000000000000000000000000;11101000;000;_;e;10;111000001000000000000000;____;01;038;101;012;029;039;063;0425514242;;;;;;;;;;;;;;;;;;;;;;;;;;;;;;;;;;;;;;;;;;;;;;;;;;
05:36:09;12;97;9999;075;999;09;111111111111000000000000;000000000000000000000000;11101000;000;_;e;10;001111001000000000000000;____;05;041;060;034;015;065;068;0425514094;;;;;;;;;;;;;;;;;;;;;;;;;;;;;;;;;;;;;;;;;;;;;;;;;;
05:36:26;12;98;9999;058;999;09;111111111111000000000000;000000000000000000000000;11101000;000;_;e;10;010000000101000000000000;____;10;002;079;009;002;039;029;0425513278;;;;;;;;;;;;;;;;;;;;;;;;;;;;;;;;;;;;;;;;;;;;;;;;;;
05:38:08;12;99;9999;046;999;09;111111111111000000000000;000000000000000000000000;11101000;000;_;e;10;101001001001000000000000;____;03;054;085;007;027;059;120;0425513280;;;;;;;;;;;;;;;;;;;;;;;;;;;;;;;;;;;;;;;;;;;;;;;;;;
05:38:38;12;01;9999;054;999;09;111111111111000000000000;000000000000000000000000;11101000;000;_;e;10;001111001100000000000000;____;03;062;084;018;037;064;121;0425514243;;;;;;;;;;;;;;;;;;;;;;;;;;;;;;;;;;;;;;;;;;;;;;;;;;
05:42:56;12;02;9999;074;999;09;111111111111000000000000;000000000000000000000000;11101000;000;_;e;10;111100001000000000000000;____;04;043;083;017;039;061;090;0425512588;;;;;;;;;;;;;;;;;;;;;;;;;;;;;;;;;;;;;;;;;;;;;;;;;;
05:43:56;12;03;9999;074;999;09;111111111111000000000000;000000000000000000000000;11101000;000;_;e;10;111100000000000000000000;____;03;047;076;036;042;049;065;0425513581;;;;;;;;;;;;;;;;;;;;;;;;;;;;;;;;;;;;;;;;;;;;;;;;;;
05:44:39;12;04;9999;074;999;09;111111111111000000000000;000000000000000000000000;11101000;000;_;e;10;001000000000000000000000;____;03;036;087;002;035;036;015;0425512591;;;;;;;;;;;;;;;;;;;;;;;;;;;;;;;;;;;;;;;;;;;;;;;;;;
05:47:26;12;05;9999;075;999;09;111111111111000000000000;000000000000000000000000;11101000;000;_;e;10;001111001100000000000000;____;09;049;064;045;045;050;147;0425512339;;;;;;;;;;;;;;;;;;;;;;;;;;;;;;;;;;;;;;;;;;;;;;;;;;
05:47:52;12;06;9999;074;999;09;111111111111000000000000;000000000000000000000000;11101000;000;_;e;10;000011111100000000000000;____;06;032;056;026;032;037;056;0425514096;;;;;;;;;;;;;;;;;;;;;;;;;;;;;;;;;;;;;;;;;;;;;;;;;;
05:48:34;12;07;9999;076;999;09;111111111111000000000000;000000000000000000000000;11101000;000;_;e;10;001110001100000000000000;____;04;026;063;025;022;032;068;0425512593;;;;;;;;;;;;;;;;;;;;;;;;;;;;;;;;;;;;;;;;;;;;;;;;;;
05:50:44;12;08;9999;075;999;09;111111111111000000000000;000000000000000000000000;11101000;000;_;e;10;000011110000000000000000;____;07;043;048;033;019;043;069;0425514244;;;;;;;;;;;;;;;;;;;;;;;;;;;;;;;;;;;;;;;;;;;;;;;;;;
05:52:23;12;09;9999;059;999;09;111111111111000000000000;000000000000000000000000;11101000;000;_;e;10;000111000000000000000000;____;06;024;051;003;015;025;031;0425514441;;;;;;;;;;;;;;;;;;;;;;;;;;;;;;;;;;;;;;;;;;;;;;;;;;
05:57:00;12;10;9999;060;999;09;111111111111000000000000;000000000000000000000000;11101000;000;_;e;10;110110000101000000000000;____;10;000;088;004;-08;028;273;0425512760;;;;;;;;;;;;;;;;;;;;;;;;;;;;;;;;;;;;;;;;;;;;;;;;;;
05:58:27;12;11;9999;078;999;09;111111111111000000000000;000000000000000000000000;11101000;000;_;e;10;000011111000000000000000;____;05;047;064;030;023;052;067;0425514245;;;;;;;;;;;;;;;;;;;;;;;;;;;;;;;;;;;;;;;;;;;;;;;;;;
05:58:35;12;12;9999;081;621;09;111111111111000000000000;000000000000000000000000;11101000;000;_;e;10;100100000000000000000000;____;01;014;099;024;014;023;012;0425513592;;;;;;;;;;;;;;;;;;;;;;;;;;;;;;;;;;;;;;;;;;;;;;;;;;
05:58:43;12;13;9999;060;599;09;111111111111000000000000;000000000000000000000000;11101000;000;_;e;10;100000000000000000000000;____;01;035;098;004;035;036;050;0425514099;;;;;;;;;;;;;;;;;;;;;;;;;;;;;;;;;;;;;;;;;;;;;;;;;;
05:58:58;12;14;9999;075;999;09;111111111111000000000000;000000000000000000000000;11101000;000;_;e;10;001010001100000000000000;____;10;067;075;021;067;072;050;0425514098;;;;;;;;;;;;;;;;;;;;;;;;;;;;;;;;;;;;;;;;;;;;;;;;;;
05:59:27;12;15;9999;078;999;08;111111111111000000000000;000000000000000000000000;11101000;000;_;e;10;001101000101000000000000;____;10;-04;073;011;-04;016;087;0425513593;;;;;;;;;;;;;;;;;;;;;;;;;;;;;;;;;;;;;;;;;;;;;;;;;;
05:59:31;12;16;9999;074;301;09;111111111111000000000000;000000000000000000000000;11001000;000;_;e;10;111110000001000000000000;____;03;049;080;038;038;050;055;0425512340;032;066;004;031;049;030;0050120133;;;;;;;;;;;;;;;;;;;;;;;;;;;;;;;;;;;;;;;;;;;
06:00:06;12;17;9999;075;999;09;111111111111000000000000;000000000000000000000000;11101000;000;_;e;10;001111001100000000000000;____;10;030;072;032;025;032;124;0425513283;;;;;;;;;;;;;;;;;;;;;;;;;;;;;;;;;;;;;;;;;;;;;;;;;;
06:00:19;12;18;9999;077;999;08;111111111111000000000000;000000000000000000000000;11101000;000;_;e;10;110000000101000000000000;____;02;039;102;008;006;042;051;0425513595;;;;;;;;;;;;;;;;;;;;;;;;;;;;;;;;;;;;;;;;;;;;;;;;;;
06:00:27;12;19;9999;077;640;09;111111111111000000000000;000000000000000000000000;11101000;000;_;e;10;001111001100000000000000;____;04;064;061;028;020;065;177;0425514444;;;;;;;;;;;;;;;;;;;;;;;;;;;;;;;;;;;;;;;;;;;;;;;;;;
06:00:35;12;20;9999;059;602;08;111111111111000000000000;000000000000000000000000;11101000;000;_;e;10;111100000000000000000000;____;01;033;100;015;031;036;076;0425512762;;;;;;;;;;;;;;;;;;;;;;;;;;;;;;;;;;;;;;;;;;;;;;;;;;
06:02:57;12;21;9999;073;999;09;111111111111000000000000;000000000000000000000000;11001000;000;_;e;10;001110001101000000000000;____;03;066;084;004;032;069;051;0425512341;049;073;004;026;049;035;0050120049;;;;;;;;;;;;;;;;;;;;;;;;;;;;;;;;;;;;;;;;;;;
06:03:44;12;22;9999;061;999;09;111111111111000000000000;000000000000000000000000;11101000;000;_;e;10;001100001100000000000000;____;10;002;078;025;001;014;075;0425514445;;;;;;;;;;;;;;;;;;;;;;;;;;;;;;;;;;;;;;;;;;;;;;;;;;
06:05:19;12;23;9999;078;999;08;111111111111000000000000;000000000000000000000000;11101000;000;_;e;10;111100001100000000000000;____;03;044;094;034;030;045;063;0425513284;;;;;;;;;;;;;;;;;;;;;;;;;;;;;;;;;;;;;;;;;;;;;;;;;;
06:07:32;12;24;9999;051;999;09;111111111111000000000000;000000000000000000000000;11101000;000;_;e;10;010000000101000000000000;____;02;001;093;006;001;031;026;0425514247;;;;;;;;;;;;;;;;;;;;;;;;;;;;;;;;;;;;;;;;;;;;;;;;;;
06:08:45;12;25;9999;065;999;09;111111111111000000000000;000000000000000000000000;11101000;000;_;e;10;101101001101000000000000;____;10;-01;078;010;-01;033;160;0425513139;;;;;;;;;;;;;;;;;;;;;;;;;;;;;;;;;;;;;;;;;;;;;;;;;;
06:11:19;12;26;9999;076;999;09;111111111111000000000000;000000000000000000000000;11101000;000;_;e;10;001011100100000000000000;____;10;018;059;033;009;020;045;0425512478;;;;;;;;;;;;;;;;;;;;;;;;;;;;;;;;;;;;;;;;;;;;;;;;;;
06:12:15;12;27;9999;074;999;09;111111111111000000000000;000000000000000000000000;11101000;000;_;e;10;000100001100000000000000;____;09;014;076;028;011;045;033;0425509396;;;;;;;;;;;;;;;;;;;;;;;;;;;;;;;;;;;;;;;;;;;;;;;;;;
06:14:01;12;28;9999;056;999;09;111111111111000000000000;000000000000000000000000;11101000;000;_;e;10;001101001100000000000000;____;10;-02;081;008;-03;020;096;0425513287;;;;;;;;;;;;;;;;;;;;;;;;;;;;;;;;;;;;;;;;;;;;;;;;;;
06:14:24;12;29;9999;067;999;09;111111111111000000000000;000000000000000000000000;11101000;000;_;e;10;100000000000000000000000;____;01;039;101;009;039;040;064;0425512343;;;;;;;;;;;;;;;;;;;;;;;;;;;;;;;;;;;;;;;;;;;;;;;;;;
06:15:07;12;30;9999;057;999;09;111111111111000000000000;000000000000000000000000;11101000;000;_;e;10;000110110000000000000000;____;07;048;057;012;047;052;051;0425509397;;;;;;;;;;;;;;;;;;;;;;;;;;;;;;;;;;;;;;;;;;;;;;;;;;
06:18:07;12;31;9999;086;999;09;111111111111000000000000;000000000000000000000000;11101000;000;_;e;10;001100001100000000000000;____;04;-03;081;022;-08;001;053;0425513140;;;;;;;;;;;;;;;;;;;;;;;;;;;;;;;;;;;;;;;;;;;;;;;;;;
06:18:16;12;32;9999;079;665;09;111111111111000000000000;000000000000000000000000;11101000;000;_;e;10;011101001000000000000000;____;04;037;071;024;036;059;085;0425516600;;;;;;;;;;;;;;;;;;;;;;;;;;;;;;;;;;;;;;;;;;;;;;;;;;
06:20:03;12;33;9999;074;999;09;111111111111000000000000;000000000000000000000000;11101000;000;_;e;10;111100001100000000000000;____;04;045;075;027;043;049;062;0425514252;;;;;;;;;;;;;;;;;;;;;;;;;;;;;;;;;;;;;;;;;;;;;;;;;;
06:20:37;12;34;9999;055;999;09;111111111111000000000000;000000000000000000000000;11101000;000;_;e;10;000000000100000000000000;____;10;001;089;006;001;001;002;0425516601;;;;;;;;;;;;;;;;;;;;;;;;;;;;;;;;;;;;;;;;;;;;;;;;;;
06:25:12;12;35;9999;069;999;09;111111111111000000000000;000000000000000000000000;11101000;000;_;e;10;000100000100000000000000;____;10;001;082;019;000;007;042;0425513142;;;;;;;;;;;;;;;;;;;;;;;;;;;;;;;;;;;;;;;;;;;;;;;;;;
06:25:29;12;36;9999;072;999;09;111111111111000000000000;000000000000000000000000;11001000;000;_;e;10;001110110100000000000000;____;10;000;081;007;-01;025;042;0425514253;042;051;006;040;042;035;0425482552;;;;;;;;;;;;;;;;;;;;;;;;;;;;;;;;;;;;;;;;;;;
06:28:11;12;37;9999;066;999;09;111111111111000000000000;000000000000000000000000;11101000;000;_;e;10;110000000000000000000000;____;02;049;088;008;047;050;042;0425512480;;;;;;;;;;;;;;;;;;;;;;;;;;;;;;;;;;;;;;;;;;;;;;;;;;
06:32:42;12;38;9999;053;999;09;111111111111000000000000;000000000000000000000000;11101000;000;_;e;10;001101001010000000000000;____;09;062;049;016;050;062;072;0425514254;;;;;;;;;;;;;;;;;;;;;;;;;;;;;;;;;;;;;;;;;;;;;;;;;;
06:34:48;12;39;9999;071;999;09;111111111111000000000000;000000000000000000000000;11101000;000;_;e;10;011111001100000000000000;____;06;036;066;047;034;048;112;0425513291;;;;;;;;;;;;;;;;;;;;;;;;;;;;;;;;;;;;;;;;;;;;;;;;;;
06:35:04;12;40;9999;076;999;09;111111111111000000000000;000000000000000000000000;11101000;000;_;e;10;000111001100000000000000;____;04;043;063;037;040;044;027;0425514255;;;;;;;;;;;;;;;;;;;;;;;;;;;;;;;;;;;;;;;;;;;;;;;;;;
06:35:29;12;41;9999;075;999;09;111111111111000000000000;000000000000000000000000;11101000;000;_;e;10;001110000100000000000000;____;10;027;076;024;027;047;084;0425512853;;;;;;;;;;;;;;;;;;;;;;;;;;;;;;;;;;;;;;;;;;;;;;;;;;
06:39:42;12;42;9999;060;999;09;111111111111000000000000;000000000000000000000000;11101000;000;_;e;10;000000001100000000000000;____;09;028;080;004;004;057;008;0425512481;;;;;;;;;;;;;;;;;;;;;;;;;;;;;;;;;;;;;;;;;;;;;;;;;;
06:41:16;12;43;9999;058;999;09;111111111111000000000000;000000000000000000000000;11101000;000;_;e;10;001111011101000000000000;____;04;070;074;011;028;072;124;0425512484;;;;;;;;;;;;;;;;;;;;;;;;;;;;;;;;;;;;;;;;;;;;;;;;;;
06:48:25;12;44;9999;075;999;09;111111111111000000000000;000000000000000000000000;11101000;000;_;e;10;001110000100000000000000;____;10;008;066;024;006;028;059;0425512489;;;;;;;;;;;;;;;;;;;;;;;;;;;;;;;;;;;;;;;;;;;;;;;;;;
06:59:40;12;45;9999;075;999;09;111111111111000000000000;000000000000000000000000;11101000;000;_;e;10;010001010000000000000000;____;02;045;080;027;045;051;015;0425517000;;;;;;;;;;;;;;;;;;;;;;;;;;;;;;;;;;;;;;;;;;;;;;;;;;
07:01:59;12;46;9999;074;999;09;111111111111000000000000;000000000000000000000000;11101000;000;_;e;10;111110001100000000000000;____;03;051;076;037;039;054;095;0425514257;;;;;;;;;;;;;;;;;;;;;;;;;;;;;;;;;;;;;;;;;;;;;;;;;;
07:10:56;12;47;9999;051;999;09;111111111111000000000000;000000000000000000000000;11101000;000;_;e;10;110110001000000000000000;____;01;040;092;009;030;049;039;0425517400;;;;;;;;;;;;;;;;;;;;;;;;;;;;;;;;;;;;;;;;;;;;;;;;;;
07:11:42;12;48;9999;074;999;09;111111111111000000000000;000000000000000000000000;11101000;000;_;e;10;011111110100000000000000;____;06;031;057;025;014;035;101;0425517001;;;;;;;;;;;;;;;;;;;;;;;;;;;;;;;;;;;;;;;;;;;;;;;;;;
07:32:34;12;49;9999;074;999;09;111111111111000000000000;000000000000000000000000;11101000;000;_;e;10;101101001000000000000000;____;03;048;087;035;013;054;090;0425517303;;;;;;;;;;;;;;;;;;;;;;;;;;;;;;;;;;;;;;;;;;;;;;;;;;
07:42:23;12;50;9999;075;999;09;111111111111000000000000;000000000000000000000000;11101000;000;_;e;10;111100000000000000000000;____;01;038;069;038;038;046;041;0425517411;;;;;;;;;;;;;;;;;;;;;;;;;;;;;;;;;;;;;;;;;;;;;;;;;;
07:48:01;12;51;9999;057;999;09;111111111111000000000000;000000000000000000000000;11101000;000;_;e;10;000000000100000000000000;____;10;011;088;006;011;011;002;0425517009;;;;;;;;;;;;;;;;;;;;;;;;;;;;;;;;;;;;;;;;;;;;;;;;;;
07:52:18;12;52;9999;076;999;09;111111111111000000000000;000000000000000000000000;11101000;000;_;e;10;101110101100000000000000;____;05;037;059;035;014;040;081;0425517011;;;;;;;;;;;;;;;;;;;;;;;;;;;;;;;;;;;;;;;;;;;;;;;;;;
08:01:23;12;53;9999;075;999;09;111111111111000000000000;000000000000000000000000;11101000;000;_;e;10;110011111100000000000000;____;06;043;064;032;014;051;110;0425517014;;;;;;;;;;;;;;;;;;;;;;;;;;;;;;;;;;;;;;;;;;;;;;;;;;
08:03:49;12;54;9999;074;999;09;111111111111000000000000;000000000000000000000000;11101000;000;_;e;10;001100001100000000000000;____;04;075;066;023;029;080;074;0425517013;;;;;;;;;;;;;;;;;;;;;;;;;;;;;;;;;;;;;;;;;;;;;;;;;;
08:05:35;12;55;9999;056;999;09;111111111111000000000000;000000000000000000000000;11101000;000;_;e;10;001000001100000000000000;____;09;063;078;007;050;064;051;0425517015;;;;;;;;;;;;;;;;;;;;;;;;;;;;;;;;;;;;;;;;;;;;;;;;;;
08:30:15;12;56;9999;075;999;08;111111111111000000000000;000000000000000000000000;11101000;000;_;e;10;011100000000000000000000;____;04;044;086;018;042;044;083;0425517036;;;;;;;;;;;;;;;;;;;;;;;;;;;;;;;;;;;;;;;;;;;;;;;;;;
08:39:26;12;57;9999;074;999;09;111111111111000000000000;000000000000000000000000;11101000;000;_;e;10;110000000100000000000000;____;02;042;101;009;001;043;027;0425517459;;;;;;;;;;;;;;;;;;;;;;;;;;;;;;;;;;;;;;;;;;;;;;;;;;
08:39:34;12;58;9999;065;617;09;111111111111000000000000;000000000000000000000000;11101000;000;_;e;10;001111000100000000000000;____;10;002;078;003;000;006;127;0425517332;;;;;;;;;;;;;;;;;;;;;;;;;;;;;;;;;;;;;;;;;;;;;;;;;;
08:40:26;12;59;9999;075;999;09;111111111111000000000000;000000000000000000000000;11101000;000;_;e;10;110100000100000000000000;____;01;043;101;015;021;043;042;0425517040;;;;;;;;;;;;;;;;;;;;;;;;;;;;;;;;;;;;;;;;;;;;;;;;;;
08:41:18;12;60;9999;060;999;09;111111111111000000000000;000000000000000000000000;11101000;000;_;e;10;011100001100000000000000;____;10;-03;080;011;-04;003;072;0425517334;;;;;;;;;;;;;;;;;;;;;;;;;;;;;;;;;;;;;;;;;;;;;;;;;;
08:42:22;12;61;9999;058;999;09;111111111111000000000000;000000000000000000000000;11101000;000;_;e;10;001100001100000000000000;____;09;-01;075;021;-05;-01;092;0425517335;;;;;;;;;;;;;;;;;;;;;;;;;;;;;;;;;;;;;;;;;;;;;;;;;;
08:45:44;12;62;9999;068;999;09;111111111111000000000000;000000000000000000000000;11101000;000;_;e;10;001100000000000000000000;____;03;042;095;043;040;043;054;0425517046;;;;;;;;;;;;;;;;;;;;;;;;;;;;;;;;;;;;;;;;;;;;;;;;;;
08:52:10;12;63;9999;074;999;09;111111111111000000000000;000000000000000000000000;11101000;000;_;e;10;001100001000000000000000;____;03;033;081;028;025;034;081;0425517345;;;;;;;;;;;;;;;;;;;;;;;;;;;;;;;;;;;;;;;;;;;;;;;;;;
08:56:24;12;64;9999;051;999;09;111111111111000000000000;000000000000000000000000;11101000;000;_;e;10;001100000101000000000000;____;10;062;074;020;058;065;106;0425517471;;;;;;;;;;;;;;;;;;;;;;;;;;;;;;;;;;;;;;;;;;;;;;;;;;
08:58:49;12;65;9999;065;999;09;111111111111000000000000;000000000000000000000000;11101000;000;_;e;10;001111001100000000000000;____;09;006;075;013;-06;032;087;0425517053;;;;;;;;;;;;;;;;;;;;;;;;;;;;;;;;;;;;;;;;;;;;;;;;;;
09:02:19;12;66;9999;069;999;08;111111111111000000000000;000000000000000000000000;11010000;000;_;;;;;;;;;;;;;;;;;;;;;;;;;;;;;;;;;;;;;;;;;;;;;;;;;;;;;;;;;;;;;;
09:29:52;12;67;9999;075;999;09;111111111111000000000000;000000000000000000000000;11101000;000;_;e;10;000100000100000000000000;____;04;040;076;027;040;044;012;0425517381;;;;;;;;;;;;;;;;;;;;;;;;;;;;;;;;;;;;;;;;;;;;;;;;;;
09:31:36;12;68;9999;074;999;09;111111111111000000000000;000000000000000000000000;11101000;000;_;e;10;110000000000000000000000;____;01;046;097;007;043;046;105;0425517484;;;;;;;;;;;;;;;;;;;;;;;;;;;;;;;;;;;;;;;;;;;;;;;;;;
09:35:37;12;69;9999;074;999;09;111111111111000000000000;000000000000000000000000;11101000;000;_;e;10;011111000000000000000000;____;03;050;068;039;046;054;070;0425512773;;;;;;;;;;;;;;;;;;;;;;;;;;;;;;;;;;;;;;;;;;;;;;;;;;
09:56:58;12;70;9999;067;999;09;111111111111000000000000;000000000000000000000000;11101000;000;_;e;10;100000000000000000000000;____;01;038;099;005;037;038;009;0425512775;;;;;;;;;;;;;;;;;;;;;;;;;;;;;;;;;;;;;;;;;;;;;;;;;;
09:58:35;12;71;9999;073;999;09;111111111111000000000000;000000000000000000000000;11101000;000;_;e;10;110100000000000000000000;____;01;039;101;012;038;049;066;0425512776;;;;;;;;;;;;;;;;;;;;;;;;;;;;;;;;;;;;;;;;;;;;;;;;;;
10:01:44;12;72;9999;063;999;09;111111111111000000000000;000000000000000000000000;11101000;000;_;e;10;001101110000000000000000;____;07;030;031;024;027;033;095;0425512356;;;;;;;;;;;;;;;;;;;;;;;;;;;;;;;;;;;;;;;;;;;;;;;;;;
10:31:34;12;73;9999;075;999;09;111111111111000000000000;000000000000000000000000;11101000;000;_;e;10;000110000100000000000000;____;04;045;069;035;045;062;071;0425512787;;;;;;;;;;;;;;;;;;;;;;;;;;;;;;;;;;;;;;;;;;;;;;;;;;
10:38:45;12;74;9999;064;999;09;111111111111000000000000;000000000000000000000000;11101000;000;_;e;10;000000000001000000000000;____;12;016;071;004;016;016;003;0425513295;;;;;;;;;;;;;;;;;;;;;;;;;;;;;;;;;;;;;;;;;;;;;;;;;;
10:47:28;12;75;9999;075;999;09;111111111111000000000000;000000000000000000000000;11101000;000;_;e;10;000110001100000000000000;____;04;046;072;021;042;051;055;0425512379;;;;;;;;;;;;;;;;;;;;;;;;;;;;;;;;;;;;;;;;;;;;;;;;;;
10:48:19;12;76;9999;074;999;09;111111111111000000000000;000000000000000000000000;11101000;000;_;e;10;001111001100000000000000;____;10;076;073;021;044;079;120;0425512380;;;;;;;;;;;;;;;;;;;;;;;;;;;;;;;;;;;;;;;;;;;;;;;;;;
11:01:04;12;77;9999;072;999;09;111111111111000000000000;000000000000000000000000;11101000;000;_;e;10;111100000000000000000000;____;02;035;100;010;030;041;048;0425512388;;;;;;;;;;;;;;;;;;;;;;;;;;;;;;;;;;;;;;;;;;;;;;;;;;
11:04:57;12;78;9999;076;999;09;111111111111000000000000;000000000000000000000000;11101000;000;_;e;10;001110000000000000000000;____;04;040;074;040;027;042;045;0425512390;;;;;;;;;;;;;;;;;;;;;;;;;;;;;;;;;;;;;;;;;;;;;;;;;;
11:09:10;12;79;9999;076;999;08;111111111111000000000000;000000000000000000000000;11101000;000;_;e;10;000001110100000000000000;____;06;040;062;040;035;043;071;0425512392;;;;;;;;;;;;;;;;;;;;;;;;;;;;;;;;;;;;;;;;;;;;;;;;;;
11:12:32;12;80;9999;074;999;09;111111111111000000000000;000000000000000000000000;11101000;000;_;e;10;101111001100000000000000;____;09;040;081;033;035;043;104;0425513298;;;;;;;;;;;;;;;;;;;;;;;;;;;;;;;;;;;;;;;;;;;;;;;;;;
11:16:58;12;81;9999;068;999;09;111111111111000000000000;000000000000000000000000;11101000;000;_;e;10;000110000100000000000000;____;10;004;075;021;004;028;044;0425512393;;;;;;;;;;;;;;;;;;;;;;;;;;;;;;;;;;;;;;;;;;;;;;;;;;
11:19:28;12;82;9999;075;999;09;111111111111000000000000;000000000000000000000000;11101000;000;_;e;10;001111110100000000000000;____;04;055;043;020;050;057;091;0425512395;;;;;;;;;;;;;;;;;;;;;;;;;;;;;;;;;;;;;;;;;;;;;;;;;;
11:27:02;12;83;9999;077;999;09;111111111111000000000000;000000000000000000000000;11101000;000;_;e;10;101100100100000000000000;____;07;052;079;033;048;054;105;0425513147;;;;;;;;;;;;;;;;;;;;;;;;;;;;;;;;;;;;;;;;;;;;;;;;;;
11:40:29;12;84;9999;074;999;09;111111111111000000000000;000000000000000000000000;11101000;000;_;e;10;000011110000000000000000;____;05;056;057;041;055;061;034;0425514463;;;;;;;;;;;;;;;;;;;;;;;;;;;;;;;;;;;;;;;;;;;;;;;;;;
11:41:06;12;85;9999;055;999;09;111111111111000000000000;000000000000000000000000;11101000;000;_;e;10;001110000000000000000000;____;04;030;086;038;-04;031;045;0425513152;;;;;;;;;;;;;;;;;;;;;;;;;;;;;;;;;;;;;;;;;;;;;;;;;;
11:41:19;12;86;9999;076;999;09;111111111111000000000000;000000000000000000000000;11101000;000;_;e;10;000000000100000000000000;____;10;074;064;013;074;076;026;0425514464;;;;;;;;;;;;;;;;;;;;;;;;;;;;;;;;;;;;;;;;;;;;;;;;;;
11:46:06;12;87;9999;058;999;09;111111111111000000000000;000000000000000000000000;11101000;000;_;e;10;001111001111000000000000;____;03;-03;058;008;-08;022;132;0425514465;;;;;;;;;;;;;;;;;;;;;;;;;;;;;;;;;;;;;;;;;;;;;;;;;;
12:19:19;12;88;9999;074;999;09;111111111111000000000000;000000000000000000000000;11101000;000;_;e;10;001101000100000000000000;____;04;059;073;015;016;060;049;0425514478;;;;;;;;;;;;;;;;;;;;;;;;;;;;;;;;;;;;;;;;;;;;;;;;;;
12:20:54;12;89;9999;059;999;09;111111111111000000000000;000000000000000000000000;11101000;000;_;e;10;110000000000000000000000;____;02;025;099;007;024;025;038;0425512863;;;;;;;;;;;;;;;;;;;;;;;;;;;;;;;;;;;;;;;;;;;;;;;;;;
12:21:20;12;90;9999;076;999;09;111111111111000000000000;000000000000000000000000;11101000;000;_;e;10;000111001000000000000000;____;09;009;051;017;006;018;035;0425512864;;;;;;;;;;;;;;;;;;;;;;;;;;;;;;;;;;;;;;;;;;;;;;;;;;
12:23:15;12;91;9999;058;999;09;111111111111000000000000;000000000000000000000000;11101000;000;_;e;10;111101001101000000000000;____;04;-01;080;002;-06;017;121;0425514482;;;;;;;;;;;;;;;;;;;;;;;;;;;;;;;;;;;;;;;;;;;;;;;;;;
12:25:11;12;92;9999;053;999;09;111111111111000000000000;000000000000000000000000;11101000;000;_;e;10;000001101010000000000000;____;06;050;059;008;050;053;022;0425514483;;;;;;;;;;;;;;;;;;;;;;;;;;;;;;;;;;;;;;;;;;;;;;;;;;
12:49:41;12;93;9999;077;999;09;111111111111000000000000;000000000000000000000000;11101000;000;_;e;10;010100000100000000000000;____;10;008;080;008;007;020;162;0425514488;;;;;;;;;;;;;;;;;;;;;;;;;;;;;;;;;;;;;;;;;;;;;;;;;;
12:56:48;12;94;9999;073;999;09;111111111111000000000000;000000000000000000000000;11101000;000;_;e;10;100111000100000000000000;____;01;046;087;029;019;052;074;0425516628;;;;;;;;;;;;;;;;;;;;;;;;;;;;;;;;;;;;;;;;;;;;;;;;;;
13:07:22;12;95;9999;074;999;09;111111111111000000000000;000000000000000000000000;11101000;000;_;e;10;111100000000000000000000;____;04;036;077;019;032;051;066;0425512870;;;;;;;;;;;;;;;;;;;;;;;;;;;;;;;;;;;;;;;;;;;;;;;;;;
13:13:17;12;96;9999;059;999;09;111111111111000000000000;000000000000000000000000;11101000;000;_;e;10;010100001100000000000000;____;10;-04;079;004;-05;011;070;0425514495;;;;;;;;;;;;;;;;;;;;;;;;;;;;;;;;;;;;;;;;;;;;;;;;;;
13:20:09;12;97;9999;074;999;09;111111111111000000000000;000000000000000000000000;11101000;000;_;e;10;000011101000000000000000;____;05;017;060;030;016;021;083;0425514496;;;;;;;;;;;;;;;;;;;;;;;;;;;;;;;;;;;;;;;;;;;;;;;;;;
13:32:26;12;98;9999;061;999;09;111111111111000000000000;000000000000000000000000;11101000;000;_;e;10;111100000000000000000000;____;03;027;095;029;019;027;075;0425514273;;;;;;;;;;;;;;;;;;;;;;;;;;;;;;;;;;;;;;;;;;;;;;;;;;
13:32:55;12;99;9999;068;999;09;111111111111000000000000;000000000000000000000000;11101000;000;_;e;10;110000000000000000000000;____;01;038;100;006;013;040;040;0425513178;;;;;;;;;;;;;;;;;;;;;;;;;;;;;;;;;;;;;;;;;;;;;;;;;;
13:33:33;12;01;9999;069;999;08;111111111111000000000000;000000000000000000000000;11101000;000;_;e;10;001110000101000000000000;____;10;000;081;016;-06;004;096;0425513179;;;;;;;;;;;;;;;;;;;;;;;;;;;;;;;;;;;;;;;;;;;;;;;;;;
13:40:58;12;02;9999;054;999;09;111111111111000000000000;000000000000000000000000;11101000;000;_;e;10;000100000100000000000000;____;10;-02;071;023;-02;000;067;0425516645;;;;;;;;;;;;;;;;;;;;;;;;;;;;;;;;;;;;;;;;;;;;;;;;;;
13:45:24;12;03;9999;075;999;09;111111111111000000000000;000000000000000000000000;11101000;000;_;e;10;101101001100000000000000;____;03;029;061;041;024;038;123;0425512874;;;;;;;;;;;;;;;;;;;;;;;;;;;;;;;;;;;;;;;;;;;;;;;;;;
13:49:37;12;04;9999;074;999;09;111111111111000000000000;000000000000000000000000;11101000;000;_;e;10;010000000000000000000000;____;02;030;090;021;030;030;005;0425516649;;;;;;;;;;;;;;;;;;;;;;;;;;;;;;;;;;;;;;;;;;;;;;;;;;
13:56:45;12;05;9999;061;999;09;111111111111000000000000;000000000000000000000000;11101000;000;_;e;10;110000000000000000000000;____;02;035;098;007;012;035;037;0425516650;;;;;;;;;;;;;;;;;;;;;;;;;;;;;;;;;;;;;;;;;;;;;;;;;;
14:02:45;12;06;9999;053;999;09;111111111111000000000000;000000000000000000000000;11101000;000;_;e;10;001111001100000000000000;____;05;020;073;035;017;023;115;0425512875;;;;;;;;;;;;;;;;;;;;;;;;;;;;;;;;;;;;;;;;;;;;;;;;;;
14:03:11;12;07;9999;059;999;09;111111111111000000000000;000000000000000000000000;11101000;000;_;e;10;001111001001000000000000;____;09;000;070;017;-08;023;074;0425516654;;;;;;;;;;;;;;;;;;;;;;;;;;;;;;;;;;;;;;;;;;;;;;;;;;
15:22:13;12;08;9999;072;999;08;111111111111000000000000;000000000000000000000000;11101000;000;_;e;10;100000001100000000000000;____;09;039;097;035;005;039;032;0425517057;;;;;;;;;;;;;;;;;;;;;;;;;;;;;;;;;;;;;;;;;;;;;;;;;;
15:23:05;12;09;9999;067;999;08;111111111111000000000000;000000000000000000000000;11101000;000;_;e;10;000000000100000000000000;____;10;004;080;004;004;004;003;0425517058;;;;;;;;;;;;;;;;;;;;;;;;;;;;;;;;;;;;;;;;;;;;;;;;;;
15:25:52;12;10;9999;073;999;09;111111111111000000000000;000000000000000000000000;11101000;000;_;e;10;011100000000000000000000;____;04;034;084;024;019;034;055;0425517494;;;;;;;;;;;;;;;;;;;;;;;;;;;;;;;;;;;;;;;;;;;;;;;;;;
15:26:18;12;11;9999;074;999;09;111111111111000000000000;000000000000000000000000;11101000;000;_;e;10;001110000100000000000000;____;03;046;089;024;040;049;043;0425517493;;;;;;;;;;;;;;;;;;;;;;;;;;;;;;;;;;;;;;;;;;;;;;;;;;
15:28:48;12;12;9999;076;999;08;111111111111000000000000;000000000000000000000000;11101000;000;_;e;10;101000000000000000000000;____;01;042;101;008;006;042;018;0425517060;;;;;;;;;;;;;;;;;;;;;;;;;;;;;;;;;;;;;;;;;;;;;;;;;;
15:29:48;12;13;9999;078;999;09;111111111111000000000000;000000000000000000000000;11101000;000;_;e;10;110000000100000000000000;____;02;040;101;010;008;043;043;0425517061;;;;;;;;;;;;;;;;;;;;;;;;;;;;;;;;;;;;;;;;;;;;;;;;;;
15:31:09;12;14;9999;078;999;09;111111111111000000000000;000000000000000000000000;11101000;000;_;e;10;001111001100000000000000;____;09;073;079;025;030;073;118;0425517059;;;;;;;;;;;;;;;;;;;;;;;;;;;;;;;;;;;;;;;;;;;;;;;;;;
15:40:22;12;15;9999;074;999;09;111111111111000000000000;000000000000000000000000;11101000;000;_;e;10;001110001100000000000000;____;04;039;077;031;021;040;066;0425513184;;;;;;;;;;;;;;;;;;;;;;;;;;;;;;;;;;;;;;;;;;;;;;;;;;
15:54:37;12;16;9999;087;999;08;111111111111000000000000;000000000000000000000000;11101000;000;_;e;10;110100001001000000000000;____;09;030;082;019;030;032;037;0425517066;;;;;;;;;;;;;;;;;;;;;;;;;;;;;;;;;;;;;;;;;;;;;;;;;;
15:55:12;12;17;9999;077;999;09;111111111111000000000000;000000000000000000000000;11101000;000;_;e;10;001101001100000000000000;____;04;036;062;047;006;038;073;0425517067;;;;;;;;;;;;;;;;;;;;;;;;;;;;;;;;;;;;;;;;;;;;;;;;;;
15:55:34;12;18;9999;083;999;08;111111111111000000000000;000000000000000000000000;11101000;000;_;e;10;001100001100000000000000;____;09;052;097;032;014;053;061;0425519703;;;;;;;;;;;;;;;;;;;;;;;;;;;;;;;;;;;;;;;;;;;;;;;;;;
15:57:12;12;19;9999;055;999;09;111111111111000000000000;000000000000000000000000;11101000;000;_;e;10;000010111000000000000000;____;07;030;050;010;027;052;049;0425519705;;;;;;;;;;;;;;;;;;;;;;;;;;;;;;;;;;;;;;;;;;;;;;;;;;
15:58:16;12;20;9999;057;999;09;111111111111000000000000;000000000000000000000000;11101000;000;_;e;10;100000000100000000000000;____;01;036;102;012;005;037;046;0425519706;;;;;;;;;;;;;;;;;;;;;;;;;;;;;;;;;;;;;;;;;;;;;;;;;;
15:58:25;12;21;9999;046;674;09;111111111111000000000000;000000000000000000000000;11101000;000;_;e;10;000000000100000000000000;____;10;-11;074;016;-11;-11;034;0425519707;;;;;;;;;;;;;;;;;;;;;;;;;;;;;;;;;;;;;;;;;;;;;;;;;;
15:58:59;12;22;9999;056;999;09;111111111111000000000000;000000000000000000000000;11101000;000;_;e;10;001101001100000000000000;____;09;-02;077;030;-06;-01;109;0425519708;;;;;;;;;;;;;;;;;;;;;;;;;;;;;;;;;;;;;;;;;;;;;;;;;;
16:01:25;12;23;9999;058;999;08;111111111111000000000000;000000000000000000000000;11101000;000;_;e;10;110001111100000000000000;____;01;-05;082;019;-05;012;066;0425517069;;;;;;;;;;;;;;;;;;;;;;;;;;;;;;;;;;;;;;;;;;;;;;;;;;
16:02:21;12;24;9999;071;999;09;111111111111000000000000;000000000000000000000000;11001000;000;_;e;10;110010000101000000000000;____;02;050;102;013;050;052;018;0555663638;005;073;003;000;022;008;0425519710;;;;;;;;;;;;;;;;;;;;;;;;;;;;;;;;;;;;;;;;;;;
16:04:00;12;25;9999;075;999;09;111111111111000000000000;000000000000000000000000;11101000;000;_;e;10;111100000100000000000000;____;04;036;075;027;016;037;091;0425519711;;;;;;;;;;;;;;;;;;;;;;;;;;;;;;;;;;;;;;;;;;;;;;;;;;
16:11:17;12;26;9999;076;999;09;111111111111000000000000;000000000000000000000000;11101000;000;_;e;10;000011001000000000000000;____;06;051;065;049;045;052;053;0425517072;;;;;;;;;;;;;;;;;;;;;;;;;;;;;;;;;;;;;;;;;;;;;;;;;;
16:22:59;12;27;9999;061;999;09;111111111111000000000000;000000000000000000000000;11101000;000;_;e;10;000100000100000000000000;____;10;003;079;019;003;007;044;0425519717;;;;;;;;;;;;;;;;;;;;;;;;;;;;;;;;;;;;;;;;;;;;;;;;;;
16:31:06;12;28;9999;073;999;09;111111111111000000000000;000000000000000000000000;11101000;000;_;e;10;010001100100000000000000;____;10;015;056;020;015;025;053;0425517077;;;;;;;;;;;;;;;;;;;;;;;;;;;;;;;;;;;;;;;;;;;;;;;;;;
16:33:14;12;29;9999;079;999;09;111111111111000000000000;000000000000000000000000;11101000;000;_;e;10;001101001000000000000000;____;03;043;072;041;024;045;070;0425519813;;;;;;;;;;;;;;;;;;;;;;;;;;;;;;;;;;;;;;;;;;;;;;;;;;
16:34:40;12;30;9999;076;999;09;111111111111000000000000;000000000000000000000000;11010000;000;_;;;;;;;;;;;;;;;;;;;;;;;;;;;;;;;;;;;;;;;;;;;;;;;;;;;;;;;;;;;;;;
16:37:14;12;31;9999;074;999;08;111111111111000000000000;000000000000000000000000;11101000;000;_;e;10;110000000000000000000000;____;01;044;097;009;044;045;031;0425519816;;;;;;;;;;;;;;;;;;;;;;;;;;;;;;;;;;;;;;;;;;;;;;;;;;
16:37:48;12;32;9999;077;999;09;111111111111000000000000;000000000000000000000000;11101000;000;_;e;10;110100000000000000000000;____;04;034;097;029;017;035;044;0425519817;;;;;;;;;;;;;;;;;;;;;;;;;;;;;;;;;;;;;;;;;;;;;;;;;;
16:59:25;12;33;9999;066;999;08;111111111111000000000000;000000000000000000000000;11101000;000;_;e;10;110000000001000000000000;____;02;037;101;014;034;039;066;0425517085;;;;;;;;;;;;;;;;;;;;;;;;;;;;;;;;;;;;;;;;;;;;;;;;;;
16:59:48;12;34;9999;059;999;09;111111111111000000000000;000000000000000000000000;11101000;000;_;e;10;110100001101000000000000;____;02;-06;081;004;-06;030;056;0425517080;;;;;;;;;;;;;;;;;;;;;;;;;;;;;;;;;;;;;;;;;;;;;;;;;;
16:59:56;12;35;9999;076;679;09;111111111111000000000000;000000000000000000000000;11101000;000;_;e;10;001101000100000000000000;____;04;029;078;038;009;030;059;0425520013;;;;;;;;;;;;;;;;;;;;;;;;;;;;;;;;;;;;;;;;;;;;;;;;;;
17:00:44;12;36;9999;063;999;09;111111111111000000000000;000000000000000000000000;11101000;000;_;e;10;101100001100000000000000;____;03;-02;074;025;-16;031;075;0425517086;;;;;;;;;;;;;;;;;;;;;;;;;;;;;;;;;;;;;;;;;;;;;;;;;;
17:02:09;12;37;9999;079;999;09;111111111111000000000000;000000000000000000000000;11101000;000;_;e;10;110000000000000000000000;____;01;038;099;011;037;040;066;0425517087;;;;;;;;;;;;;;;;;;;;;;;;;;;;;;;;;;;;;;;;;;;;;;;;;;
17:02:56;12;38;9999;056;999;09;111111111111000000000000;000000000000000000000000;11101000;000;_;e;10;110000000000000000000000;____;01;039;100;012;036;039;054;0425517088;;;;;;;;;;;;;;;;;;;;;;;;;;;;;;;;;;;;;;;;;;;;;;;;;;
17:04:48;12;39;9999;047;999;09;111111111111000000000000;000000000000000000000000;11101000;000;_;e;10;101100001100000000000000;____;09;025;086;039;008;026;074;0425519722;;;;;;;;;;;;;;;;;;;;;;;;;;;;;;;;;;;;;;;;;;;;;;;;;;
17:07:00;12;40;9999;063;999;09;111111111111000000000000;000000000000000000000000;11101000;000;_;e;10;110000001100000000000000;____;01;025;100;014;004;025;057;0425520014;;;;;;;;;;;;;;;;;;;;;;;;;;;;;;;;;;;;;;;;;;;;;;;;;;
17:08:34;12;41;9999;060;999;09;111111111111000000000000;000000000000000000000000;11101000;000;_;e;10;110000000000000000000000;____;01;032;100;008;031;033;056;0425516663;;;;;;;;;;;;;;;;;;;;;;;;;;;;;;;;;;;;;;;;;;;;;;;;;;
17:11:08;12;42;9999;052;999;09;111111111111000000000000;000000000000000000000000;11101000;000;_;e;10;000000000100000000000000;____;10;-03;077;017;-03;-02;025;0425517090;;;;;;;;;;;;;;;;;;;;;;;;;;;;;;;;;;;;;;;;;;;;;;;;;;
17:13:01;12;43;9999;075;999;09;111111111111000000000000;000000000000000000000000;11101000;000;_;e;10;010100000100000000000000;____;04;029;073;025;029;030;077;0425520101;;;;;;;;;;;;;;;;;;;;;;;;;;;;;;;;;;;;;;;;;;;;;;;;;;
17:13:43;12;44;9999;063;999;09;111111111111000000000000;000000000000000000000000;11101000;000;_;e;10;001111001111000000000000;____;06;035;048;008;014;040;121;0425519824;;;;;;;;;;;;;;;;;;;;;;;;;;;;;;;;;;;;;;;;;;;;;;;;;;
17:18:05;12;45;9999;083;999;09;111111111111000000000000;000000000000000000000000;11101000;000;_;e;10;001111001100000000000000;____;03;054;061;018;013;060;082;0425512204;;;;;;;;;;;;;;;;;;;;;;;;;;;;;;;;;;;;;;;;;;;;;;;;;;
17:20:30;12;46;9999;054;999;09;111111111111000000000000;000000000000000000000000;11101000;000;_;e;10;111011101001000000000000;____;09;062;068;011;050;062;087;0425519724;;;;;;;;;;;;;;;;;;;;;;;;;;;;;;;;;;;;;;;;;;;;;;;;;;
17:24:33;12;47;9999;052;999;09;111111111111000000000000;000000000000000000000000;11101000;000;_;e;10;001111001101000000000000;____;09;-08;086;008;-15;002;156;0425520102;;;;;;;;;;;;;;;;;;;;;;;;;;;;;;;;;;;;;;;;;;;;;;;;;;
17:29:25;12;48;9999;074;999;09;111111111111000000000000;000000000000000000000000;11101000;000;_;e;10;001111001100000000000000;____;09;002;070;022;-05;006;113;0425520202;;;;;;;;;;;;;;;;;;;;;;;;;;;;;;;;;;;;;;;;;;;;;;;;;;
17:30:42;12;49;9999;075;999;09;111111111111000000000000;000000000000000000000000;11101000;000;_;e;10;111100000000000000000000;____;04;040;084;029;024;041;067;0425520203;;;;;;;;;;;;;;;;;;;;;;;;;;;;;;;;;;;;;;;;;;;;;;;;;;
17:31:20;12;50;9999;072;999;09;111111111111000000000000;000000000000000000000000;11101000;000;_;e;10;110000000000000000000000;____;02;037;099;006;036;050;068;0425519730;;;;;;;;;;;;;;;;;;;;;;;;;;;;;;;;;;;;;;;;;;;;;;;;;;
17:33:34;12;51;9999;073;999;09;111111111111000000000000;000000000000000000000000;11101000;000;_;e;10;001001001000000000000000;____;09;081;076;010;054;083;052;0425512882;;;;;;;;;;;;;;;;;;;;;;;;;;;;;;;;;;;;;;;;;;;;;;;;;;
17:39:29;12;52;9999;057;999;09;111111111111000000000000;000000000000000000000000;11101000;000;_;e;10;011110000100000000000000;____;10;-05;081;004;-11;013;066;0425512206;;;;;;;;;;;;;;;;;;;;;;;;;;;;;;;;;;;;;;;;;;;;;;;;;;
17:40:08;12;53;9999;075;999;09;111111111111000000000000;000000000000000000000000;11101000;000;_;e;10;001111001100000000000000;____;03;020;066;033;018;025;106;0425512207;;;;;;;;;;;;;;;;;;;;;;;;;;;;;;;;;;;;;;;;;;;;;;;;;;
17:43:03;12;54;9999;075;999;09;111111111111000000000000;000000000000000000000000;11101000;000;_;e;10;001011100100000000000000;____;10;038;072;033;035;040;055;0425512209;;;;;;;;;;;;;;;;;;;;;;;;;;;;;;;;;;;;;;;;;;;;;;;;;;
17:53:46;12;55;9999;043;999;09;111111111111000000000000;000000000000000000000000;11101000;000;_;e;10;110000000100000000000000;____;02;-05;091;008;-08;-03;010;0425512211;;;;;;;;;;;;;;;;;;;;;;;;;;;;;;;;;;;;;;;;;;;;;;;;;;
17:54:11;12;56;9999;060;999;09;111111111111000000000000;000000000000000000000000;11101000;000;_;e;10;000111111100000000000000;____;06;036;049;021;035;040;111;0425516667;;;;;;;;;;;;;;;;;;;;;;;;;;;;;;;;;;;;;;;;;;;;;;;;;;
17:54:58;12;57;9999;054;999;09;111111111111000000000000;000000000000000000000000;11101000;000;_;e;10;111100001000000000000000;____;03;048;091;010;045;054;061;0425520106;;;;;;;;;;;;;;;;;;;;;;;;;;;;;;;;;;;;;;;;;;;;;;;;;;
17:58:07;12;58;9999;074;999;09;111111111111000000000000;000000000000000000000000;11101000;000;_;e;10;001111001100000000000000;____;04;025;079;025;021;052;121;0425512889;;;;;;;;;;;;;;;;;;;;;;;;;;;;;;;;;;;;;;;;;;;;;;;;;;
17:58:45;12;59;9999;065;999;09;111111111111000000000000;000000000000000000000000;11101000;000;_;e;10;000000110000000000000000;____;07;038;044;007;028;038;022;0425512214;;;;;;;;;;;;;;;;;;;;;;;;;;;;;;;;;;;;;;;;;;;;;;;;;;
18:01:06;12;60;9999;075;999;09;111111111111000000000000;000000000000000000000000;11101000;000;_;e;10;001111001100000000000000;____;03;020;074;034;011;073;118;0425520215;;;;;;;;;;;;;;;;;;;;;;;;;;;;;;;;;;;;;;;;;;;;;;;;;;
18:03:54;12;61;9999;075;999;09;111111111111000000000000;000000000000000000000000;11101000;000;_;e;10;101111001000000000000000;____;06;045;068;031;044;064;084;0425520217;;;;;;;;;;;;;;;;;;;;;;;;;;;;;;;;;;;;;;;;;;;;;;;;;;
18:10:36;12;62;9999;077;999;09;111111111111000000000000;000000000000000000000000;11101000;000;_;e;10;001111001101000000000000;____;09;-04;067;025;-15;000;172;0425519741;;;;;;;;;;;;;;;;;;;;;;;;;;;;;;;;;;;;;;;;;;;;;;;;;;
18:19:31;12;63;9999;075;999;09;111111111111000000000000;000000000000000000000000;11101000;000;_;e;10;001111001100000000000000;____;04;040;062;023;035;041;142;0425512892;;;;;;;;;;;;;;;;;;;;;;;;;;;;;;;;;;;;;;;;;;;;;;;;;;
18:19:41;12;64;9999;076;760;08;111111111111000000000000;000000000000000000000000;11101000;000;_;e;10;001101101000000000000000;____;03;032;069;054;032;036;077;0425520229;;;;;;;;;;;;;;;;;;;;;;;;;;;;;;;;;;;;;;;;;;;;;;;;;;
18:25:52;12;65;9999;078;999;09;111111111111000000000000;000000000000000000000000;11010000;000;_;;;;;;;;;;;;;;;;;;;;;;;;;;;;;;;;;;;;;;;;;;;;;;;;;;;;;;;;;;;;;;
18:28:35;12;66;9999;075;999;09;111111111111000000000000;000000000000000000000000;11101000;000;_;e;10;001111001100000000000000;____;09;047;064;031;045;048;175;0425520236;;;;;;;;;;;;;;;;;;;;;;;;;;;;;;;;;;;;;;;;;;;;;;;;;;
18:38:09;12;67;9999;075;999;09;111111111111000000000000;000000000000000000000000;11001000;000;_;e;10;000000000011000000000000;____;12;028;055;004;028;051;042;0050117724;020;063;004;020;021;031;0050116135;;;;;;;;;;;;;;;;;;;;;;;;;;;;;;;;;;;;;;;;;;;
18:50:41;12;68;9999;075;999;09;111111111111000000000000;000000000000000000000000;11101000;000;_;e;10;001100001100000000000000;____;04;013;068;005;008;017;071;0425512246;;;;;;;;;;;;;;;;;;;;;;;;;;;;;;;;;;;;;;;;;;;;;;;;;;
18:55:26;12;69;9999;074;999;09;111111111111000000000000;000000000000000000000000;11101000;000;_;e;10;001111001100000000000000;____;03;049;088;026;039;052;103;0425520114;;;;;;;;;;;;;;;;;;;;;;;;;;;;;;;;;;;;;;;;;;;;;;;;;;
19:04:12;12;70;9999;074;999;09;111111111111000000000000;000000000000000000000000;11101000;000;_;e;10;001110101100000000000000;____;10;036;080;031;031;056;079;0425521000;;;;;;;;;;;;;;;;;;;;;;;;;;;;;;;;;;;;;;;;;;;;;;;;;;
19:08:16;12;71;9999;061;999;09;111111111111000000000000;000000000000000000000000;11101000;000;_;e;10;100100001101000000000000;____;10;-01;083;022;-03;032;076;0425520246;;;;;;;;;;;;;;;;;;;;;;;;;;;;;;;;;;;;;;;;;;;;;;;;;;
19:15:46;12;72;9999;074;999;09;111111111111000000000000;000000000000000000000000;11101000;000;_;e;10;110000000000000000000000;____;01;035;099;012;034;038;046;0425512254;;;;;;;;;;;;;;;;;;;;;;;;;;;;;;;;;;;;;;;;;;;;;;;;;;
19:16:54;12;73;9999;063;999;09;111111111111000000000000;000000000000000000000000;11101000;000;_;e;10;000111110011000000000000;____;05;033;049;006;027;045;113;0425512896;;;;;;;;;;;;;;;;;;;;;;;;;;;;;;;;;;;;;;;;;;;;;;;;;;
19:18:03;12;74;9999;073;999;09;111111111111000000000000;000000000000000000000000;11101000;000;_;e;10;001111001100000000000000;____;04;037;068;043;032;039;104;0425520249;;;;;;;;;;;;;;;;;;;;;;;;;;;;;;;;;;;;;;;;;;;;;;;;;;
19:22:19;12;75;9999;073;999;09;111111111111000000000000;000000000000000000000000;11101000;000;_;e;10;000110001100000000000000;____;04;008;069;024;004;031;012;0425520250;;;;;;;;;;;;;;;;;;;;;;;;;;;;;;;;;;;;;;;;;;;;;;;;;;
19:24:45;12;76;9999;075;999;09;111111111111000000000000;000000000000000000000000;11010000;000;_;;;;;;;;;;;;;;;;;;;;;;;;;;;;;;;;;;;;;;;;;;;;;;;;;;;;;;;;;;;;;;
19:40:32;12;77;9999;076;999;08;111111111111000000000000;000000000000000000000000;11101000;000;_;e;10;101111001100000000000000;____;03;043;073;039;030;046;074;0425517095;;;;;;;;;;;;;;;;;;;;;;;;;;;;;;;;;;;;;;;;;;;;;;;;;;
19:43:42;12;78;9999;077;999;09;111111111111000000000000;000000000000000000000000;11101000;000;_;e;10;111110100100000000000000;____;03;039;072;036;037;043;099;0425512260;;;;;;;;;;;;;;;;;;;;;;;;;;;;;;;;;;;;;;;;;;;;;;;;;;
19:45:20;12;79;9999;075;999;09;111111111111000000000000;000000000000000000000000;11101000;000;_;e;10;001111000100000000000000;____;06;043;061;035;027;045;080;0425512261;;;;;;;;;;;;;;;;;;;;;;;;;;;;;;;;;;;;;;;;;;;;;;;;;;
19:45:59;12;80;9999;075;999;09;111111111111000000000000;000000000000000000000000;11101000;000;_;e;10;001101001100000000000000;____;03;049;083;028;048;054;096;0425520257;;;;;;;;;;;;;;;;;;;;;;;;;;;;;;;;;;;;;;;;;;;;;;;;;;
19:46:54;12;81;9999;068;999;09;111111111111000000000000;000000000000000000000000;11101000;000;_;e;10;100000000001000000000000;____;01;035;099;008;016;035;054;0425512262;;;;;;;;;;;;;;;;;;;;;;;;;;;;;;;;;;;;;;;;;;;;;;;;;;
19:57:46;12;82;9999;043;999;09;111111111111000000000000;000000000000000000000000;11101000;000;_;e;10;001111001101000000000000;____;09;047;069;001;015;047;108;0425521401;;;;;;;;;;;;;;;;;;;;;;;;;;;;;;;;;;;;;;;;;;;;;;;;;;
19:58:59;12;83;9999;073;999;09;111111111111000000000000;000000000000000000000000;11101000;000;_;e;10;000110000100000000000000;____;10;073;077;025;070;074;059;0425521402;;;;;;;;;;;;;;;;;;;;;;;;;;;;;;;;;;;;;;;;;;;;;;;;;;
20:04:20;12;84;9999;074;999;09;111111111111000000000000;000000000000000000000000;11101000;000;_;e;10;111100000100000000000000;____;04;038;082;036;036;043;071;0425514503;;;;;;;;;;;;;;;;;;;;;;;;;;;;;;;;;;;;;;;;;;;;;;;;;;
20:06:07;12;85;9999;067;999;09;111111111111000000000000;000000000000000000000000;11101000;000;_;e;10;001110111100000000000000;____;09;030;084;045;016;031;155;0425521318;;;;;;;;;;;;;;;;;;;;;;;;;;;;;;;;;;;;;;;;;;;;;;;;;;
20:11:07;12;86;9999;066;999;09;111111111111000000000000;000000000000000000000000;11101000;000;_;e;10;000100001100000000000000;____;10;005;073;024;005;034;049;0425514510;;;;;;;;;;;;;;;;;;;;;;;;;;;;;;;;;;;;;;;;;;;;;;;;;;
20:29:55;12;87;9999;074;999;09;111111111111000000000000;000000000000000000000000;11101000;000;_;e;10;001111001100000000000000;____;09;071;071;017;046;074;076;0425521405;;;;;;;;;;;;;;;;;;;;;;;;;;;;;;;;;;;;;;;;;;;;;;;;;;
20:35:22;12;88;9999;045;999;09;111111111111000000000000;000000000000000000000000;11101000;000;_;e;10;001001111000000000000000;____;03;018;045;011;009;022;086;0425521002;;;;;;;;;;;;;;;;;;;;;;;;;;;;;;;;;;;;;;;;;;;;;;;;;;
20:37:36;12;89;9999;076;999;09;111111111111000000000000;000000000000000000000000;11101000;000;_;e;10;001111001100000000000000;____;03;047;075;029;045;050;115;0425521604;;;;;;;;;;;;;;;;;;;;;;;;;;;;;;;;;;;;;;;;;;;;;;;;;;
20:41:35;12;90;9999;054;999;09;111111111111000000000000;000000000000000000000000;11101000;000;_;e;10;000110001100000000000000;____;10;004;074;023;-03;006;067;0425521606;;;;;;;;;;;;;;;;;;;;;;;;;;;;;;;;;;;;;;;;;;;;;;;;;;
20:45:18;12;91;9999;075;999;09;111111111111000000000000;000000000000000000000000;11101000;000;_;e;10;101111001101000000000000;____;10;-01;069;020;-02;027;188;0425515105;;;;;;;;;;;;;;;;;;;;;;;;;;;;;;;;;;;;;;;;;;;;;;;;;;
20:45:40;12;92;9999;061;999;09;111111111111000000000000;000000000000000000000000;11101000;000;_;e;10;010100001101000000000000;____;10;000;082;005;-02;045;077;0425514525;;;;;;;;;;;;;;;;;;;;;;;;;;;;;;;;;;;;;;;;;;;;;;;;;;
20:47:05;12;93;9999;074;999;09;111111111111000000000000;000000000000000000000000;11101000;000;_;e;10;001111001100000000000000;____;03;067;071;007;063;070;124;0425519831;;;;;;;;;;;;;;;;;;;;;;;;;;;;;;;;;;;;;;;;;;;;;;;;;;
20:47:09;12;94;9999;074;306;09;111111111111000000000000;000000000000000000000000;11101000;000;_;e;10;001101001100000000000000;____;04;042;055;033;035;042;129;0425521608;;;;;;;;;;;;;;;;;;;;;;;;;;;;;;;;;;;;;;;;;;;;;;;;;;
20:47:13;12;95;9999;073;266;09;111111111111000000000000;000000000000000000000000;11101000;000;_;e;10;010000001101000000000000;____;02;034;100;003;014;034;013;0425521414;;;;;;;;;;;;;;;;;;;;;;;;;;;;;;;;;;;;;;;;;;;;;;;;;;
20:50:05;12;96;9999;056;999;08;111111111111000000000000;000000000000000000000000;11101000;000;_;e;10;111101010000000000000000;____;01;029;073;052;029;036;156;0425512266;;;;;;;;;;;;;;;;;;;;;;;;;;;;;;;;;;;;;;;;;;;;;;;;;;
20:52:13;12;97;9999;076;999;09;111111111111000000000000;000000000000000000000000;11101000;000;_;e;10;000000001100000000000000;____;10;014;061;018;014;019;056;0425521610;;;;;;;;;;;;;;;;;;;;;;;;;;;;;;;;;;;;;;;;;;;;;;;;;;
20:59:22;12;98;9999;074;999;09;111111111111000000000000;000000000000000000000000;11101000;000;_;e;10;001111001000000000000000;____;06;054;063;032;051;056;061;0425519834;;;;;;;;;;;;;;;;;;;;;;;;;;;;;;;;;;;;;;;;;;;;;;;;;;
20:59:39;12;99;9999;077;999;09;111111111111000000000000;000000000000000000000000;11101000;000;_;e;10;000011001100000000000000;____;09;068;071;035;045;068;053;0425514535;;;;;;;;;;;;;;;;;;;;;;;;;;;;;;;;;;;;;;;;;;;;;;;;;;
21:00:04;12;01;9999;074;999;09;111111111111000000000000;000000000000000000000000;11101000;000;_;e;10;001111001100000000000000;____;04;046;070;034;042;048;068;0425512267;;;;;;;;;;;;;;;;;;;;;;;;;;;;;;;;;;;;;;;;;;;;;;;;;;
21:01:13;12;02;9999;075;999;09;111111111111000000000000;000000000000000000000000;11101000;000;_;e;10;001101001100000000000000;____;03;058;079;028;056;062;130;0425521417;;;;;;;;;;;;;;;;;;;;;;;;;;;;;;;;;;;;;;;;;;;;;;;;;;
21:01:16;12;03;9999;061;243;09;111111111111000000000000;000000000000000000000000;11101000;000;_;e;10;110000000100000000000000;____;02;036;102;010;034;040;054;0425514538;;;;;;;;;;;;;;;;;;;;;;;;;;;;;;;;;;;;;;;;;;;;;;;;;;
21:02:00;12;04;9999;057;999;09;111111111111000000000000;000000000000000000000000;11101000;000;_;e;10;101100000000000000000000;____;01;026;100;018;026;029;063;0425520065;;;;;;;;;;;;;;;;;;;;;;;;;;;;;;;;;;;;;;;;;;;;;;;;;;
21:05:00;12;05;9999;080;999;08;111111111111000000000000;000000000000000000000000;11101000;000;_;e;10;000011111000000000000000;____;05;044;037;009;015;055;076;0425519835;;;;;;;;;;;;;;;;;;;;;;;;;;;;;;;;;;;;;;;;;;;;;;;;;;
21:07:12;12;06;9999;075;999;09;111111111111000000000000;000000000000000000000000;11001000;000;_;e;10;010011110100000000000000;____;08;037;038;023;035;041;056;0555664029;-03;068;017;-06;-02;021;0425521612;;;;;;;;;;;;;;;;;;;;;;;;;;;;;;;;;;;;;;;;;;;
21:07:55;12;07;9999;072;999;09;111111111111000000000000;000000000000000000000000;11001000;000;_;e;10;011110111101000000000000;____;10;-06;078;009;-07;030;086;0425521613;038;048;023;035;058;062;0555664027;;;;;;;;;;;;;;;;;;;;;;;;;;;;;;;;;;;;;;;;;;;
21:10:25;12;08;9999;055;999;09;111111111111000000000000;000000000000000000000000;11101000;000;_;e;10;101101000100000000000000;____;10;-10;081;008;-10;016;084;0425521004;;;;;;;;;;;;;;;;;;;;;;;;;;;;;;;;;;;;;;;;;;;;;;;;;;
21:10:30;12;09;9999;061;360;09;111111111111000000000000;000000000000000000000000;11101000;000;_;e;10;010110000100000000000000;____;04;006;079;016;-03;006;082;0425519836;;;;;;;;;;;;;;;;;;;;;;;;;;;;;;;;;;;;;;;;;;;;;;;;;;
21:15:46;12;10;9999;075;999;09;111111111111000000000000;000000000000000000000000;11101000;000;_;e;10;001111001100000000000000;____;03;017;068;029;014;023;090;0425521614;;;;;;;;;;;;;;;;;;;;;;;;;;;;;;;;;;;;;;;;;;;;;;;;;;
21:17:38;12;11;9999;077;999;09;111111111111000000000000;000000000000000000000000;11101000;000;_;e;10;001100001100000000000000;____;03;035;086;018;032;036;077;0425521429;;;;;;;;;;;;;;;;;;;;;;;;;;;;;;;;;;;;;;;;;;;;;;;;;;
21:18:29;12;12;9999;062;999;09;111111111111000000000000;000000000000000000000000;11101000;000;_;e;10;001111001100000000000000;____;10;-07;079;009;-13;019;140;0425521427;;;;;;;;;;;;;;;;;;;;;;;;;;;;;;;;;;;;;;;;;;;;;;;;;;
21:24:59;12;13;9999;084;999;08;111111111111000000000000;000000000000000000000000;11101000;000;_;e;10;000000110010000000000000;____;08;050;035;009;047;052;041;0425519839;;;;;;;;;;;;;;;;;;;;;;;;;;;;;;;;;;;;;;;;;;;;;;;;;;
21:34:10;12;14;9999;062;999;09;111111111111000000000000;000000000000000000000000;11101000;000;_;e;10;101111000100000000000000;____;10;-01;080;003;-04;034;087;0425521617;;;;;;;;;;;;;;;;;;;;;;;;;;;;;;;;;;;;;;;;;;;;;;;;;;
21:35:15;12;15;9999;075;999;09;111111111111000000000000;000000000000000000000000;11101000;000;_;e;10;000011111100000000000000;____;06;042;057;046;036;045;112;0425521432;;;;;;;;;;;;;;;;;;;;;;;;;;;;;;;;;;;;;;;;;;;;;;;;;;
21:38:23;12;16;9999;070;999;09;111111111111000000000000;000000000000000000000000;11101000;000;_;e;10;011111000100000000000000;____;10;011;078;003;007;043;133;0425512271;;;;;;;;;;;;;;;;;;;;;;;;;;;;;;;;;;;;;;;;;;;;;;;;;;
21:43:02;12;17;9999;075;999;09;111111111111000000000000;000000000000000000000000;11101000;000;_;e;10;001111111100000000000000;____;06;032;057;052;016;037;083;0425514542;;;;;;;;;;;;;;;;;;;;;;;;;;;;;;;;;;;;;;;;;;;;;;;;;;
21:43:53;12;18;9999;077;999;09;111111111111000000000000;000000000000000000000000;11101000;000;_;e;10;101111001100000000000000;____;05;035;057;033;010;038;120;0425514543;;;;;;;;;;;;;;;;;;;;;;;;;;;;;;;;;;;;;;;;;;;;;;;;;;
21:54:40;12;19;9999;040;999;09;111111111111000000000000;000000000000000000000000;11101000;000;_;e;10;001111001110000000000000;____;10;017;049;017;014;018;123;0425521007;;;;;;;;;;;;;;;;;;;;;;;;;;;;;;;;;;;;;;;;;;;;;;;;;;
21:55:48;12;20;9999;075;999;09;111111111111000000000000;000000000000000000000000;11101000;000;_;e;10;011111101000000000000000;____;03;041;074;039;017;046;130;0425521439;;;;;;;;;;;;;;;;;;;;;;;;;;;;;;;;;;;;;;;;;;;;;;;;;;
21:56:53;12;21;9999;075;999;09;111111111111000000000000;000000000000000000000000;11101000;000;_;e;10;111100001100000000000000;____;03;041;080;022;032;045;121;0425515127;;;;;;;;;;;;;;;;;;;;;;;;;;;;;;;;;;;;;;;;;;;;;;;;;;
21:57:18;12;22;9999;070;999;09;111111111111000000000000;000000000000000000000000;11101000;000;_;e;10;111001111100000000000000;____;03;-03;069;022;-05;051;100;0425519853;;;;;;;;;;;;;;;;;;;;;;;;;;;;;;;;;;;;;;;;;;;;;;;;;;
21:59:48;12;23;9999;075;999;09;111111111111000000000000;000000000000000000000000;11101000;000;_;e;10;001101001100000000000000;____;03;066;086;012;015;066;028;0425521442;;;;;;;;;;;;;;;;;;;;;;;;;;;;;;;;;;;;;;;;;;;;;;;;;;
22:02:05;12;24;9999;078;999;09;111111111111000000000000;000000000000000000000000;11101000;000;_;e;10;111100001100000000000000;____;04;044;073;035;008;046;060;0425519855;;;;;;;;;;;;;;;;;;;;;;;;;;;;;;;;;;;;;;;;;;;;;;;;;;
22:06:09;12;25;9999;074;999;09;111111111111000000000000;000000000000000000000000;11101000;000;_;e;10;001100001100000000000000;____;04;037;062;029;033;040;103;0425521444;;;;;;;;;;;;;;;;;;;;;;;;;;;;;;;;;;;;;;;;;;;;;;;;;;
22:24:51;12;26;9999;074;999;09;111111111111000000000000;000000000000000000000000;11101000;000;_;e;10;001100001100000000000000;____;04;054;077;042;025;059;073;0425519861;;;;;;;;;;;;;;;;;;;;;;;;;;;;;;;;;;;;;;;;;;;;;;;;;;
22:27:44;12;27;9999;074;999;09;111111111111000000000000;000000000000000000000000;11101000;000;_;e;10;000011110000000000000000;____;05;042;045;019;042;047;049;0425515133;;;;;;;;;;;;;;;;;;;;;;;;;;;;;;;;;;;;;;;;;;;;;;;;;;
22:28:35;12;28;9999;067;999;09;111111111111000000000000;000000000000000000000000;11101000;000;_;e;10;000000101100000000000000;____;07;035;035;007;034;035;028;0425515135;;;;;;;;;;;;;;;;;;;;;;;;;;;;;;;;;;;;;;;;;;;;;;;;;;
22:29:48;12;29;9999;067;999;08;111111111111000000000000;000000000000000000000000;11101000;000;_;e;10;110001001101000000000000;____;02;047;100;018;037;052;087;0425515136;;;;;;;;;;;;;;;;;;;;;;;;;;;;;;;;;;;;;;;;;;;;;;;;;;
22:32:32;12;30;9999;074;999;09;111111111111000000000000;000000000000000000000000;11101000;000;_;e;10;000100000100000000000000;____;10;000;069;032;000;003;053;0425521634;;;;;;;;;;;;;;;;;;;;;;;;;;;;;;;;;;;;;;;;;;;;;;;;;;
22:45:35;12;31;9999;073;999;09;111111111111000000000000;000000000000000000000000;11010000;000;_;;;;;;;;;;;;;;;;;;;;;;;;;;;;;;;;;;;;;;;;;;;;;;;;;;;;;;;;;;;;;;
22:54:19;12;32;9999;065;999;09;111111111111000000000000;000000000000000000000000;11101000;000;_;e;10;111100000001000000000000;____;02;030;097;020;016;030;064;0425521636;;;;;;;;;;;;;;;;;;;;;;;;;;;;;;;;;;;;;;;;;;;;;;;;;;
22:54:58;12;33;9999;061;999;09;111111111111000000000000;000000000000000000000000;11101000;000;_;e;10;100000100100000000000000;____;07;011;071;014;004;026;042;0425521637;;;;;;;;;;;;;;;;;;;;;;;;;;;;;;;;;;;;;;;;;;;;;;;;;;
22:59:36;12;34;9999;060;999;09;111111111111000000000000;000000000000000000000000;11101000;000;_;e;10;000100000100000000000000;____;10;003;077;025;003;007;036;0425515153;;;;;;;;;;;;;;;;;;;;;;;;;;;;;;;;;;;;;;;;;;;;;;;;;;
