RDT400 Server V3.30
Site: 
System: Barcode scanner PLC02 (Sick); System type: OPS
Date: 13-12-2024  00:00:35
Date    ;ID;CT;IDX ;TLE;TGA;V ;DEVICE LIST             ;ERROR LIST              ;OUTPUT  ;ENR;R;CODE1 ID;LENGTH;READ LIST;RES;CLV ID;XPOS;YPOS;ZPOS;XMIN;XMAX;CS;CODE CONTENT;XPOS;YPOS;ZPOS;XMIN;XMAX;CS;CODE CONTENT;CODE2 ID;LENGTH;READ LIST;RES;CLV ID;XPOS;YPOS;ZPOS;XMIN;XMAX;CS;CODE CONTENT;XPOS;YPOS;ZPOS;XMIN;XMAX;CS;CODE CONTENT;CODE3 ID;LENGTH;READ LIST;RES;CLV ID;XPOS;YPOS;ZPOS;XMIN;XMAX;CS;CODE CONTENT;XPOS;YPOS;ZPOS;XMIN;XMAX;CS;CODE CONTENT;INFO1;INFO2;CUSTOM1;CUSTOM2;
04:25:05;12;15;9999;075;999;08;111111111111000000000000;000000000000000000000000;11101000;000;_;e;10;001100000100000000000000;____;04;029;069;034;027;030;065;0425553258;;;;;;;;;;;;;;;;;;;;;;;;;;;;;;;;;;;;;;;;;;;;;;;;;;
05:12:33;12;16;9999;075;999;08;111111111111000000000000;000000000000000000000000;11101000;000;_;e;10;110000000000000000000000;____;01;037;099;016;037;041;030;0425558855;;;;;;;;;;;;;;;;;;;;;;;;;;;;;;;;;;;;;;;;;;;;;;;;;;
05:19:37;12;17;9999;074;999;09;111111111111000000000000;000000000000000000000000;11101000;000;_;e;10;001001000000000000000000;____;06;042;089;037;039;042;059;0425560339;;;;;;;;;;;;;;;;;;;;;;;;;;;;;;;;;;;;;;;;;;;;;;;;;;
05:23:11;12;18;9999;075;999;09;111111111111000000000000;000000000000000000000000;11101000;000;_;e;10;000000110010000000000000;____;07;052;041;008;034;053;041;0425553265;;;;;;;;;;;;;;;;;;;;;;;;;;;;;;;;;;;;;;;;;;;;;;;;;;
05:33:05;12;19;9999;069;999;09;111111111111000000000000;000000000000000000000000;11101000;000;_;e;10;000100001100000000000000;____;10;001;077;024;-01;052;061;0425553267;;;;;;;;;;;;;;;;;;;;;;;;;;;;;;;;;;;;;;;;;;;;;;;;;;
05:34:53;12;20;9999;075;999;08;111111111111000000000000;000000000000000000000000;11101000;000;_;e;10;111100000100000000000000;____;04;044;080;024;027;048;055;0425553268;;;;;;;;;;;;;;;;;;;;;;;;;;;;;;;;;;;;;;;;;;;;;;;;;;
05:37:48;12;21;9999;077;999;09;111111111111000000000000;000000000000000000000000;11101000;000;_;e;10;111000000000000000000000;____;01;048;096;021;047;050;081;0425558248;;;;;;;;;;;;;;;;;;;;;;;;;;;;;;;;;;;;;;;;;;;;;;;;;;
05:39:18;12;22;9999;056;999;09;111111111111000000000000;000000000000000000000000;11101000;000;_;e;10;101101001100000000000000;____;10;-08;079;018;-15;026;099;0425552773;;;;;;;;;;;;;;;;;;;;;;;;;;;;;;;;;;;;;;;;;;;;;;;;;;
05:39:57;12;23;9999;075;999;08;111111111111000000000000;000000000000000000000000;11101000;000;_;e;10;001100000100000000000000;____;04;045;068;034;042;045;073;0425553270;;;;;;;;;;;;;;;;;;;;;;;;;;;;;;;;;;;;;;;;;;;;;;;;;;
05:40:01;12;24;9999;074;296;09;111111111111000000000000;000000000000000000000000;11101000;000;_;e;10;001110001100000000000000;____;04;045;077;024;045;050;063;0425553269;;;;;;;;;;;;;;;;;;;;;;;;;;;;;;;;;;;;;;;;;;;;;;;;;;
05:40:31;12;25;9999;075;999;09;111111111111000000000000;000000000000000000000000;11101000;000;_;e;10;011101001100000000000000;____;04;064;082;031;062;067;108;0425560345;;;;;;;;;;;;;;;;;;;;;;;;;;;;;;;;;;;;;;;;;;;;;;;;;;
05:40:41;12;26;9999;074;794;09;111111111111000000000000;000000000000000000000000;11101000;000;_;e;10;001001000100000000000000;____;10;006;058;005;003;007;049;0425558251;;;;;;;;;;;;;;;;;;;;;;;;;;;;;;;;;;;;;;;;;;;;;;;;;;
05:46:39;12;27;9999;066;999;09;111111111111000000000000;000000000000000000000000;11101000;000;_;e;10;111010001100000000000000;____;02;033;098;021;-09;037;076;0425558159;;;;;;;;;;;;;;;;;;;;;;;;;;;;;;;;;;;;;;;;;;;;;;;;;;
05:49:47;12;28;9999;055;999;09;111111111111000000000000;000000000000000000000000;11101000;000;_;e;10;001111001100000000000000;____;09;062;079;008;046;069;113;0425558390;;;;;;;;;;;;;;;;;;;;;;;;;;;;;;;;;;;;;;;;;;;;;;;;;;
05:50:18;12;29;9999;074;999;09;111111111111000000000000;000000000000000000000000;11101000;000;_;e;10;011101000100000000000000;____;06;029;098;020;016;031;045;0425558389;;;;;;;;;;;;;;;;;;;;;;;;;;;;;;;;;;;;;;;;;;;;;;;;;;
05:51:30;12;30;9999;056;999;09;111111111111000000000000;000000000000000000000000;11101000;000;_;e;10;001111101100000000000000;____;10;004;078;022;-07;024;092;0425560350;;;;;;;;;;;;;;;;;;;;;;;;;;;;;;;;;;;;;;;;;;;;;;;;;;
05:53:17;12;31;9999;073;999;08;111111111111000000000000;000000000000000000000000;11101000;000;_;e;10;011100000000000000000000;____;03;036;088;047;025;050;043;0425558391;;;;;;;;;;;;;;;;;;;;;;;;;;;;;;;;;;;;;;;;;;;;;;;;;;
05:53:20;12;32;9999;056;213;09;111111111111000000000000;000000000000000000000000;11101000;000;_;e;10;110000000000000000000000;____;01;028;098;005;027;030;031;0425558252;;;;;;;;;;;;;;;;;;;;;;;;;;;;;;;;;;;;;;;;;;;;;;;;;;
05:53:47;12;33;9999;066;999;08;111111111111000000000000;000000000000000000000000;11101000;000;_;e;10;001110101000000000000000;____;04;032;077;042;028;033;067;0425552776;;;;;;;;;;;;;;;;;;;;;;;;;;;;;;;;;;;;;;;;;;;;;;;;;;
05:55:52;12;34;9999;065;999;09;111111111111000000000000;000000000000000000000000;11101000;000;_;e;10;110000001101000000000000;____;01;035;099;011;035;047;073;0425558393;;;;;;;;;;;;;;;;;;;;;;;;;;;;;;;;;;;;;;;;;;;;;;;;;;
05:59:40;12;35;9999;066;999;08;111111111111000000000000;000000000000000000000000;11101000;000;_;e;10;110000000000000000000000;____;01;052;103;010;049;053;064;0425558161;;;;;;;;;;;;;;;;;;;;;;;;;;;;;;;;;;;;;;;;;;;;;;;;;;
06:00:50;12;36;9999;053;999;09;111111111111000000000000;000000000000000000000000;11101000;000;_;e;10;110000000000000000000000;____;01;024;100;008;024;049;025;0425558866;;;;;;;;;;;;;;;;;;;;;;;;;;;;;;;;;;;;;;;;;;;;;;;;;;
06:00:59;12;37;9999;078;731;09;111111111111000000000000;000000000000000000000000;11101000;000;_;e;10;000000010000000000000000;____;08;029;010;011;029;029;005;0425553272;;;;;;;;;;;;;;;;;;;;;;;;;;;;;;;;;;;;;;;;;;;;;;;;;;
06:02:08;12;38;9999;083;999;09;111111111111000000000000;000000000000000000000000;11101000;000;_;e;10;010100000100000000000000;____;02;047;101;030;011;056;052;0425552777;;;;;;;;;;;;;;;;;;;;;;;;;;;;;;;;;;;;;;;;;;;;;;;;;;
06:03:33;12;39;9999;054;999;09;111111111111000000000000;000000000000000000000000;11101000;000;_;e;10;110000001000000000000000;____;02;027;100;019;023;047;033;0425552779;;;;;;;;;;;;;;;;;;;;;;;;;;;;;;;;;;;;;;;;;;;;;;;;;;
06:05:12;12;40;9999;067;999;09;111111111111000000000000;000000000000000000000000;11101000;000;_;e;10;011000000001000000000000;____;12;005;077;004;003;031;027;0425558253;;;;;;;;;;;;;;;;;;;;;;;;;;;;;;;;;;;;;;;;;;;;;;;;;;
06:06:29;12;41;9999;057;999;09;111111111111000000000000;000000000000000000000000;11101000;000;_;e;10;001111101100000000000000;____;06;035;069;032;031;039;149;0425558254;;;;;;;;;;;;;;;;;;;;;;;;;;;;;;;;;;;;;;;;;;;;;;;;;;
06:06:42;12;42;9999;078;999;09;111111111111000000000000;000000000000000000000000;11101000;000;_;e;10;001111001100000000000000;____;05;049;067;031;047;052;095;0425557460;;;;;;;;;;;;;;;;;;;;;;;;;;;;;;;;;;;;;;;;;;;;;;;;;;
06:07:07;12;43;9999;056;999;09;111111111111000000000000;000000000000000000000000;11101000;000;_;e;10;000000000100000000000000;____;10;-03;083;005;-03;009;010;0425552781;;;;;;;;;;;;;;;;;;;;;;;;;;;;;;;;;;;;;;;;;;;;;;;;;;
06:08:16;12;44;9999;078;999;09;111111111111000000000000;000000000000000000000000;11101000;000;_;e;10;001100001100000000000000;____;04;043;077;040;043;046;102;0425557463;;;;;;;;;;;;;;;;;;;;;;;;;;;;;;;;;;;;;;;;;;;;;;;;;;
06:09:21;12;45;9999;073;999;09;111111111111000000000000;000000000000000000000000;11101000;000;_;e;10;001100000100000000000000;____;04;022;085;011;019;025;056;0425557464;;;;;;;;;;;;;;;;;;;;;;;;;;;;;;;;;;;;;;;;;;;;;;;;;;
06:09:50;12;46;9999;060;999;09;111111111111000000000000;000000000000000000000000;11101000;000;_;e;10;000100001101000000000000;____;10;-03;079;004;-06;037;070;0425557465;;;;;;;;;;;;;;;;;;;;;;;;;;;;;;;;;;;;;;;;;;;;;;;;;;
06:09:55;12;47;9999;065;372;09;111111111111000000000000;000000000000000000000000;11101000;000;_;e;10;110000000000000000000000;____;01;035;100;012;033;036;059;0425558868;;;;;;;;;;;;;;;;;;;;;;;;;;;;;;;;;;;;;;;;;;;;;;;;;;
06:10:59;12;48;9999;075;999;09;111111111111000000000000;000000000000000000000000;11101000;000;_;e;10;001101001100000000000000;____;04;035;075;031;021;036;063;0425557466;;;;;;;;;;;;;;;;;;;;;;;;;;;;;;;;;;;;;;;;;;;;;;;;;;
06:11:20;12;49;9999;075;999;08;111111111111000000000000;000000000000000000000000;11101000;000;_;e;10;001110000100000000000000;____;03;030;062;025;026;035;054;0425553276;;;;;;;;;;;;;;;;;;;;;;;;;;;;;;;;;;;;;;;;;;;;;;;;;;
06:11:21;12;50;9999;013;009;09;111111111111000000000000;000000000000000000000000;11010000;000;_;;;;;;;;;;;;;;;;;;;;;;;;;;;;;;;;;;;;;;;;;;;;;;;;;;;;;;;;;;;;;;
06:11:25;12;51;9999;050;282;09;111111111111000000000000;000000000000000000000000;11101000;000;_;e;10;000111010001000000000000;____;04;029;057;024;007;029;044;0425558397;;;;;;;;;;;;;;;;;;;;;;;;;;;;;;;;;;;;;;;;;;;;;;;;;;
06:12:12;12;52;9999;075;999;09;111111111111000000000000;000000000000000000000000;11101000;000;_;e;10;001111111100000000000000;____;10;037;046;020;035;042;163;0425553277;;;;;;;;;;;;;;;;;;;;;;;;;;;;;;;;;;;;;;;;;;;;;;;;;;
06:13:46;12;53;9999;076;999;09;111111111111000000000000;000000000000000000000000;11101000;000;_;e;10;010011110100000000000000;____;05;031;062;031;011;038;126;0425558398;;;;;;;;;;;;;;;;;;;;;;;;;;;;;;;;;;;;;;;;;;;;;;;;;;
06:18:07;12;54;9999;077;999;09;111111111111000000000000;000000000000000000000000;11101000;000;_;e;10;111100000000000000000000;____;03;049;076;037;045;052;061;0425552789;;;;;;;;;;;;;;;;;;;;;;;;;;;;;;;;;;;;;;;;;;;;;;;;;;
06:20:28;12;55;9999;076;999;08;111111111111000000000000;000000000000000000000000;11101000;000;_;e;10;000100000100000000000000;____;10;001;078;021;001;004;061;0425552793;;;;;;;;;;;;;;;;;;;;;;;;;;;;;;;;;;;;;;;;;;;;;;;;;;
06:21:07;12;56;9999;056;999;09;111111111111000000000000;000000000000000000000000;11101000;000;_;e;10;011000000001000000000000;____;12;004;083;004;001;024;038;0425558261;;;;;;;;;;;;;;;;;;;;;;;;;;;;;;;;;;;;;;;;;;;;;;;;;;
06:21:20;12;57;9999;081;999;09;111111111111000000000000;000000000000000000000000;11101000;000;_;e;10;110000000000000000000000;____;02;042;100;004;041;044;020;0425552795;;;;;;;;;;;;;;;;;;;;;;;;;;;;;;;;;;;;;;;;;;;;;;;;;;
06:22:11;12;58;9999;080;999;09;111111111111000000000000;000000000000000000000000;11101000;000;_;e;10;110000000000000000000000;____;01;046;102;009;045;049;042;0425552796;;;;;;;;;;;;;;;;;;;;;;;;;;;;;;;;;;;;;;;;;;;;;;;;;;
06:23:27;12;59;9999;075;999;09;111111111111000000000000;000000000000000000000000;11101000;000;_;e;10;001111101100000000000000;____;05;038;059;030;036;041;133;0425552792;;;;;;;;;;;;;;;;;;;;;;;;;;;;;;;;;;;;;;;;;;;;;;;;;;
06:23:54;12;60;9999;076;999;09;111111111111000000000000;000000000000000000000000;11101000;000;_;e;10;000100000101000000000000;____;10;-07;072;010;-07;-01;057;0425552798;;;;;;;;;;;;;;;;;;;;;;;;;;;;;;;;;;;;;;;;;;;;;;;;;;
06:24:02;12;61;9999;074;619;09;111111111111000000000000;000000000000000000000000;11101000;000;_;e;10;000011111000000000000000;____;06;036;058;027;036;040;060;0425552797;;;;;;;;;;;;;;;;;;;;;;;;;;;;;;;;;;;;;;;;;;;;;;;;;;
06:24:46;12;62;9999;061;999;08;111111111111000000000000;000000000000000000000000;11101000;000;_;e;10;011100000100000000000000;____;04;031;089;040;013;034;065;0425552799;;;;;;;;;;;;;;;;;;;;;;;;;;;;;;;;;;;;;;;;;;;;;;;;;;
06:25:36;12;63;9999;062;999;09;111111111111000000000000;000000000000000000000000;11101000;000;_;e;10;111010000100000000000000;____;03;041;100;029;030;042;036;0425562700;;;;;;;;;;;;;;;;;;;;;;;;;;;;;;;;;;;;;;;;;;;;;;;;;;
06:25:49;12;64;9999;058;992;09;111111111111000000000000;000000000000000000000000;11101000;000;_;e;10;010000000001000000000000;____;12;041;085;004;018;041;042;0425560555;;;;;;;;;;;;;;;;;;;;;;;;;;;;;;;;;;;;;;;;;;;;;;;;;;
06:25:53;12;65;9999;074;346;09;111111111111000000000000;000000000000000000000000;11101000;000;_;e;10;001111101100000000000000;____;03;006;057;013;005;044;160;0425560359;;;;;;;;;;;;;;;;;;;;;;;;;;;;;;;;;;;;;;;;;;;;;;;;;;
06:26:28;12;66;9999;074;999;09;111111111111000000000000;000000000000000000000000;11101000;000;_;e;10;111111000100000000000000;____;10;040;094;029;001;059;142;0425562702;;;;;;;;;;;;;;;;;;;;;;;;;;;;;;;;;;;;;;;;;;;;;;;;;;
06:26:49;12;67;9999;075;999;09;111111111111000000000000;000000000000000000000000;11101000;000;_;e;10;111101110100000000000000;____;07;037;047;041;036;047;091;0425560361;;;;;;;;;;;;;;;;;;;;;;;;;;;;;;;;;;;;;;;;;;;;;;;;;;
06:27:07;12;68;9999;077;999;09;111111111111000000000000;000000000000000000000000;11101000;000;_;e;10;001011000100000000000000;____;03;040;068;029;038;042;056;0425553273;;;;;;;;;;;;;;;;;;;;;;;;;;;;;;;;;;;;;;;;;;;;;;;;;;
06:27:20;12;69;9999;078;999;09;111111111111000000000000;000000000000000000000000;11101000;000;_;e;10;000111001000000000000000;____;05;012;026;096;012;057;058;0425562703;;;;;;;;;;;;;;;;;;;;;;;;;;;;;;;;;;;;;;;;;;;;;;;;;;
06:27:23;12;70;9999;076;253;09;111111111111000000000000;000000000000000000000000;11010000;000;_;;;;;;;;;;;;;;;;;;;;;;;;;;;;;;;;;;;;;;;;;;;;;;;;;;;;;;;;;;;;;;
06:27:40;12;71;9999;076;999;09;111111111111000000000000;000000000000000000000000;11101000;000;_;e;10;001111001100000000000000;____;04;050;068;039;024;050;109;0425560362;;;;;;;;;;;;;;;;;;;;;;;;;;;;;;;;;;;;;;;;;;;;;;;;;;
06:30:32;12;72;9999;074;999;09;111111111111000000000000;000000000000000000000000;11101000;000;_;e;10;111010100100000000000000;____;01;037;083;037;035;041;102;0425558266;;;;;;;;;;;;;;;;;;;;;;;;;;;;;;;;;;;;;;;;;;;;;;;;;;
06:31:06;12;73;9999;074;999;09;111111111111000000000000;000000000000000000000000;11101000;000;_;e;10;101100001000000000000000;____;04;051;076;028;027;051;121;0425560364;;;;;;;;;;;;;;;;;;;;;;;;;;;;;;;;;;;;;;;;;;;;;;;;;;
06:31:32;12;74;9999;074;999;09;111111111111000000000000;000000000000000000000000;11101000;000;_;e;10;000011000100000000000000;____;10;008;059;023;007;036;036;0425558168;;;;;;;;;;;;;;;;;;;;;;;;;;;;;;;;;;;;;;;;;;;;;;;;;;
06:31:44;12;75;9999;059;999;09;111111111111000000000000;000000000000000000000000;11101000;000;_;e;10;110110000100000000000000;____;10;001;073;014;001;026;046;0425558167;;;;;;;;;;;;;;;;;;;;;;;;;;;;;;;;;;;;;;;;;;;;;;;;;;
06:33:39;12;76;9999;070;999;09;111111111111000000000000;000000000000000000000000;11101000;000;_;e;10;000111011100000000000000;____;10;034;045;015;026;036;109;0425562707;;;;;;;;;;;;;;;;;;;;;;;;;;;;;;;;;;;;;;;;;;;;;;;;;;
06:34:30;12;77;9999;057;999;09;111111111111000000000000;000000000000000000000000;11101000;000;_;e;10;010000000000000000000000;____;02;036;098;013;036;036;014;0425562708;;;;;;;;;;;;;;;;;;;;;;;;;;;;;;;;;;;;;;;;;;;;;;;;;;
06:36:09;12;78;9999;049;999;09;111111111111000000000000;000000000000000000000000;11101000;000;_;e;10;001110011100000000000000;____;05;037;047;020;021;039;094;0425560365;;;;;;;;;;;;;;;;;;;;;;;;;;;;;;;;;;;;;;;;;;;;;;;;;;
06:36:13;12;79;9999;054;321;09;111111111111000000000000;000000000000000000000000;11101000;000;_;e;10;001111001100000000000000;____;05;024;072;034;022;027;184;0425560366;;;;;;;;;;;;;;;;;;;;;;;;;;;;;;;;;;;;;;;;;;;;;;;;;;
06:39:17;12;80;9999;055;999;09;111111111111000000000000;000000000000000000000000;11101000;000;_;e;10;110000000000000000000000;____;02;030;099;009;030;034;045;0425559650;;;;;;;;;;;;;;;;;;;;;;;;;;;;;;;;;;;;;;;;;;;;;;;;;;
06:40:31;12;81;9999;069;999;09;111111111111000000000000;000000000000000000000000;11101000;000;_;e;10;000100010100000000000000;____;10;004;078;005;004;049;090;0425560369;;;;;;;;;;;;;;;;;;;;;;;;;;;;;;;;;;;;;;;;;;;;;;;;;;
06:40:49;12;82;9999;074;999;09;111111111111000000000000;000000000000000000000000;11101000;000;_;e;10;111101010000000000000000;____;04;042;080;027;033;044;069;0425562711;;;;;;;;;;;;;;;;;;;;;;;;;;;;;;;;;;;;;;;;;;;;;;;;;;
06:41:35;12;83;9999;047;999;09;111111111111000000000000;000000000000000000000000;11101000;000;_;e;10;111101000000000000000000;____;01;013;081;041;013;020;086;0425562713;;;;;;;;;;;;;;;;;;;;;;;;;;;;;;;;;;;;;;;;;;;;;;;;;;
06:42:18;12;84;9999;050;999;09;111111111111000000000000;000000000000000000000000;11101000;000;_;e;10;001100000100000000000000;____;10;-04;073;020;-04;-01;053;0425562714;;;;;;;;;;;;;;;;;;;;;;;;;;;;;;;;;;;;;;;;;;;;;;;;;;
06:42:27;12;85;9999;074;704;09;111111111111000000000000;000000000000000000000000;11101000;000;_;e;10;001011001100000000000000;____;06;039;068;030;038;041;058;0425559651;;;;;;;;;;;;;;;;;;;;;;;;;;;;;;;;;;;;;;;;;;;;;;;;;;
06:42:39;12;86;9999;070;971;09;111111111111000000000000;000000000000000000000000;11101000;000;_;e;10;011111000101000000000000;____;10;-01;074;004;-06;034;137;0425560371;;;;;;;;;;;;;;;;;;;;;;;;;;;;;;;;;;;;;;;;;;;;;;;;;;
06:44:52;12;87;9999;059;999;09;111111111111000000000000;000000000000000000000000;11101000;000;_;e;10;001111001101000000000000;____;09;-03;070;011;-10;025;125;0425562716;;;;;;;;;;;;;;;;;;;;;;;;;;;;;;;;;;;;;;;;;;;;;;;;;;
06:46:01;12;88;9999;059;999;09;111111111111000000000000;000000000000000000000000;11101000;000;_;e;10;001111001101000000000000;____;10;-06;076;008;-14;038;157;0425560562;;;;;;;;;;;;;;;;;;;;;;;;;;;;;;;;;;;;;;;;;;;;;;;;;;
06:47:16;12;89;9999;063;999;09;111111111111000000000000;000000000000000000000000;11101000;000;_;e;10;100000000001000000000000;____;12;005;080;004;005;014;008;0425560379;;;;;;;;;;;;;;;;;;;;;;;;;;;;;;;;;;;;;;;;;;;;;;;;;;
06:48:39;12;90;9999;074;999;09;111111111111000000000000;000000000000000000000000;11101000;000;_;e;10;000111001100000000000000;____;05;021;070;025;019;038;090;0425559652;;;;;;;;;;;;;;;;;;;;;;;;;;;;;;;;;;;;;;;;;;;;;;;;;;
06:49:34;12;91;9999;073;999;09;111111111111000000000000;000000000000000000000000;11101000;000;_;e;10;001001001000000000000000;____;09;061;067;007;030;061;088;0425562718;;;;;;;;;;;;;;;;;;;;;;;;;;;;;;;;;;;;;;;;;;;;;;;;;;
06:49:38;12;92;9999;058;261;09;111111111111000000000000;000000000000000000000000;11101000;000;_;e;10;111110000000000000000000;____;01;030;081;039;004;042;062;0425558872;;;;;;;;;;;;;;;;;;;;;;;;;;;;;;;;;;;;;;;;;;;;;;;;;;
06:50:17;12;93;9999;055;999;09;111111111111000000000000;000000000000000000000000;11101000;000;_;e;10;110000001101000000000000;____;10;-02;073;012;-02;037;090;0425559653;;;;;;;;;;;;;;;;;;;;;;;;;;;;;;;;;;;;;;;;;;;;;;;;;;
06:53:29;12;94;9999;079;999;09;111111111111000000000000;000000000000000000000000;11101000;000;_;e;10;111100000000000000000000;____;01;039;097;027;038;044;099;0425558873;;;;;;;;;;;;;;;;;;;;;;;;;;;;;;;;;;;;;;;;;;;;;;;;;;
06:53:33;12;95;9999;053;320;09;111111111111000000000000;000000000000000000000000;11101000;000;_;e;10;001100000000000000000000;____;03;029;091;037;028;030;039;0425562719;;;;;;;;;;;;;;;;;;;;;;;;;;;;;;;;;;;;;;;;;;;;;;;;;;
06:57:34;12;96;9999;065;999;09;111111111111000000000000;000000000000000000000000;11101000;000;_;e;10;110000000000000000000000;____;02;035;095;016;034;036;046;0425558170;;;;;;;;;;;;;;;;;;;;;;;;;;;;;;;;;;;;;;;;;;;;;;;;;;
06:57:54;12;97;9999;070;999;09;111111111111000000000000;000000000000000000000000;11101000;000;_;e;10;000000000101000000000000;____;12;015;092;004;011;016;019;0425563100;;;;;;;;;;;;;;;;;;;;;;;;;;;;;;;;;;;;;;;;;;;;;;;;;;
07:02:06;12;98;9999;053;999;09;111111111111000000000000;000000000000000000000000;11101000;000;_;e;10;001100000100000000000000;____;10;004;082;022;003;005;061;0425560381;;;;;;;;;;;;;;;;;;;;;;;;;;;;;;;;;;;;;;;;;;;;;;;;;;
07:04:19;12;99;9999;074;999;09;111111111111000000000000;000000000000000000000000;11101000;000;_;e;10;111000000001000000000000;____;02;028;094;009;027;030;075;0425557472;;;;;;;;;;;;;;;;;;;;;;;;;;;;;;;;;;;;;;;;;;;;;;;;;;
07:09:02;12;01;9999;056;999;09;111111111111000000000000;000000000000000000000000;11101000;000;_;e;10;011011001101000000000000;____;10;-09;071;015;-17;020;129;0425557473;;;;;;;;;;;;;;;;;;;;;;;;;;;;;;;;;;;;;;;;;;;;;;;;;;
07:11:49;12;02;9999;074;999;09;111111111111000000000000;000000000000000000000000;11101000;000;_;e;10;001111001100000000000000;____;03;035;064;035;025;044;105;0425557474;;;;;;;;;;;;;;;;;;;;;;;;;;;;;;;;;;;;;;;;;;;;;;;;;;
07:12:56;12;03;9999;064;999;09;111111111111000000000000;000000000000000000000000;11101000;000;_;e;10;000000000001000000000000;____;12;008;079;004;007;008;017;0425560382;;;;;;;;;;;;;;;;;;;;;;;;;;;;;;;;;;;;;;;;;;;;;;;;;;
07:16:40;12;04;9999;074;999;09;111111111111000000000000;000000000000000000000000;11101000;000;_;e;10;000111001100000000000000;____;04;016;067;019;008;017;071;0425558277;;;;;;;;;;;;;;;;;;;;;;;;;;;;;;;;;;;;;;;;;;;;;;;;;;
07:29:31;12;05;9999;055;999;09;111111111111000000000000;000000000000000000000000;11101000;000;_;e;10;001000001001000000000000;____;09;063;079;015;061;063;067;0425563302;;;;;;;;;;;;;;;;;;;;;;;;;;;;;;;;;;;;;;;;;;;;;;;;;;
07:30:20;12;06;9999;064;999;09;111111111111000000000000;000000000000000000000000;11101000;000;_;e;10;011101001000000000000000;____;09;042;079;041;020;046;088;0425557480;;;;;;;;;;;;;;;;;;;;;;;;;;;;;;;;;;;;;;;;;;;;;;;;;;
07:34:50;12;07;9999;074;999;09;111111111111000000000000;000000000000000000000000;11101000;000;_;e;10;111100001100000000000000;____;04;053;080;026;049;057;068;0425557482;;;;;;;;;;;;;;;;;;;;;;;;;;;;;;;;;;;;;;;;;;;;;;;;;;
07:39:08;12;08;9999;079;999;09;111111111111000000000000;000000000000000000000000;11101000;000;_;e;10;000111001100000000000000;____;04;072;070;014;066;076;068;0425557485;;;;;;;;;;;;;;;;;;;;;;;;;;;;;;;;;;;;;;;;;;;;;;;;;;
07:40:58;12;09;9999;063;999;09;111111111111000000000000;000000000000000000000000;11101000;000;_;e;10;001100000101000000000000;____;10;-03;078;008;-10;019;057;0425557486;;;;;;;;;;;;;;;;;;;;;;;;;;;;;;;;;;;;;;;;;;;;;;;;;;
07:42:45;12;10;9999;074;999;09;111111111111000000000000;000000000000000000000000;11101000;000;_;e;10;000000001100000000000000;____;10;014;081;014;014;026;032;0425563307;;;;;;;;;;;;;;;;;;;;;;;;;;;;;;;;;;;;;;;;;;;;;;;;;;
07:55:41;12;11;9999;061;999;09;111111111111000000000000;000000000000000000000000;11101000;000;_;e;10;110100001100000000000000;____;01;004;097;008;003;051;033;0425559659;;;;;;;;;;;;;;;;;;;;;;;;;;;;;;;;;;;;;;;;;;;;;;;;;;
07:57:15;12;12;9999;072;999;09;111111111111000000000000;000000000000000000000000;11101000;000;_;e;10;110000000000000000000000;____;01;034;101;011;012;035;063;0425559660;;;;;;;;;;;;;;;;;;;;;;;;;;;;;;;;;;;;;;;;;;;;;;;;;;
08:05:57;12;13;9999;062;999;09;111111111111000000000000;000000000000000000000000;11101000;000;_;e;10;100111001100000000000000;____;09;-05;074;019;-09;025;101;0425563312;;;;;;;;;;;;;;;;;;;;;;;;;;;;;;;;;;;;;;;;;;;;;;;;;;
08:10:09;12;14;9999;065;999;09;111111111111000000000000;000000000000000000000000;11101000;000;_;e;10;000000110000000000000000;____;08;043;039;015;043;046;052;0425563319;;;;;;;;;;;;;;;;;;;;;;;;;;;;;;;;;;;;;;;;;;;;;;;;;;
08:13:01;12;15;9999;078;999;09;111111111111000000000000;000000000000000000000000;11101000;000;_;e;10;000011101100000000000000;____;05;050;051;021;030;053;102;0425563132;;;;;;;;;;;;;;;;;;;;;;;;;;;;;;;;;;;;;;;;;;;;;;;;;;
08:14:05;12;16;9999;079;999;09;111111111111000000000000;000000000000000000000000;11101000;000;_;e;10;001111101100000000000000;____;05;054;062;029;047;059;143;0425563135;;;;;;;;;;;;;;;;;;;;;;;;;;;;;;;;;;;;;;;;;;;;;;;;;;
08:21:50;12;17;9999;056;999;09;111111111111000000000000;000000000000000000000000;11101000;000;_;e;10;000010100100000000000000;____;10;-02;078;020;-04;005;056;0425563323;;;;;;;;;;;;;;;;;;;;;;;;;;;;;;;;;;;;;;;;;;;;;;;;;;
08:27:03;12;18;9999;074;999;09;111111111111000000000000;000000000000000000000000;11101000;000;_;e;10;111110000100000000000000;____;10;043;100;030;020;045;064;0425563142;;;;;;;;;;;;;;;;;;;;;;;;;;;;;;;;;;;;;;;;;;;;;;;;;;
08:29:11;12;19;9999;055;999;09;111111111111000000000000;000000000000000000000000;11101000;000;_;e;10;001001000000000000000000;____;03;030;082;035;030;033;009;0425563143;;;;;;;;;;;;;;;;;;;;;;;;;;;;;;;;;;;;;;;;;;;;;;;;;;
08:31:03;12;20;9999;074;999;09;111111111111000000000000;000000000000000000000000;11101000;000;_;e;10;001101000100000000000000;____;04;033;086;027;030;035;058;0425563147;;;;;;;;;;;;;;;;;;;;;;;;;;;;;;;;;;;;;;;;;;;;;;;;;;
08:34:36;12;21;9999;074;999;09;111111111111000000000000;000000000000000000000000;11101000;000;_;e;10;111100110000000000000000;____;04;041;064;033;026;048;073;0425563331;;;;;;;;;;;;;;;;;;;;;;;;;;;;;;;;;;;;;;;;;;;;;;;;;;
08:45:27;12;22;9999;075;999;08;111111111111000000000000;000000000000000000000000;11101000;000;_;e;10;011111001100000000000000;____;05;036;085;037;021;054;148;0425563336;;;;;;;;;;;;;;;;;;;;;;;;;;;;;;;;;;;;;;;;;;;;;;;;;;
08:52:14;12;23;9999;074;999;09;111111111111000000000000;000000000000000000000000;11101000;000;_;e;10;001111001100000000000000;____;05;046;067;025;031;049;140;0425563341;;;;;;;;;;;;;;;;;;;;;;;;;;;;;;;;;;;;;;;;;;;;;;;;;;
09:01:12;12;24;9999;052;999;09;111111111111000000000000;000000000000000000000000;11101000;000;_;e;10;001111101110000000000000;____;05;027;051;003;018;031;158;0425563160;;;;;;;;;;;;;;;;;;;;;;;;;;;;;;;;;;;;;;;;;;;;;;;;;;
09:19:38;12;25;9999;063;999;09;111111111111000000000000;000000000000000000000000;11101000;000;_;e;10;111000000100000000000000;____;02;035;099;008;005;047;048;0425553281;;;;;;;;;;;;;;;;;;;;;;;;;;;;;;;;;;;;;;;;;;;;;;;;;;
10:10:02;12;26;9999;065;999;09;111111111111000000000000;000000000000000000000000;11101000;000;_;e;10;001001000100000000000000;____;10;003;071;019;003;026;029;0425553289;;;;;;;;;;;;;;;;;;;;;;;;;;;;;;;;;;;;;;;;;;;;;;;;;;
10:14:55;12;27;9999;073;999;08;111111111111000000000000;000000000000000000000000;11101000;000;_;e;10;110000001100000000000000;____;01;035;099;015;030;037;046;0425553291;;;;;;;;;;;;;;;;;;;;;;;;;;;;;;;;;;;;;;;;;;;;;;;;;;
10:17:51;12;28;9999;075;999;09;111111111111000000000000;000000000000000000000000;11101000;000;_;e;10;000100111000000000000000;____;04;041;049;024;040;042;023;0425553296;;;;;;;;;;;;;;;;;;;;;;;;;;;;;;;;;;;;;;;;;;;;;;;;;;
10:18:25;12;29;9999;075;999;09;111111111111000000000000;000000000000000000000000;11101000;000;_;e;10;001111000100000000000000;____;10;072;062;018;022;076;048;0425553297;;;;;;;;;;;;;;;;;;;;;;;;;;;;;;;;;;;;;;;;;;;;;;;;;;
10:27:28;12;30;9999;074;999;09;111111111111000000000000;000000000000000000000000;11101000;000;_;e;10;111100001000000000000000;____;02;034;078;024;029;036;104;0425557487;;;;;;;;;;;;;;;;;;;;;;;;;;;;;;;;;;;;;;;;;;;;;;;;;;
10:37:06;12;31;9999;074;999;09;111111111111000000000000;000000000000000000000000;11101000;000;_;e;10;001111001100000000000000;____;09;067;068;012;060;067;110;0425560563;;;;;;;;;;;;;;;;;;;;;;;;;;;;;;;;;;;;;;;;;;;;;;;;;;
10:38:06;12;32;9999;073;999;09;111111111111000000000000;000000000000000000000000;11101000;000;_;e;10;001111001000000000000000;____;09;053;063;009;021;054;080;0425560564;;;;;;;;;;;;;;;;;;;;;;;;;;;;;;;;;;;;;;;;;;;;;;;;;;
10:43:18;12;33;9999;075;999;09;111111111111000000000000;000000000000000000000000;11101000;000;_;e;10;011100000100000000000000;____;03;041;069;033;026;043;051;0425557489;;;;;;;;;;;;;;;;;;;;;;;;;;;;;;;;;;;;;;;;;;;;;;;;;;
10:48:01;12;34;9999;076;999;09;111111111111000000000000;000000000000000000000000;11101000;000;_;e;10;110101000000000000000000;____;01;025;080;036;022;030;076;0425557490;;;;;;;;;;;;;;;;;;;;;;;;;;;;;;;;;;;;;;;;;;;;;;;;;;
11:05:36;12;35;9999;075;999;08;111111111111000000000000;000000000000000000000000;11101000;000;_;e;10;001110101100000000000000;____;09;008;058;015;006;043;105;0425559669;;;;;;;;;;;;;;;;;;;;;;;;;;;;;;;;;;;;;;;;;;;;;;;;;;
11:11:00;12;36;9999;075;999;09;111111111111000000000000;000000000000000000000000;11101000;000;_;e;10;001111001100000000000000;____;10;028;058;028;026;030;185;0425563007;;;;;;;;;;;;;;;;;;;;;;;;;;;;;;;;;;;;;;;;;;;;;;;;;;
11:36:37;12;37;9999;075;999;09;111111111111000000000000;000000000000000000000000;11101000;000;_;e;10;001100001000000000000000;____;09;038;076;029;029;059;015;0425558291;;;;;;;;;;;;;;;;;;;;;;;;;;;;;;;;;;;;;;;;;;;;;;;;;;
11:38:57;12;38;9999;076;999;09;111111111111000000000000;000000000000000000000000;11101000;000;_;e;10;100110100000000000000000;____;04;060;072;032;026;061;020;0425558293;;;;;;;;;;;;;;;;;;;;;;;;;;;;;;;;;;;;;;;;;;;;;;;;;;
11:51:32;12;39;9999;075;999;09;111111111111000000000000;000000000000000000000000;11101000;000;_;e;10;001111000000000000000000;____;04;052;069;029;050;053;058;0425560572;;;;;;;;;;;;;;;;;;;;;;;;;;;;;;;;;;;;;;;;;;;;;;;;;;
11:53:12;12;40;9999;074;999;09;111111111111000000000000;000000000000000000000000;11101000;000;_;e;10;000011111100000000000000;____;05;043;069;044;039;054;138;0425562736;;;;;;;;;;;;;;;;;;;;;;;;;;;;;;;;;;;;;;;;;;;;;;;;;;
12:03:46;12;41;9999;057;999;09;111111111111000000000000;000000000000000000000000;11101000;000;_;e;10;011110001101000000000000;____;04;-05;084;006;-07;020;077;0425559674;;;;;;;;;;;;;;;;;;;;;;;;;;;;;;;;;;;;;;;;;;;;;;;;;;
12:09:50;12;42;9999;075;999;09;111111111111000000000000;000000000000000000000000;11101000;000;_;e;10;011100110100000000000000;____;03;037;065;028;015;042;069;0425560589;;;;;;;;;;;;;;;;;;;;;;;;;;;;;;;;;;;;;;;;;;;;;;;;;;
12:18:57;12;43;9999;075;999;09;111111111111000000000000;000000000000000000000000;11101000;000;_;e;10;001111001100000000000000;____;03;031;063;027;019;035;121;0425558877;;;;;;;;;;;;;;;;;;;;;;;;;;;;;;;;;;;;;;;;;;;;;;;;;;
12:24:09;12;44;9999;075;999;09;111111111111000000000000;000000000000000000000000;11101000;000;_;e;10;001111001100000000000000;____;10;002;061;021;002;017;137;0425558879;;;;;;;;;;;;;;;;;;;;;;;;;;;;;;;;;;;;;;;;;;;;;;;;;;
12:26:26;12;45;9999;088;999;09;111111111111000000000000;000000000000000000000000;11101000;000;_;e;10;001000001000000000000000;____;09;077;070;030;073;077;051;0425558881;;;;;;;;;;;;;;;;;;;;;;;;;;;;;;;;;;;;;;;;;;;;;;;;;;
12:30:17;12;46;9999;074;999;09;111111111111000000000000;000000000000000000000000;11101000;000;_;e;10;001100001100000000000000;____;03;039;057;031;024;043;062;0425562748;;;;;;;;;;;;;;;;;;;;;;;;;;;;;;;;;;;;;;;;;;;;;;;;;;
12:35:17;12;47;9999;076;999;09;111111111111000000000000;000000000000000000000000;11101000;000;_;e;10;000011000000000000000000;____;05;054;054;013;054;055;034;0425559683;;;;;;;;;;;;;;;;;;;;;;;;;;;;;;;;;;;;;;;;;;;;;;;;;;
12:38:04;12;48;9999;060;999;09;111111111111000000000000;000000000000000000000000;11101000;000;_;e;10;001001000000000000000000;____;03;024;079;034;014;024;012;0425558885;;;;;;;;;;;;;;;;;;;;;;;;;;;;;;;;;;;;;;;;;;;;;;;;;;
12:39:47;12;49;9999;076;999;09;111111111111000000000000;000000000000000000000000;11101000;000;_;e;10;011100000000000000000000;____;04;051;082;033;050;053;051;0425559688;;;;;;;;;;;;;;;;;;;;;;;;;;;;;;;;;;;;;;;;;;;;;;;;;;
12:39:51;12;50;9999;075;262;09;111111111111000000000000;000000000000000000000000;11101000;000;_;e;10;101111001100000000000000;____;05;-04;026;096;-04;045;079;0425562749;;;;;;;;;;;;;;;;;;;;;;;;;;;;;;;;;;;;;;;;;;;;;;;;;;
12:46:20;12;51;9999;075;999;08;111111111111000000000000;000000000000000000000000;11101000;000;_;e;10;011111000000000000000000;____;04;050;063;044;021;051;075;0425559690;;;;;;;;;;;;;;;;;;;;;;;;;;;;;;;;;;;;;;;;;;;;;;;;;;
12:46:37;12;52;9999;074;999;09;111111111111000000000000;000000000000000000000000;11101000;000;_;e;10;000011111000000000000000;____;06;039;061;021;038;044;069;0425558889;;;;;;;;;;;;;;;;;;;;;;;;;;;;;;;;;;;;;;;;;;;;;;;;;;
12:48:54;12;53;9999;057;999;09;111111111111000000000000;000000000000000000000000;11101000;000;_;e;10;000000000001000000000000;____;12;001;085;004;000;001;021;0425559692;;;;;;;;;;;;;;;;;;;;;;;;;;;;;;;;;;;;;;;;;;;;;;;;;;
12:55:19;12;54;9999;055;999;09;111111111111000000000000;000000000000000000000000;11101000;000;_;e;10;001111000010000000000000;____;06;023;055;015;022;025;092;0425559694;;;;;;;;;;;;;;;;;;;;;;;;;;;;;;;;;;;;;;;;;;;;;;;;;;
13:02:06;12;55;9999;076;999;09;111111111111000000000000;000000000000000000000000;11101000;000;_;e;10;001010001100000000000000;____;10;052;078;023;046;053;045;0425558890;;;;;;;;;;;;;;;;;;;;;;;;;;;;;;;;;;;;;;;;;;;;;;;;;;
13:10:04;12;56;9999;059;999;09;111111111111000000000000;000000000000000000000000;11101000;000;_;e;10;000010001001000000000000;____;12;001;082;004;000;017;018;0425558891;;;;;;;;;;;;;;;;;;;;;;;;;;;;;;;;;;;;;;;;;;;;;;;;;;
13:12:38;12;57;9999;076;999;09;111111111111000000000000;000000000000000000000000;11101000;000;_;e;10;001111101100000000000000;____;05;036;062;031;036;071;288;0425559698;;;;;;;;;;;;;;;;;;;;;;;;;;;;;;;;;;;;;;;;;;;;;;;;;;
13:20:37;12;58;9999;073;999;09;111111111111000000000000;000000000000000000000000;11101000;000;_;e;10;101110000000000000000000;____;03;031;083;031;028;045;049;0425560389;;;;;;;;;;;;;;;;;;;;;;;;;;;;;;;;;;;;;;;;;;;;;;;;;;
13:21:24;12;59;9999;075;999;09;111111111111000000000000;000000000000000000000000;11101000;000;_;e;10;001100000100000000000000;____;04;022;076;013;019;039;052;0425560390;;;;;;;;;;;;;;;;;;;;;;;;;;;;;;;;;;;;;;;;;;;;;;;;;;
13:25:24;12;60;9999;067;999;09;111111111111000000000000;000000000000000000000000;11101000;000;_;e;10;110000000000000000000000;____;01;038;099;014;038;039;056;0425558194;;;;;;;;;;;;;;;;;;;;;;;;;;;;;;;;;;;;;;;;;;;;;;;;;;
13:25:47;12;61;9999;055;999;09;111111111111000000000000;000000000000000000000000;11101000;000;_;e;10;110000110000000000000000;____;07;062;088;028;055;062;036;0425562759;;;;;;;;;;;;;;;;;;;;;;;;;;;;;;;;;;;;;;;;;;;;;;;;;;
13:25:50;12;62;9999;050;206;09;111111111111000000000000;000000000000000000000000;11101000;000;_;e;10;000000000101000000000000;____;10;-04;083;005;-04;006;017;0425562758;;;;;;;;;;;;;;;;;;;;;;;;;;;;;;;;;;;;;;;;;;;;;;;;;;
13:33:32;12;63;9999;075;999;09;111111111111000000000000;000000000000000000000000;11101000;000;_;e;10;100111110100000000000000;____;06;037;059;032;037;074;126;0425562761;;;;;;;;;;;;;;;;;;;;;;;;;;;;;;;;;;;;;;;;;;;;;;;;;;
13:35:40;12;64;9999;076;999;09;111111111111000000000000;000000000000000000000000;11101000;000;_;e;10;001111011100000000000000;____;04;038;069;033;028;040;151;0425560392;;;;;;;;;;;;;;;;;;;;;;;;;;;;;;;;;;;;;;;;;;;;;;;;;;
13:46:00;12;65;9999;055;999;09;111111111111000000000000;000000000000000000000000;11101000;000;_;e;10;001111000100000000000000;____;10;-05;080;009;-09;027;149;0425560394;;;;;;;;;;;;;;;;;;;;;;;;;;;;;;;;;;;;;;;;;;;;;;;;;;
14:36:34;12;66;9999;074;999;09;111111111111000000000000;000000000000000000000000;11101000;000;_;e;10;110000000100000000000000;____;01;053;100;013;044;055;059;0425563166;;;;;;;;;;;;;;;;;;;;;;;;;;;;;;;;;;;;;;;;;;;;;;;;;;
15:05:20;12;67;9999;043;999;09;111111111111000000000000;000000000000000000000000;11101000;000;_;e;10;011000001100000000000000;____;03;033;093;001;007;049;068;0425563170;;;;;;;;;;;;;;;;;;;;;;;;;;;;;;;;;;;;;;;;;;;;;;;;;;
15:07:38;12;68;9999;086;999;08;111111111111000000000000;000000000000000000000000;11101000;000;_;e;10;001111101110000000000000;____;06;001;049;012;-01;038;253;0425563009;;;;;;;;;;;;;;;;;;;;;;;;;;;;;;;;;;;;;;;;;;;;;;;;;;
15:13:07;12;69;9999;074;999;09;111111111111000000000000;000000000000000000000000;11101000;000;_;e;10;000011110100000000000000;____;05;020;055;027;018;027;130;0425563011;;;;;;;;;;;;;;;;;;;;;;;;;;;;;;;;;;;;;;;;;;;;;;;;;;
15:15:25;12;70;9999;074;999;09;111111111111000000000000;000000000000000000000000;11101000;000;_;e;10;000000101101000000000000;____;12;000;069;004;-01;039;022;0425563014;;;;;;;;;;;;;;;;;;;;;;;;;;;;;;;;;;;;;;;;;;;;;;;;;;
15:27:56;12;71;9999;059;999;09;111111111111000000000000;000000000000000000000000;11101000;000;_;e;10;001111001100000000000000;____;10;-01;078;003;-01;014;120;0425563178;;;;;;;;;;;;;;;;;;;;;;;;;;;;;;;;;;;;;;;;;;;;;;;;;;
15:30:31;12;72;9999;056;999;09;111111111111000000000000;000000000000000000000000;11010000;000;_;;;;;;;;;;;;;;;;;;;;;;;;;;;;;;;;;;;;;;;;;;;;;;;;;;;;;;;;;;;;;;
15:42:31;12;73;9999;075;999;09;111111111111000000000000;000000000000000000000000;11101000;000;_;e;10;001100000100000000000000;____;10;034;081;047;016;037;068;0425563182;;;;;;;;;;;;;;;;;;;;;;;;;;;;;;;;;;;;;;;;;;;;;;;;;;
15:43:11;12;74;9999;074;999;09;111111111111000000000000;000000000000000000000000;11101000;000;_;e;10;000011011100000000000000;____;05;031;049;022;029;036;114;0425562763;;;;;;;;;;;;;;;;;;;;;;;;;;;;;;;;;;;;;;;;;;;;;;;;;;
15:43:15;12;75;9999;075;261;09;111111111111000000000000;000000000000000000000000;11101000;000;_;e;10;100010000100000000000000;____;10;004;073;028;003;029;039;0425563354;;;;;;;;;;;;;;;;;;;;;;;;;;;;;;;;;;;;;;;;;;;;;;;;;;
15:45:02;12;76;9999;060;999;09;111111111111000000000000;000000000000000000000000;11101000;000;_;e;10;001111001101000000000000;____;10;-09;082;007;-09;-02;129;0425558196;;;;;;;;;;;;;;;;;;;;;;;;;;;;;;;;;;;;;;;;;;;;;;;;;;
15:48:44;12;77;9999;076;999;09;111111111111000000000000;000000000000000000000000;11101000;000;_;e;10;101100010100000000000000;____;08;047;047;039;035;048;084;0425563183;;;;;;;;;;;;;;;;;;;;;;;;;;;;;;;;;;;;;;;;;;;;;;;;;;
15:56:22;12;78;9999;051;999;09;111111111111000000000000;000000000000000000000000;11101000;000;_;e;10;010001001010000000000000;____;11;048;056;004;038;050;030;0425563022;;;;;;;;;;;;;;;;;;;;;;;;;;;;;;;;;;;;;;;;;;;;;;;;;;
16:10:44;12;79;9999;077;999;09;111111111111000000000000;000000000000000000000000;11101000;000;_;e;10;001101001100000000000000;____;03;024;058;014;023;049;075;0425562767;;;;;;;;;;;;;;;;;;;;;;;;;;;;;;;;;;;;;;;;;;;;;;;;;;
16:15:45;12;80;9999;078;999;09;111111111111000000000000;000000000000000000000000;11101000;000;_;e;10;001111001100000000000000;____;09;054;063;038;015;055;142;0425563025;;;;;;;;;;;;;;;;;;;;;;;;;;;;;;;;;;;;;;;;;;;;;;;;;;
16:20:49;12;81;9999;068;999;09;111111111111000000000000;000000000000000000000000;11101000;000;_;e;10;001000101000000000000000;____;09;060;077;029;031;060;008;0425563360;;;;;;;;;;;;;;;;;;;;;;;;;;;;;;;;;;;;;;;;;;;;;;;;;;
16:23:10;12;82;9999;076;999;09;111111111111000000000000;000000000000000000000000;11101000;000;_;e;10;000100000100000000000000;____;10;074;075;013;050;074;032;0425563029;;;;;;;;;;;;;;;;;;;;;;;;;;;;;;;;;;;;;;;;;;;;;;;;;;
16:25:56;12;83;9999;068;999;08;111111111111000000000000;000000000000000000000000;11101000;000;_;e;10;010000000000000000000000;____;02;048;102;011;048;048;006;0425564801;;;;;;;;;;;;;;;;;;;;;;;;;;;;;;;;;;;;;;;;;;;;;;;;;;
16:43:36;12;84;9999;058;999;09;111111111111000000000000;000000000000000000000000;11101000;000;_;e;10;000000001101000000000000;____;12;003;073;004;001;021;023;0425564607;;;;;;;;;;;;;;;;;;;;;;;;;;;;;;;;;;;;;;;;;;;;;;;;;;
16:56:36;12;85;9999;076;999;08;111111111111000000000000;000000000000000000000000;11101000;000;_;e;10;110110001100000000000000;____;01;033;101;027;017;036;059;0425565204;;;;;;;;;;;;;;;;;;;;;;;;;;;;;;;;;;;;;;;;;;;;;;;;;;
16:59:33;12;86;9999;074;999;08;111111111111000000000000;000000000000000000000000;11101000;000;_;e;10;101000001000000000000000;____;09;039;099;028;036;040;020;0425565205;;;;;;;;;;;;;;;;;;;;;;;;;;;;;;;;;;;;;;;;;;;;;;;;;;
17:25:27;12;87;9999;074;999;09;111111111111000000000000;000000000000000000000000;11101000;000;_;e;10;100010111000000000000000;____;07;030;047;026;018;065;079;0425566003;;;;;;;;;;;;;;;;;;;;;;;;;;;;;;;;;;;;;;;;;;;;;;;;;;
17:27:29;12;88;9999;075;999;09;111111111111000000000000;000000000000000000000000;11101000;000;_;e;10;000111000100000000000000;____;06;049;061;034;045;052;081;0425507572;;;;;;;;;;;;;;;;;;;;;;;;;;;;;;;;;;;;;;;;;;;;;;;;;;
17:32:24;12;89;9999;079;999;09;111111111111000000000000;000000000000000000000000;11101000;000;_;e;10;101010001100000000000000;____;10;003;062;032;003;052;044;0425564806;;;;;;;;;;;;;;;;;;;;;;;;;;;;;;;;;;;;;;;;;;;;;;;;;;
17:43:39;12;90;9999;078;999;09;111111111111000000000000;000000000000000000000000;11101000;000;_;e;10;000010001000000000000000;____;05;039;057;029;039;044;042;0425566007;;;;;;;;;;;;;;;;;;;;;;;;;;;;;;;;;;;;;;;;;;;;;;;;;;
17:46:39;12;91;9999;067;999;09;111111111111000000000000;000000000000000000000000;11101000;000;_;e;10;100000000000000000000000;____;01;043;100;005;043;043;010;0425566008;;;;;;;;;;;;;;;;;;;;;;;;;;;;;;;;;;;;;;;;;;;;;;;;;;
17:53:52;12;92;9999;076;999;09;111111111111000000000000;000000000000000000000000;11101000;000;_;e;10;001111101100000000000000;____;05;036;062;039;034;045;157;0425566009;;;;;;;;;;;;;;;;;;;;;;;;;;;;;;;;;;;;;;;;;;;;;;;;;;
17:55:31;12;93;9999;080;999;09;111111111111000000000000;000000000000000000000000;11101000;000;_;e;10;001111001100000000000000;____;05;040;063;029;039;063;146;0425566010;;;;;;;;;;;;;;;;;;;;;;;;;;;;;;;;;;;;;;;;;;;;;;;;;;
17:55:35;12;94;9999;076;304;09;111111111111000000000000;000000000000000000000000;11101000;000;_;e;10;000111101100000000000000;____;05;044;052;029;001;048;091;0425566011;;;;;;;;;;;;;;;;;;;;;;;;;;;;;;;;;;;;;;;;;;;;;;;;;;
18:07:48;12;95;9999;056;999;09;111111111111000000000000;000000000000000000000000;11101000;000;_;e;10;001101001101000000000000;____;10;-09;076;011;-12;019;117;0425566013;;;;;;;;;;;;;;;;;;;;;;;;;;;;;;;;;;;;;;;;;;;;;;;;;;
18:21:45;12;96;9999;079;999;09;111111111111000000000000;000000000000000000000000;11101000;000;_;e;10;001101000100000000000000;____;03;015;069;025;011;020;082;0425566025;;;;;;;;;;;;;;;;;;;;;;;;;;;;;;;;;;;;;;;;;;;;;;;;;;
18:34:13;12;97;9999;075;999;09;111111111111000000000000;000000000000000000000000;11101000;000;_;e;10;110110000000000000000000;____;01;050;079;027;039;053;063;0425565237;;;;;;;;;;;;;;;;;;;;;;;;;;;;;;;;;;;;;;;;;;;;;;;;;;
18:36:32;12;98;9999;061;999;09;111111111111000000000000;000000000000000000000000;11101000;000;_;e;10;000000000101000000000000;____;12;027;085;004;005;027;006;0425564628;;;;;;;;;;;;;;;;;;;;;;;;;;;;;;;;;;;;;;;;;;;;;;;;;;
18:40:10;12;99;9999;061;999;09;111111111111000000000000;000000000000000000000000;11101000;000;_;e;10;001111000101000000000000;____;10;-10;077;011;-11;-02;119;0425566036;;;;;;;;;;;;;;;;;;;;;;;;;;;;;;;;;;;;;;;;;;;;;;;;;;
18:41:01;12;01;9999;074;999;09;111111111111000000000000;000000000000000000000000;11101000;000;_;e;10;011101000100000000000000;____;04;043;084;022;029;045;067;0425566136;;;;;;;;;;;;;;;;;;;;;;;;;;;;;;;;;;;;;;;;;;;;;;;;;;
18:52:18;12;02;9999;075;999;09;111111111111000000000000;000000000000000000000000;11101000;000;_;e;10;110001010100000000000000;____;01;057;084;027;016;064;075;0425566140;;;;;;;;;;;;;;;;;;;;;;;;;;;;;;;;;;;;;;;;;;;;;;;;;;
18:54:27;12;03;9999;055;999;09;111111111111000000000000;000000000000000000000000;11101000;000;_;e;10;101110000100000000000000;____;10;007;082;021;-06;034;103;0425566145;;;;;;;;;;;;;;;;;;;;;;;;;;;;;;;;;;;;;;;;;;;;;;;;;;
19:00:21;12;04;9999;064;999;09;111111111111000000000000;000000000000000000000000;11010000;000;_;;;;;;;;;;;;;;;;;;;;;;;;;;;;;;;;;;;;;;;;;;;;;;;;;;;;;;;;;;;;;;
19:06:30;12;05;9999;072;999;09;111111111111000000000000;000000000000000000000000;11101000;000;_;e;10;000000001001000000000000;____;12;002;073;004;002;013;032;0425566148;;;;;;;;;;;;;;;;;;;;;;;;;;;;;;;;;;;;;;;;;;;;;;;;;;
19:15:03;12;06;9999;054;999;09;111111111111000000000000;000000000000000000000000;11101000;000;_;e;10;000000000011000000000000;____;12;000;057;004;000;000;027;0425566048;;;;;;;;;;;;;;;;;;;;;;;;;;;;;;;;;;;;;;;;;;;;;;;;;;
19:35:27;12;07;9999;061;999;09;111111111111000000000000;000000000000000000000000;11101000;000;_;e;10;111100001001000000000000;____;04;052;091;011;024;058;079;0425566604;;;;;;;;;;;;;;;;;;;;;;;;;;;;;;;;;;;;;;;;;;;;;;;;;;
19:42:53;12;08;9999;061;999;09;111111111111000000000000;000000000000000000000000;11101000;000;_;e;10;001101001100000000000000;____;09;006;077;020;001;036;109;0425565701;;;;;;;;;;;;;;;;;;;;;;;;;;;;;;;;;;;;;;;;;;;;;;;;;;
19:47:22;12;09;9999;075;999;08;111111111111000000000000;000000000000000000000000;11101000;000;_;e;10;111100000000000000000000;____;04;033;085;030;031;035;076;0425566710;;;;;;;;;;;;;;;;;;;;;;;;;;;;;;;;;;;;;;;;;;;;;;;;;;
19:47:57;12;10;9999;090;999;09;111111111111000000000000;000000000000000000000000;11101000;000;_;e;10;010100000101000000000000;____;10;009;071;011;004;020;055;0425566712;;;;;;;;;;;;;;;;;;;;;;;;;;;;;;;;;;;;;;;;;;;;;;;;;;
19:52:04;12;11;9999;067;999;09;111111111111000000000000;000000000000000000000000;11010000;000;_;;;;;;;;;;;;;;;;;;;;;;;;;;;;;;;;;;;;;;;;;;;;;;;;;;;;;;;;;;;;;;
19:53:51;12;12;9999;058;999;09;111111111111000000000000;000000000000000000000000;11101000;000;_;e;10;110000000100000000000000;____;10;001;080;010;-02;001;033;0425566607;;;;;;;;;;;;;;;;;;;;;;;;;;;;;;;;;;;;;;;;;;;;;;;;;;
20:05:41;12;13;9999;078;999;09;111111111111000000000000;000000000000000000000000;11101000;000;_;e;10;001111001100000000000000;____;06;044;061;042;026;072;151;0425565705;;;;;;;;;;;;;;;;;;;;;;;;;;;;;;;;;;;;;;;;;;;;;;;;;;
20:11:47;12;14;9999;061;999;09;111111111111000000000000;000000000000000000000000;11101000;000;_;e;10;001110000101000000000000;____;10;-05;074;014;-10;000;086;0425565709;;;;;;;;;;;;;;;;;;;;;;;;;;;;;;;;;;;;;;;;;;;;;;;;;;
20:13:52;12;15;9999;075;999;09;111111111111000000000000;000000000000000000000000;11101000;000;_;e;10;001000000000000000000000;____;03;060;077;029;060;060;004;0425563193;;;;;;;;;;;;;;;;;;;;;;;;;;;;;;;;;;;;;;;;;;;;;;;;;;
20:35:55;12;16;9999;076;999;09;111111111111000000000000;000000000000000000000000;11101000;000;_;e;10;111011101000000000000000;____;05;035;078;035;033;042;112;0425563047;;;;;;;;;;;;;;;;;;;;;;;;;;;;;;;;;;;;;;;;;;;;;;;;;;
20:36:27;12;17;9999;054;999;09;111111111111000000000000;000000000000000000000000;11101000;000;_;e;10;111100110000000000000000;____;03;033;092;026;023;034;076;0425566731;;;;;;;;;;;;;;;;;;;;;;;;;;;;;;;;;;;;;;;;;;;;;;;;;;
20:37:53;12;18;9999;071;999;09;111111111111000000000000;000000000000000000000000;11101000;000;_;e;10;001111001100000000000000;____;03;048;044;019;047;054;212;0425565310;;;;;;;;;;;;;;;;;;;;;;;;;;;;;;;;;;;;;;;;;;;;;;;;;;
20:39:14;12;19;9999;075;999;09;111111111111000000000000;000000000000000000000000;11101000;000;_;e;10;000000001000000000000000;____;09;021;067;030;021;021;003;0425565717;;;;;;;;;;;;;;;;;;;;;;;;;;;;;;;;;;;;;;;;;;;;;;;;;;
20:48:05;12;20;9999;075;999;09;111111111111000000000000;000000000000000000000000;11101000;000;_;e;10;110100000000000000000000;____;02;033;094;022;031;036;101;0425563052;;;;;;;;;;;;;;;;;;;;;;;;;;;;;;;;;;;;;;;;;;;;;;;;;;
20:57:59;12;21;9999;062;999;09;111111111111000000000000;000000000000000000000000;11101000;000;_;e;10;001110001100000000000000;____;04;041;070;035;-03;043;055;0425563057;;;;;;;;;;;;;;;;;;;;;;;;;;;;;;;;;;;;;;;;;;;;;;;;;;
21:13:51;12;22;9999;074;999;09;111111111111000000000000;000000000000000000000000;11101000;000;_;e;10;111100000100000000000000;____;04;039;080;027;035;041;093;0425565323;;;;;;;;;;;;;;;;;;;;;;;;;;;;;;;;;;;;;;;;;;;;;;;;;;
21:14:15;12;23;9999;077;999;09;111111111111000000000000;000000000000000000000000;11101000;000;_;e;10;000010001100000000000000;____;10;026;095;033;020;034;016;0425566736;;;;;;;;;;;;;;;;;;;;;;;;;;;;;;;;;;;;;;;;;;;;;;;;;;
21:30:22;12;24;9999;065;999;09;111111111111000000000000;000000000000000000000000;11101000;000;_;e;10;110000000100000000000000;____;01;033;102;010;001;036;053;0425566739;;;;;;;;;;;;;;;;;;;;;;;;;;;;;;;;;;;;;;;;;;;;;;;;;;
21:34:23;12;25;9999;078;999;09;111111111111000000000000;000000000000000000000000;11101000;000;_;e;10;001111001100000000000000;____;06;038;054;046;032;047;064;0425563072;;;;;;;;;;;;;;;;;;;;;;;;;;;;;;;;;;;;;;;;;;;;;;;;;;
21:34:50;12;26;9999;073;999;09;111111111111000000000000;000000000000000000000000;11101000;000;_;e;10;001101000111000000000000;____;10;-06;071;012;-08;021;129;0425565739;;;;;;;;;;;;;;;;;;;;;;;;;;;;;;;;;;;;;;;;;;;;;;;;;;
21:35:32;12;27;9999;067;999;09;111111111111000000000000;000000000000000000000000;11101000;000;_;e;10;010001001100000000000000;____;10;-02;072;021;-02;020;041;0425566741;;;;;;;;;;;;;;;;;;;;;;;;;;;;;;;;;;;;;;;;;;;;;;;;;;
21:35:58;12;28;9999;074;999;09;111111111111000000000000;000000000000000000000000;11101000;000;_;e;10;001111101000000000000000;____;05;040;061;029;040;043;119;0425565741;;;;;;;;;;;;;;;;;;;;;;;;;;;;;;;;;;;;;;;;;;;;;;;;;;
21:36:11;12;29;9999;074;999;09;111111111111000000000000;000000000000000000000000;11101000;000;_;e;10;010100001100000000000000;____;10;043;083;038;043;047;058;0425566423;;;;;;;;;;;;;;;;;;;;;;;;;;;;;;;;;;;;;;;;;;;;;;;;;;
21:37:36;12;30;9999;075;999;09;111111111111000000000000;000000000000000000000000;11101000;000;_;e;10;001111001100000000000000;____;03;077;080;018;052;083;091;0425565742;;;;;;;;;;;;;;;;;;;;;;;;;;;;;;;;;;;;;;;;;;;;;;;;;;
21:37:41;12;31;9999;076;287;09;111111111111000000000000;000000000000000000000000;11101000;000;_;e;10;011100001100000000000000;____;04;047;079;027;023;049;100;0425565743;;;;;;;;;;;;;;;;;;;;;;;;;;;;;;;;;;;;;;;;;;;;;;;;;;
21:38:23;12;32;9999;077;999;09;111111111111000000000000;000000000000000000000000;11101000;000;_;e;10;010011101100000000000000;____;06;035;060;031;012;056;150;0425565745;;;;;;;;;;;;;;;;;;;;;;;;;;;;;;;;;;;;;;;;;;;;;;;;;;
21:39:36;12;33;9999;058;999;09;111111111111000000000000;000000000000000000000000;11010000;000;_;;;;;;;;;;;;;;;;;;;;;;;;;;;;;;;;;;;;;;;;;;;;;;;;;;;;;;;;;;;;;;
21:39:40;12;34;9999;065;274;09;111111111111000000000000;000000000000000000000000;11101000;000;_;e;10;001110000100000000000000;____;10;-09;080;012;-10;029;102;0425566743;;;;;;;;;;;;;;;;;;;;;;;;;;;;;;;;;;;;;;;;;;;;;;;;;;
21:44:05;12;35;9999;075;999;09;111111111111000000000000;000000000000000000000000;11101000;000;_;e;10;001011100100000000000000;____;06;040;059;030;039;042;084;0425565812;;;;;;;;;;;;;;;;;;;;;;;;;;;;;;;;;;;;;;;;;;;;;;;;;;
21:45:31;12;36;9999;067;999;09;111111111111000000000000;000000000000000000000000;11101000;000;_;e;10;111100001100000000000000;____;02;028;100;010;009;042;062;0425566427;;;;;;;;;;;;;;;;;;;;;;;;;;;;;;;;;;;;;;;;;;;;;;;;;;
21:49:39;12;37;9999;078;999;09;111111111111000000000000;000000000000000000000000;11101000;000;_;e;10;000011111000000000000000;____;07;046;055;030;042;047;083;0425563079;;;;;;;;;;;;;;;;;;;;;;;;;;;;;;;;;;;;;;;;;;;;;;;;;;
21:52:09;12;38;9999;075;999;09;111111111111000000000000;000000000000000000000000;11101000;000;_;e;10;011010000100000000000000;____;10;003;075;017;000;037;037;0425565748;;;;;;;;;;;;;;;;;;;;;;;;;;;;;;;;;;;;;;;;;;;;;;;;;;
21:53:39;12;39;9999;071;999;09;111111111111000000000000;000000000000000000000000;11101000;000;_;e;10;001111001101000000000000;____;10;-09;074;018;-13;043;210;0425565340;;;;;;;;;;;;;;;;;;;;;;;;;;;;;;;;;;;;;;;;;;;;;;;;;;
22:00:16;12;40;9999;054;999;09;111111111111000000000000;000000000000000000000000;11101000;000;_;e;10;100000000000000000000000;____;01;023;097;010;007;025;031;0425565753;;;;;;;;;;;;;;;;;;;;;;;;;;;;;;;;;;;;;;;;;;;;;;;;;;
22:05:37;12;41;9999;054;999;09;111111111111000000000000;000000000000000000000000;11101000;000;_;e;10;000111100101000000000000;____;06;020;062;009;017;023;052;0425565818;;;;;;;;;;;;;;;;;;;;;;;;;;;;;;;;;;;;;;;;;;;;;;;;;;
22:09:11;12;42;9999;068;999;09;111111111111000000000000;000000000000000000000000;11101000;000;_;e;10;010000000000000000000000;____;02;038;100;020;038;038;013;0425566436;;;;;;;;;;;;;;;;;;;;;;;;;;;;;;;;;;;;;;;;;;;;;;;;;;
22:09:28;12;43;9999;076;999;09;111111111111000000000000;000000000000000000000000;11101000;000;_;e;10;001100111000000000000000;____;07;057;053;032;035;059;079;0425566331;;;;;;;;;;;;;;;;;;;;;;;;;;;;;;;;;;;;;;;;;;;;;;;;;;
22:16:22;12;44;9999;057;999;09;111111111111000000000000;000000000000000000000000;11101000;000;_;e;10;110100000000000000000000;____;02;031;098;006;029;035;052;0425563092;;;;;;;;;;;;;;;;;;;;;;;;;;;;;;;;;;;;;;;;;;;;;;;;;;
22:16:27;12;45;9999;075;363;09;111111111111000000000000;000000000000000000000000;11101000;000;_;e;10;010100101100000000000000;____;09;029;067;038;020;036;034;0425566437;;;;;;;;;;;;;;;;;;;;;;;;;;;;;;;;;;;;;;;;;;;;;;;;;;
22:18:39;12;46;9999;061;999;09;111111111111000000000000;000000000000000000000000;11101000;000;_;e;10;011111001100000000000000;____;10;-07;081;011;-12;002;163;0425566439;;;;;;;;;;;;;;;;;;;;;;;;;;;;;;;;;;;;;;;;;;;;;;;;;;
22:24:09;12;47;9999;075;999;09;111111111111000000000000;000000000000000000000000;11101000;000;_;e;10;001111001100000000000000;____;03;013;059;008;012;020;167;0425565819;;;;;;;;;;;;;;;;;;;;;;;;;;;;;;;;;;;;;;;;;;;;;;;;;;
22:34:54;12;48;9999;074;999;09;111111111111000000000000;000000000000000000000000;11101000;000;_;e;10;101110100100000000000000;____;10;001;067;024;001;043;072;0425565821;;;;;;;;;;;;;;;;;;;;;;;;;;;;;;;;;;;;;;;;;;;;;;;;;;
