RDT400 Server V3.30
Site: 
System: Barcode scanner PLC02 (Sick); System type: OPS
Date: 12-12-2024  00:00:11
Date    ;ID;CT;IDX ;TLE;TGA;V ;DEVICE LIST             ;ERROR LIST              ;OUTPUT  ;ENR;R;CODE1 ID;LENGTH;READ LIST;RES;CLV ID;XPOS;YPOS;ZPOS;XMIN;XMAX;CS;CODE CONTENT;XPOS;YPOS;ZPOS;XMIN;XMAX;CS;CODE CONTENT;CODE2 ID;LENGTH;READ LIST;RES;CLV ID;XPOS;YPOS;ZPOS;XMIN;XMAX;CS;CODE CONTENT;XPOS;YPOS;ZPOS;XMIN;XMAX;CS;CODE CONTENT;CODE3 ID;LENGTH;READ LIST;RES;CLV ID;XPOS;YPOS;ZPOS;XMIN;XMAX;CS;CODE CONTENT;XPOS;YPOS;ZPOS;XMIN;XMAX;CS;CODE CONTENT;INFO1;INFO2;CUSTOM1;CUSTOM2;
04:48:34;12;93;9999;070;999;09;111111111111000000000000;000000000000000000000000;11101000;000;_;e;10;110000000000000000000000;____;01;046;100;021;041;047;055;0425548079;;;;;;;;;;;;;;;;;;;;;;;;;;;;;;;;;;;;;;;;;;;;;;;;;;
04:54:42;12;94;9999;077;999;08;111111111111000000000000;000000000000000000000000;11101000;000;_;e;10;001111111100000000000000;____;05;045;060;026;036;060;123;0425548084;;;;;;;;;;;;;;;;;;;;;;;;;;;;;;;;;;;;;;;;;;;;;;;;;;
05:15:15;12;95;9999;074;999;09;111111111111000000000000;000000000000000000000000;11101000;000;_;e;10;111100000100000000000000;____;04;044;071;026;041;061;046;0425548173;;;;;;;;;;;;;;;;;;;;;;;;;;;;;;;;;;;;;;;;;;;;;;;;;;
05:16:46;12;96;9999;042;999;08;111111111111000000000000;000000000000000000000000;11101000;000;_;e;10;101000001000000000000000;____;09;049;065;008;040;049;046;0425543171;;;;;;;;;;;;;;;;;;;;;;;;;;;;;;;;;;;;;;;;;;;;;;;;;;
05:17:19;12;97;9999;061;999;09;111111111111000000000000;000000000000000000000000;11101000;000;_;e;10;100000001100000000000000;____;10;004;084;021;004;027;030;0425548384;;;;;;;;;;;;;;;;;;;;;;;;;;;;;;;;;;;;;;;;;;;;;;;;;;
05:20:54;12;98;9999;052;999;09;111111111111000000000000;000000000000000000000000;11101000;000;_;e;10;111100001100000000000000;____;03;029;093;025;000;030;135;0425543173;;;;;;;;;;;;;;;;;;;;;;;;;;;;;;;;;;;;;;;;;;;;;;;;;;
05:24:53;12;99;9999;054;999;09;111111111111000000000000;000000000000000000000000;11101000;000;_;e;10;101000000000000000000000;____;01;027;094;027;027;041;044;0425543172;;;;;;;;;;;;;;;;;;;;;;;;;;;;;;;;;;;;;;;;;;;;;;;;;;
05:36:05;12;01;9999;076;999;08;111111111111000000000000;000000000000000000000000;11101000;000;_;e;10;001111101100000000000000;____;05;037;060;036;035;041;091;0425543176;;;;;;;;;;;;;;;;;;;;;;;;;;;;;;;;;;;;;;;;;;;;;;;;;;
05:38:39;12;02;9999;075;999;09;111111111111000000000000;000000000000000000000000;11101000;000;_;e;10;101101001000000000000000;____;03;047;086;028;037;051;081;0425543179;;;;;;;;;;;;;;;;;;;;;;;;;;;;;;;;;;;;;;;;;;;;;;;;;;
05:40:01;12;03;9999;075;999;09;111111111111000000000000;000000000000000000000000;11101000;000;_;e;10;000111010000000000000000;____;06;038;062;041;030;040;015;0425547857;;;;;;;;;;;;;;;;;;;;;;;;;;;;;;;;;;;;;;;;;;;;;;;;;;
05:45:04;12;04;9999;066;999;09;111111111111000000000000;000000000000000000000000;11101000;000;_;e;10;001101001100000000000000;____;03;035;094;044;027;038;063;0425532847;;;;;;;;;;;;;;;;;;;;;;;;;;;;;;;;;;;;;;;;;;;;;;;;;;
05:45:42;12;05;9999;073;999;09;111111111111000000000000;000000000000000000000000;11101000;000;_;e;10;000111110000000000000000;____;05;037;049;021;037;040;079;0425532848;;;;;;;;;;;;;;;;;;;;;;;;;;;;;;;;;;;;;;;;;;;;;;;;;;
05:46:59;12;06;9999;074;999;09;111111111111000000000000;000000000000000000000000;11101000;000;_;e;10;100111001100000000000000;____;05;040;068;030;017;045;147;0425532849;;;;;;;;;;;;;;;;;;;;;;;;;;;;;;;;;;;;;;;;;;;;;;;;;;
05:47:38;12;07;9999;072;999;09;111111111111000000000000;000000000000000000000000;11101000;000;_;e;10;101000000001000000000000;____;01;037;099;006;013;037;040;0425532850;;;;;;;;;;;;;;;;;;;;;;;;;;;;;;;;;;;;;;;;;;;;;;;;;;
05:52:50;12;08;9999;070;999;09;111111111111000000000000;000000000000000000000000;11101000;000;_;e;10;101100000000000000000000;____;04;031;089;048;023;036;038;0425532853;;;;;;;;;;;;;;;;;;;;;;;;;;;;;;;;;;;;;;;;;;;;;;;;;;
05:53:00;12;09;9999;077;781;09;111111111111000000000000;000000000000000000000000;11101000;000;_;e;10;101100001000000000000000;____;03;034;074;037;029;037;053;0425547860;;;;;;;;;;;;;;;;;;;;;;;;;;;;;;;;;;;;;;;;;;;;;;;;;;
05:53:46;12;10;9999;077;999;09;111111111111000000000000;000000000000000000000000;11101000;000;_;e;10;011110001100000000000000;____;03;030;071;032;027;036;084;0425548095;;;;;;;;;;;;;;;;;;;;;;;;;;;;;;;;;;;;;;;;;;;;;;;;;;
05:54:33;12;11;9999;056;999;09;111111111111000000000000;000000000000000000000000;11101000;000;_;e;10;110000000000000000000000;____;01;034;101;010;034;036;054;0425547906;;;;;;;;;;;;;;;;;;;;;;;;;;;;;;;;;;;;;;;;;;;;;;;;;;
05:57:41;12;12;9999;065;999;09;111111111111000000000000;000000000000000000000000;11101000;000;_;e;10;110000000000000000000000;____;01;035;102;011;034;036;066;0425548097;;;;;;;;;;;;;;;;;;;;;;;;;;;;;;;;;;;;;;;;;;;;;;;;;;
05:59:20;12;13;9999;078;999;09;111111111111000000000000;000000000000000000000000;11101000;000;_;e;10;001111001100000000000000;____;04;048;078;035;022;050;085;0425548177;;;;;;;;;;;;;;;;;;;;;;;;;;;;;;;;;;;;;;;;;;;;;;;;;;
05:59:24;12;14;9999;075;274;08;111111111111000000000000;000000000000000000000000;11101000;000;_;e;10;011110000100000000000000;____;04;026;083;034;005;035;061;0425532859;;;;;;;;;;;;;;;;;;;;;;;;;;;;;;;;;;;;;;;;;;;;;;;;;;
05:59:28;12;15;9999;076;301;09;111111111111000000000000;000000000000000000000000;11101000;000;_;e;10;001111001100000000000000;____;09;069;069;022;039;070;157;0425548389;;;;;;;;;;;;;;;;;;;;;;;;;;;;;;;;;;;;;;;;;;;;;;;;;;
06:00:37;12;16;9999;074;999;09;111111111111000000000000;000000000000000000000000;11101000;000;_;e;10;001111101100000000000000;____;05;048;056;019;043;051;098;0425547861;;;;;;;;;;;;;;;;;;;;;;;;;;;;;;;;;;;;;;;;;;;;;;;;;;
06:02:11;12;17;9999;065;999;09;111111111111000000000000;000000000000000000000000;11101000;000;_;e;10;001100001100000000000000;____;10;005;077;010;-01;036;079;0425543962;;;;;;;;;;;;;;;;;;;;;;;;;;;;;;;;;;;;;;;;;;;;;;;;;;
06:03:24;12;18;9999;056;999;08;111111111111000000000000;000000000000000000000000;11101000;000;_;e;10;010000000000000000000000;____;02;041;103;007;041;041;004;0425543182;;;;;;;;;;;;;;;;;;;;;;;;;;;;;;;;;;;;;;;;;;;;;;;;;;
06:05:37;12;19;9999;066;999;09;111111111111000000000000;000000000000000000000000;11101000;000;_;e;10;001111100010000000000000;____;05;032;039;012;030;051;113;0425548390;;;;;;;;;;;;;;;;;;;;;;;;;;;;;;;;;;;;;;;;;;;;;;;;;;
06:07:55;12;20;9999;059;999;09;111111111111000000000000;000000000000000000000000;11101000;000;_;e;10;001100001101000000000000;____;09;000;084;018;-02;023;094;0425548392;;;;;;;;;;;;;;;;;;;;;;;;;;;;;;;;;;;;;;;;;;;;;;;;;;
06:15:36;12;21;9999;064;999;09;111111111111000000000000;000000000000000000000000;11101000;000;_;e;10;110000000000000000000000;____;01;036;100;017;025;038;024;0425543184;;;;;;;;;;;;;;;;;;;;;;;;;;;;;;;;;;;;;;;;;;;;;;;;;;
06:15:45;12;22;9999;074;672;09;111111111111000000000000;000000000000000000000000;11101000;000;_;e;10;101100001000000000000000;____;01;041;091;030;041;046;024;0425532873;;;;;;;;;;;;;;;;;;;;;;;;;;;;;;;;;;;;;;;;;;;;;;;;;;
06:18:14;12;23;9999;057;999;09;111111111111000000000000;000000000000000000000000;11101000;000;_;e;10;000000000100000000000000;____;10;002;077;019;000;002;040;0425547770;;;;;;;;;;;;;;;;;;;;;;;;;;;;;;;;;;;;;;;;;;;;;;;;;;
06:22:57;12;24;9999;077;999;09;111111111111000000000000;000000000000000000000000;11101000;000;_;e;10;101111000000000000000000;____;06;050;066;033;044;061;091;0425548179;;;;;;;;;;;;;;;;;;;;;;;;;;;;;;;;;;;;;;;;;;;;;;;;;;
06:25:53;12;25;9999;065;999;09;111111111111000000000000;000000000000000000000000;11101000;000;_;e;10;000000000001000000000000;____;12;023;083;004;023;023;002;0425532883;;;;;;;;;;;;;;;;;;;;;;;;;;;;;;;;;;;;;;;;;;;;;;;;;;
06:25:57;12;26;9999;075;329;09;111111111111000000000000;000000000000000000000000;11101000;000;_;e;10;001111101100000000000000;____;03;045;056;028;045;068;095;0425548180;;;;;;;;;;;;;;;;;;;;;;;;;;;;;;;;;;;;;;;;;;;;;;;;;;
06:26:34;12;27;9999;075;999;09;111111111111000000000000;000000000000000000000000;11101000;000;_;e;10;110100001100000000000000;____;04;030;085;021;029;035;142;0425543186;;;;;;;;;;;;;;;;;;;;;;;;;;;;;;;;;;;;;;;;;;;;;;;;;;
06:26:44;12;28;9999;075;754;09;111111111111000000000000;000000000000000000000000;11101000;000;_;e;10;101111000100000000000000;____;04;044;079;023;035;045;084;0425532885;;;;;;;;;;;;;;;;;;;;;;;;;;;;;;;;;;;;;;;;;;;;;;;;;;
06:28:40;12;29;9999;060;999;09;111111111111000000000000;000000000000000000000000;11101000;000;_;e;10;001100001100000000000000;____;03;031;081;041;031;036;036;0425543970;;;;;;;;;;;;;;;;;;;;;;;;;;;;;;;;;;;;;;;;;;;;;;;;;;
06:29:56;12;30;9999;078;999;09;111111111111000000000000;000000000000000000000000;11101000;000;_;e;10;001111001000000000000000;____;09;050;061;034;046;051;068;0425543187;;;;;;;;;;;;;;;;;;;;;;;;;;;;;;;;;;;;;;;;;;;;;;;;;;
06:39:08;12;31;9999;079;999;09;111111111111000000000000;000000000000000000000000;11101000;000;_;e;10;011100010100000000000000;____;03;035;071;036;035;041;079;0425548182;;;;;;;;;;;;;;;;;;;;;;;;;;;;;;;;;;;;;;;;;;;;;;;;;;
06:40:42;12;32;9999;078;999;09;111111111111000000000000;000000000000000000000000;11101000;000;_;e;10;011100001100000000000000;____;09;037;073;038;037;040;091;0425548184;;;;;;;;;;;;;;;;;;;;;;;;;;;;;;;;;;;;;;;;;;;;;;;;;;
06:44:24;12;33;9999;060;999;09;111111111111000000000000;000000000000000000000000;11101000;000;_;e;10;111101001100000000000000;____;01;068;079;008;026;073;158;0425532889;;;;;;;;;;;;;;;;;;;;;;;;;;;;;;;;;;;;;;;;;;;;;;;;;;
06:44:55;12;34;9999;051;999;09;111111111111000000000000;000000000000000000000000;11101000;000;_;e;10;001101001100000000000000;____;09;067;081;015;043;067;096;0425552600;;;;;;;;;;;;;;;;;;;;;;;;;;;;;;;;;;;;;;;;;;;;;;;;;;
06:45:43;12;35;9999;055;999;09;111111111111000000000000;000000000000000000000000;11101000;000;_;e;10;011011001100000000000000;____;03;004;069;024;-01;005;143;0425552601;;;;;;;;;;;;;;;;;;;;;;;;;;;;;;;;;;;;;;;;;;;;;;;;;;
06:51:54;12;36;9999;069;999;09;111111111111000000000000;000000000000000000000000;11101000;000;_;e;10;000011111100000000000000;____;05;044;036;008;030;047;094;0425532893;;;;;;;;;;;;;;;;;;;;;;;;;;;;;;;;;;;;;;;;;;;;;;;;;;
06:52:55;12;37;9999;079;999;09;111111111111000000000000;000000000000000000000000;11101000;000;_;e;10;000101001000000000000000;____;04;051;068;026;045;052;049;0425543973;;;;;;;;;;;;;;;;;;;;;;;;;;;;;;;;;;;;;;;;;;;;;;;;;;
06:55:06;12;38;9999;062;999;09;111111111111000000000000;000000000000000000000000;11101000;000;_;e;10;000110101000000000000000;____;09;-04;073;028;-06;030;063;0425547873;;;;;;;;;;;;;;;;;;;;;;;;;;;;;;;;;;;;;;;;;;;;;;;;;;
06:55:15;12;39;9999;058;724;09;111111111111000000000000;000000000000000000000000;11101000;000;_;e;10;001100001100000000000000;____;10;-13;082;010;-13;003;113;0425532894;;;;;;;;;;;;;;;;;;;;;;;;;;;;;;;;;;;;;;;;;;;;;;;;;;
07:06:19;12;40;9999;053;999;09;111111111111000000000000;000000000000000000000000;11101000;000;_;e;10;110000000001000000000000;____;02;027;102;003;022;028;032;0425548241;;;;;;;;;;;;;;;;;;;;;;;;;;;;;;;;;;;;;;;;;;;;;;;;;;
07:15:19;12;41;9999;058;999;09;111111111111000000000000;000000000000000000000000;11101000;000;_;e;10;000000001100000000000000;____;10;006;079;018;005;039;042;0425543979;;;;;;;;;;;;;;;;;;;;;;;;;;;;;;;;;;;;;;;;;;;;;;;;;;
07:21:53;12;42;9999;055;999;09;111111111111000000000000;000000000000000000000000;11101000;000;_;e;10;000111111100000000000000;____;05;037;047;005;037;056;074;0425548451;;;;;;;;;;;;;;;;;;;;;;;;;;;;;;;;;;;;;;;;;;;;;;;;;;
07:24:43;12;43;9999;062;999;09;111111111111000000000000;000000000000000000000000;11101000;000;_;e;10;101100000100000000000000;____;03;002;081;015;-04;016;064;0425532899;;;;;;;;;;;;;;;;;;;;;;;;;;;;;;;;;;;;;;;;;;;;;;;;;;
07:29:52;12;44;9999;069;999;09;111111111111000000000000;000000000000000000000000;11101000;000;_;e;10;111001000000000000000000;____;02;039;098;027;035;045;031;0425548453;;;;;;;;;;;;;;;;;;;;;;;;;;;;;;;;;;;;;;;;;;;;;;;;;;
07:30:35;12;45;9999;068;999;09;111111111111000000000000;000000000000000000000000;11101000;000;_;e;10;000100000100000000000000;____;10;-01;073;023;-01;002;052;0425548454;;;;;;;;;;;;;;;;;;;;;;;;;;;;;;;;;;;;;;;;;;;;;;;;;;
07:30:43;12;46;9999;083;658;09;111111111111000000000000;000000000000000000000000;11101000;000;_;e;10;000110111110000000000000;____;04;060;040;009;056;069;110;0425548455;;;;;;;;;;;;;;;;;;;;;;;;;;;;;;;;;;;;;;;;;;;;;;;;;;
07:31:18;12;47;9999;071;999;09;111111111111000000000000;000000000000000000000000;11101000;000;_;e;10;000010111000000000000000;____;05;044;042;000;042;060;046;0425547591;;;;;;;;;;;;;;;;;;;;;;;;;;;;;;;;;;;;;;;;;;;;;;;;;;
07:32:48;12;48;9999;057;999;09;111111111111000000000000;000000000000000000000000;11101000;000;_;e;10;001001000000000000000000;____;03;025;087;027;024;028;012;0425553002;;;;;;;;;;;;;;;;;;;;;;;;;;;;;;;;;;;;;;;;;;;;;;;;;;
07:36:37;12;49;9999;063;999;09;111111111111000000000000;000000000000000000000000;11101000;000;_;e;10;110010001100000000000000;____;01;034;099;021;000;049;046;0425547594;;;;;;;;;;;;;;;;;;;;;;;;;;;;;;;;;;;;;;;;;;;;;;;;;;
07:36:48;12;50;9999;076;803;08;111111111111000000000000;000000000000000000000000;11101000;000;_;e;10;001111001100000000000000;____;05;039;066;042;011;044;098;0425548246;;;;;;;;;;;;;;;;;;;;;;;;;;;;;;;;;;;;;;;;;;;;;;;;;;
07:44:38;12;51;9999;079;999;09;111111111111000000000000;000000000000000000000000;11101000;000;_;e;10;001111001100000000000000;____;03;029;070;030;028;036;060;0425548249;;;;;;;;;;;;;;;;;;;;;;;;;;;;;;;;;;;;;;;;;;;;;;;;;;
07:45:33;12;52;9999;074;999;09;111111111111000000000000;000000000000000000000000;11101000;000;_;e;10;011101001100000000000000;____;03;038;069;035;010;041;082;0425553105;;;;;;;;;;;;;;;;;;;;;;;;;;;;;;;;;;;;;;;;;;;;;;;;;;
07:46:38;12;53;9999;075;999;09;111111111111000000000000;000000000000000000000000;11101000;000;_;e;10;000000000010000000000000;____;11;046;051;004;046;046;030;0425548252;;;;;;;;;;;;;;;;;;;;;;;;;;;;;;;;;;;;;;;;;;;;;;;;;;
08:04:22;12;54;9999;077;999;09;111111111111000000000000;000000000000000000000000;11101000;000;_;e;10;100100001100000000000000;____;01;036;101;027;013;036;041;0425553209;;;;;;;;;;;;;;;;;;;;;;;;;;;;;;;;;;;;;;;;;;;;;;;;;;
08:10:14;12;55;9999;067;999;09;111111111111000000000000;000000000000000000000000;11101000;000;_;e;10;011100000101000000000000;____;12;006;085;004;005;042;075;0425548265;;;;;;;;;;;;;;;;;;;;;;;;;;;;;;;;;;;;;;;;;;;;;;;;;;
08:17:05;12;56;9999;053;999;09;111111111111000000000000;000000000000000000000000;11101000;000;_;e;10;101111001101000000000000;____;05;-08;075;008;-10;021;098;0425553219;;;;;;;;;;;;;;;;;;;;;;;;;;;;;;;;;;;;;;;;;;;;;;;;;;
08:17:14;12;57;9999;075;683;09;111111111111000000000000;000000000000000000000000;11101000;000;_;e;10;000011000100000000000000;____;10;016;066;023;014;017;071;0425553221;;;;;;;;;;;;;;;;;;;;;;;;;;;;;;;;;;;;;;;;;;;;;;;;;;
08:31:46;12;58;9999;066;999;09;111111111111000000000000;000000000000000000000000;11101000;000;_;e;10;000111000100000000000000;____;04;006;067;017;002;016;083;0425553239;;;;;;;;;;;;;;;;;;;;;;;;;;;;;;;;;;;;;;;;;;;;;;;;;;
08:32:45;12;59;9999;074;999;09;111111111111000000000000;000000000000000000000000;11101000;000;_;e;10;000010111000000000000000;____;05;046;055;033;046;052;075;0425553240;;;;;;;;;;;;;;;;;;;;;;;;;;;;;;;;;;;;;;;;;;;;;;;;;;
08:44:11;12;60;9999;068;999;08;111111111111000000000000;000000000000000000000000;11101000;000;_;e;10;000010000001000000000000;____;05;024;069;032;001;024;008;0425553127;;;;;;;;;;;;;;;;;;;;;;;;;;;;;;;;;;;;;;;;;;;;;;;;;;
08:45:09;12;61;9999;065;999;08;111111111111000000000000;000000000000000000000000;11101000;000;_;e;10;000110000001000000000000;____;04;032;074;032;-02;032;013;0425553129;;;;;;;;;;;;;;;;;;;;;;;;;;;;;;;;;;;;;;;;;;;;;;;;;;
09:00:55;12;62;9999;075;999;09;111111111111000000000000;000000000000000000000000;11101000;000;_;e;10;001111001000000000000000;____;05;040;054;015;025;048;090;0425553137;;;;;;;;;;;;;;;;;;;;;;;;;;;;;;;;;;;;;;;;;;;;;;;;;;
09:03:28;12;63;9999;079;999;09;111111111111000000000000;000000000000000000000000;11101000;000;_;e;10;100100000000000000000000;____;01;031;099;028;031;034;040;0425553250;;;;;;;;;;;;;;;;;;;;;;;;;;;;;;;;;;;;;;;;;;;;;;;;;;
09:06:20;12;64;9999;066;999;08;111111111111000000000000;000000000000000000000000;11101000;000;_;e;10;000100000110000000000000;____;10;-02;062;018;-03;036;062;0425553142;;;;;;;;;;;;;;;;;;;;;;;;;;;;;;;;;;;;;;;;;;;;;;;;;;
09:07:53;12;65;9999;078;999;09;111111111111000000000000;000000000000000000000000;11101000;000;_;e;10;110000000000000000000000;____;02;044;098;015;023;045;036;0425553144;;;;;;;;;;;;;;;;;;;;;;;;;;;;;;;;;;;;;;;;;;;;;;;;;;
09:08:45;12;66;9999;080;999;09;111111111111000000000000;000000000000000000000000;11101000;000;_;e;10;000111001000000000000000;____;06;045;060;018;033;048;036;0425553145;;;;;;;;;;;;;;;;;;;;;;;;;;;;;;;;;;;;;;;;;;;;;;;;;;
09:09:45;12;67;9999;078;999;09;111111111111000000000000;000000000000000000000000;11101000;000;_;e;10;110110000100000000000000;____;02;042;096;016;021;043;054;0425543189;;;;;;;;;;;;;;;;;;;;;;;;;;;;;;;;;;;;;;;;;;;;;;;;;;
10:16:31;12;68;9999;057;999;09;111111111111000000000000;000000000000000000000000;11101000;000;_;e;10;000000000100000000000000;____;10;-04;074;020;-04;000;035;0425552702;;;;;;;;;;;;;;;;;;;;;;;;;;;;;;;;;;;;;;;;;;;;;;;;;;
10:23:11;12;69;9999;055;999;09;111111111111000000000000;000000000000000000000000;11101000;000;_;e;10;000000000001000000000000;____;12;003;070;004;002;003;029;0425552610;;;;;;;;;;;;;;;;;;;;;;;;;;;;;;;;;;;;;;;;;;;;;;;;;;
10:37:53;12;70;9999;072;999;09;111111111111000000000000;000000000000000000000000;11101000;000;_;e;10;110000000000000000000000;____;01;034;101;007;034;041;056;0425552708;;;;;;;;;;;;;;;;;;;;;;;;;;;;;;;;;;;;;;;;;;;;;;;;;;
10:53:52;12;71;9999;051;999;09;111111111111000000000000;000000000000000000000000;11101000;000;_;e;10;010000001100000000000000;____;02;-04;092;010;-04;027;012;0425547883;;;;;;;;;;;;;;;;;;;;;;;;;;;;;;;;;;;;;;;;;;;;;;;;;;
10:56:03;12;72;9999;052;999;09;111111111111000000000000;000000000000000000000000;11101000;000;_;e;10;100000000100000000000000;____;10;000;082;005;000;027;016;0425552622;;;;;;;;;;;;;;;;;;;;;;;;;;;;;;;;;;;;;;;;;;;;;;;;;;
11:14:07;12;73;9999;066;999;09;111111111111000000000000;000000000000000000000000;11101000;000;_;e;10;001111000101000000000000;____;10;000;076;001;-05;043;103;0425552803;;;;;;;;;;;;;;;;;;;;;;;;;;;;;;;;;;;;;;;;;;;;;;;;;;
11:23:05;12;74;9999;076;999;09;111111111111000000000000;000000000000000000000000;11101000;000;_;e;10;001111001100000000000000;____;03;052;065;027;026;056;108;0425552712;;;;;;;;;;;;;;;;;;;;;;;;;;;;;;;;;;;;;;;;;;;;;;;;;;
11:28:55;12;75;9999;069;999;09;111111111111000000000000;000000000000000000000000;11101000;000;_;e;10;111000000000000000000000;____;01;046;103;006;043;064;097;0425547888;;;;;;;;;;;;;;;;;;;;;;;;;;;;;;;;;;;;;;;;;;;;;;;;;;
11:35:33;12;76;9999;075;999;09;111111111111000000000000;000000000000000000000000;11101000;000;_;e;10;111101001000000000000000;____;03;054;076;028;052;062;080;0425543990;;;;;;;;;;;;;;;;;;;;;;;;;;;;;;;;;;;;;;;;;;;;;;;;;;
11:38:25;12;77;9999;077;999;09;111111111111000000000000;000000000000000000000000;11101000;000;_;e;10;111101001100000000000000;____;03;044;072;039;028;049;115;0425552816;;;;;;;;;;;;;;;;;;;;;;;;;;;;;;;;;;;;;;;;;;;;;;;;;;
11:39:28;12;78;9999;073;999;09;111111111111000000000000;000000000000000000000000;11101000;000;_;e;10;001110001100000000000000;____;09;025;067;031;022;025;096;0425547891;;;;;;;;;;;;;;;;;;;;;;;;;;;;;;;;;;;;;;;;;;;;;;;;;;
11:43:58;12;79;9999;076;999;09;111111111111000000000000;000000000000000000000000;11101000;000;_;e;10;001100001100000000000000;____;03;053;080;031;024;056;046;0425543991;;;;;;;;;;;;;;;;;;;;;;;;;;;;;;;;;;;;;;;;;;;;;;;;;;
11:48:49;12;80;9999;076;999;09;111111111111000000000000;000000000000000000000000;11101000;000;_;e;10;011110000100000000000000;____;03;049;064;025;045;052;116;0425543996;;;;;;;;;;;;;;;;;;;;;;;;;;;;;;;;;;;;;;;;;;;;;;;;;;
12:03:07;12;81;9999;073;999;08;111111111111000000000000;000000000000000000000000;11101000;000;_;e;10;110000000000000000000000;____;01;032;100;016;032;033;071;0425552648;;;;;;;;;;;;;;;;;;;;;;;;;;;;;;;;;;;;;;;;;;;;;;;;;;
12:03:48;12;82;9999;074;999;09;111111111111000000000000;000000000000000000000000;11101000;000;_;e;10;110000000000000000000000;____;01;033;101;012;016;034;063;0425552649;;;;;;;;;;;;;;;;;;;;;;;;;;;;;;;;;;;;;;;;;;;;;;;;;;
12:09:38;12;83;9999;057;999;08;111111111111000000000000;000000000000000000000000;11101000;000;_;e;10;001000001100000000000000;____;09;000;078;016;-01;006;084;0425552660;;;;;;;;;;;;;;;;;;;;;;;;;;;;;;;;;;;;;;;;;;;;;;;;;;
12:10:47;12;84;9999;074;999;09;111111111111000000000000;000000000000000000000000;11101000;000;_;e;10;001111001100000000000000;____;03;055;085;002;030;058;076;0425552826;;;;;;;;;;;;;;;;;;;;;;;;;;;;;;;;;;;;;;;;;;;;;;;;;;
12:14:05;12;85;9999;079;999;09;111111111111000000000000;000000000000000000000000;11101000;000;_;e;10;001101111100000000000000;____;03;043;056;036;027;052;079;0425553008;;;;;;;;;;;;;;;;;;;;;;;;;;;;;;;;;;;;;;;;;;;;;;;;;;
12:27:06;12;86;9999;079;999;09;111111111111000000000000;000000000000000000000000;11101000;000;_;e;10;000011000100000000000000;____;10;017;059;002;014;030;035;0425547963;;;;;;;;;;;;;;;;;;;;;;;;;;;;;;;;;;;;;;;;;;;;;;;;;;
12:34:20;12;87;9999;075;999;09;111111111111000000000000;000000000000000000000000;11101000;000;_;e;10;000010000100000000000000;____;10;054;089;011;029;055;040;0425553016;;;;;;;;;;;;;;;;;;;;;;;;;;;;;;;;;;;;;;;;;;;;;;;;;;
12:36:41;12;88;9999;075;999;09;111111111111000000000000;000000000000000000000000;11101000;000;_;e;10;001100001100000000000000;____;10;024;087;032;023;027;074;0425553017;;;;;;;;;;;;;;;;;;;;;;;;;;;;;;;;;;;;;;;;;;;;;;;;;;
12:47:43;12;89;9999;056;999;09;111111111111000000000000;000000000000000000000000;11101000;000;_;e;10;000000000011000000000000;____;12;007;056;004;006;007;042;0425552855;;;;;;;;;;;;;;;;;;;;;;;;;;;;;;;;;;;;;;;;;;;;;;;;;;
12:55:56;12;90;9999;074;999;08;111111111111000000000000;000000000000000000000000;11101000;000;_;e;10;001101001100000000000000;____;10;041;072;053;041;046;112;0425553023;;;;;;;;;;;;;;;;;;;;;;;;;;;;;;;;;;;;;;;;;;;;;;;;;;
13:22:33;12;91;9999;075;999;09;111111111111000000000000;000000000000000000000000;11101000;000;_;e;10;111100001000000000000000;____;02;052;084;024;031;053;137;0425553035;;;;;;;;;;;;;;;;;;;;;;;;;;;;;;;;;;;;;;;;;;;;;;;;;;
13:26:38;12;92;9999;065;999;09;111111111111000000000000;000000000000000000000000;11101000;000;_;e;10;101111000100000000000000;____;10;-01;078;006;-03;025;115;0425553036;;;;;;;;;;;;;;;;;;;;;;;;;;;;;;;;;;;;;;;;;;;;;;;;;;
13:30:29;12;93;9999;076;999;09;111111111111000000000000;000000000000000000000000;11101000;000;_;e;10;001111000100000000000000;____;06;056;064;031;053;057;080;0425547974;;;;;;;;;;;;;;;;;;;;;;;;;;;;;;;;;;;;;;;;;;;;;;;;;;
14:36:01;12;94;9999;064;999;08;111111111111000000000000;000000000000000000000000;11101000;000;_;e;10;001110001100000000000000;____;10;028;081;049;027;032;092;0425553161;;;;;;;;;;;;;;;;;;;;;;;;;;;;;;;;;;;;;;;;;;;;;;;;;;
14:38:28;12;95;9999;062;999;09;111111111111000000000000;000000000000000000000000;11101000;000;_;e;10;110000000100000000000000;____;02;040;099;022;002;041;042;0425553163;;;;;;;;;;;;;;;;;;;;;;;;;;;;;;;;;;;;;;;;;;;;;;;;;;
14:43:54;12;96;9999;053;999;08;111111111111000000000000;000000000000000000000000;11101000;000;_;e;10;001110000100000000000000;____;10;-13;077;007;-14;-08;076;0425553164;;;;;;;;;;;;;;;;;;;;;;;;;;;;;;;;;;;;;;;;;;;;;;;;;;
14:59:45;12;97;9999;076;999;09;111111111111000000000000;000000000000000000000000;11101000;000;_;e;10;001111001100000000000000;____;10;040;065;036;038;043;086;0425547784;;;;;;;;;;;;;;;;;;;;;;;;;;;;;;;;;;;;;;;;;;;;;;;;;;
15:09:55;12;98;9999;076;999;08;111111111111000000000000;000000000000000000000000;11101000;000;_;e;10;001110001100000000000000;____;04;033;063;040;028;080;156;0425547786;;;;;;;;;;;;;;;;;;;;;;;;;;;;;;;;;;;;;;;;;;;;;;;;;;
15:16:59;12;99;9999;061;999;09;111111111111000000000000;000000000000000000000000;11101000;000;_;e;10;001100000110000000000000;____;04;036;044;013;031;036;052;0425553172;;;;;;;;;;;;;;;;;;;;;;;;;;;;;;;;;;;;;;;;;;;;;;;;;;
15:22:03;12;01;9999;073;999;09;111111111111000000000000;000000000000000000000000;11101000;000;_;e;10;000111111110000000000000;____;07;052;037;009;013;058;094;0425547789;;;;;;;;;;;;;;;;;;;;;;;;;;;;;;;;;;;;;;;;;;;;;;;;;;
15:41:05;12;02;9999;053;999;09;111111111111000000000000;000000000000000000000000;11101000;000;_;e;10;101110001100000000000000;____;10;-11;084;005;-12;022;114;0425552865;;;;;;;;;;;;;;;;;;;;;;;;;;;;;;;;;;;;;;;;;;;;;;;;;;
15:44:59;12;03;9999;073;999;09;111111111111000000000000;000000000000000000000000;11101000;000;_;e;10;000000001000000000000000;____;09;046;061;021;046;046;006;0425553178;;;;;;;;;;;;;;;;;;;;;;;;;;;;;;;;;;;;;;;;;;;;;;;;;;
15:48:50;12;04;9999;065;999;08;111111111111000000000000;000000000000000000000000;11101000;000;_;e;10;110000000000000000000000;____;02;035;099;012;034;040;054;0425547975;;;;;;;;;;;;;;;;;;;;;;;;;;;;;;;;;;;;;;;;;;;;;;;;;;
15:54:32;12;05;9999;053;999;09;111111111111000000000000;000000000000000000000000;11101000;000;_;e;10;000100000100000000000000;____;10;-05;080;008;-06;010;042;0425553039;;;;;;;;;;;;;;;;;;;;;;;;;;;;;;;;;;;;;;;;;;;;;;;;;;
15:54:53;12;06;9999;054;999;09;111111111111000000000000;000000000000000000000000;11101000;000;_;e;10;111110000100000000000000;____;10;-03;085;007;-12;019;092;0425553038;;;;;;;;;;;;;;;;;;;;;;;;;;;;;;;;;;;;;;;;;;;;;;;;;;
15:55:45;12;07;9999;072;999;09;111111111111000000000000;000000000000000000000000;11101000;000;_;e;10;001100001100000000000000;____;03;038;092;046;036;040;092;0425553181;;;;;;;;;;;;;;;;;;;;;;;;;;;;;;;;;;;;;;;;;;;;;;;;;;
15:56:28;12;08;9999;080;999;09;111111111111000000000000;000000000000000000000000;11101000;000;_;e;10;000111001100000000000000;____;04;064;028;019;059;065;090;0425553182;;;;;;;;;;;;;;;;;;;;;;;;;;;;;;;;;;;;;;;;;;;;;;;;;;
15:57:11;12;09;9999;063;999;09;111111111111000000000000;000000000000000000000000;11101000;000;_;e;10;000010110000000000000000;____;08;043;040;023;041;044;047;0425553183;;;;;;;;;;;;;;;;;;;;;;;;;;;;;;;;;;;;;;;;;;;;;;;;;;
16:07:49;12;10;9999;075;999;09;111111111111000000000000;000000000000000000000000;11101000;000;_;e;10;001110000000000000000000;____;04;049;067;023;047;049;054;0425553186;;;;;;;;;;;;;;;;;;;;;;;;;;;;;;;;;;;;;;;;;;;;;;;;;;
16:11:11;12;11;9999;054;999;09;111111111111000000000000;000000000000000000000000;11101000;000;_;e;10;001111001101000000000000;____;10;-09;073;009;-12;021;109;0425553043;;;;;;;;;;;;;;;;;;;;;;;;;;;;;;;;;;;;;;;;;;;;;;;;;;
16:16:15;12;12;9999;083;999;09;111111111111000000000000;000000000000000000000000;11101000;000;_;e;10;001100001000000000000000;____;04;025;073;016;025;029;014;0425553184;;;;;;;;;;;;;;;;;;;;;;;;;;;;;;;;;;;;;;;;;;;;;;;;;;
16:17:54;12;13;9999;075;999;09;111111111111000000000000;000000000000000000000000;11101000;000;_;e;10;001111001100000000000000;____;04;011;080;001;007;064;114;0425553047;;;;;;;;;;;;;;;;;;;;;;;;;;;;;;;;;;;;;;;;;;;;;;;;;;
16:27:26;12;14;9999;057;999;09;111111111111000000000000;000000000000000000000000;11101000;000;_;e;10;000000100010000000000000;____;11;036;055;004;023;036;030;0425553055;;;;;;;;;;;;;;;;;;;;;;;;;;;;;;;;;;;;;;;;;;;;;;;;;;
16:27:53;12;15;9999;052;999;09;111111111111000000000000;000000000000000000000000;11101000;000;_;e;10;011100001000000000000000;____;03;024;089;033;023;027;040;0425548483;;;;;;;;;;;;;;;;;;;;;;;;;;;;;;;;;;;;;;;;;;;;;;;;;;
16:28:18;12;16;9999;085;999;09;111111111111000000000000;000000000000000000000000;11101000;000;_;e;10;111100000101000000000000;____;04;034;087;000;012;068;146;0425553056;;;;;;;;;;;;;;;;;;;;;;;;;;;;;;;;;;;;;;;;;;;;;;;;;;
16:28:52;12;17;9999;051;999;09;111111111111000000000000;000000000000000000000000;11101000;000;_;e;10;000000000010000000000000;____;11;025;054;004;024;025;027;0425553057;;;;;;;;;;;;;;;;;;;;;;;;;;;;;;;;;;;;;;;;;;;;;;;;;;
16:29:26;12;18;9999;054;999;09;111111111111000000000000;000000000000000000000000;11101000;000;_;e;10;000000000010000000000000;____;11;026;056;004;026;026;035;0425553059;;;;;;;;;;;;;;;;;;;;;;;;;;;;;;;;;;;;;;;;;;;;;;;;;;
16:34:39;12;19;9999;054;999;09;111111111111000000000000;000000000000000000000000;11101000;000;_;e;10;100001000000000000000000;____;01;025;100;017;025;030;064;0425553191;;;;;;;;;;;;;;;;;;;;;;;;;;;;;;;;;;;;;;;;;;;;;;;;;;
16:45:41;12;20;9999;078;999;09;111111111111000000000000;000000000000000000000000;11101000;000;_;e;10;001101001100000000000000;____;04;033;072;025;026;033;058;0425553064;;;;;;;;;;;;;;;;;;;;;;;;;;;;;;;;;;;;;;;;;;;;;;;;;;
16:48:47;12;21;9999;064;999;09;111111111111000000000000;000000000000000000000000;11101000;000;_;e;10;000011001101000000000000;____;10;-10;072;009;-14;008;088;0425552881;;;;;;;;;;;;;;;;;;;;;;;;;;;;;;;;;;;;;;;;;;;;;;;;;;
16:50:43;12;22;9999;075;999;08;111111111111000000000000;000000000000000000000000;11101000;000;_;e;10;001111001100000000000000;____;10;036;072;028;033;073;083;0425552882;;;;;;;;;;;;;;;;;;;;;;;;;;;;;;;;;;;;;;;;;;;;;;;;;;
16:53:38;12;23;9999;075;999;08;111111111111000000000000;000000000000000000000000;11101000;000;_;e;10;110100000000000000000000;____;02;038;089;025;034;038;034;0425553066;;;;;;;;;;;;;;;;;;;;;;;;;;;;;;;;;;;;;;;;;;;;;;;;;;
17:00:50;12;24;9999;064;999;09;111111111111000000000000;000000000000000000000000;11101000;000;_;e;10;000000000010000000000000;____;11;039;050;004;039;039;034;0425548489;;;;;;;;;;;;;;;;;;;;;;;;;;;;;;;;;;;;;;;;;;;;;;;;;;
17:09:28;12;25;9999;061;999;09;111111111111000000000000;000000000000000000000000;11101000;000;_;e;10;110000000000000000000000;____;01;032;100;021;008;033;033;0425552887;;;;;;;;;;;;;;;;;;;;;;;;;;;;;;;;;;;;;;;;;;;;;;;;;;
17:09:37;12;26;9999;076;672;09;111111111111000000000000;000000000000000000000000;11101000;000;_;e;10;001111001100000000000000;____;10;073;073;020;019;076;156;0425558302;;;;;;;;;;;;;;;;;;;;;;;;;;;;;;;;;;;;;;;;;;;;;;;;;;
17:17:23;12;27;9999;051;999;08;111111111111000000000000;000000000000000000000000;11101000;000;_;e;10;000000110000000000000000;____;07;036;054;014;034;036;042;0425558306;;;;;;;;;;;;;;;;;;;;;;;;;;;;;;;;;;;;;;;;;;;;;;;;;;
17:18:57;12;28;9999;058;999;08;111111111111000000000000;000000000000000000000000;11101000;000;_;e;10;001111110101000000000000;____;08;030;049;011;025;031;111;0425553070;;;;;;;;;;;;;;;;;;;;;;;;;;;;;;;;;;;;;;;;;;;;;;;;;;
17:19:27;12;29;9999;074;999;09;111111111111000000000000;000000000000000000000000;11101000;000;_;e;10;010110000000000000000000;____;02;039;090;025;039;051;061;0425553069;;;;;;;;;;;;;;;;;;;;;;;;;;;;;;;;;;;;;;;;;;;;;;;;;;
17:23:52;12;30;9999;051;999;09;111111111111000000000000;000000000000000000000000;11101000;000;_;e;10;001111101100000000000000;____;05;033;041;012;030;038;084;0425557415;;;;;;;;;;;;;;;;;;;;;;;;;;;;;;;;;;;;;;;;;;;;;;;;;;
17:25:22;12;31;9999;074;999;09;111111111111000000000000;000000000000000000000000;11101000;000;_;e;10;111100001100000000000000;____;10;037;074;036;033;042;056;0425558212;;;;;;;;;;;;;;;;;;;;;;;;;;;;;;;;;;;;;;;;;;;;;;;;;;
17:28:14;12;32;9999;075;999;09;111111111111000000000000;000000000000000000000000;11101000;000;_;e;10;001110001100000000000000;____;03;029;057;030;024;042;133;0425558310;;;;;;;;;;;;;;;;;;;;;;;;;;;;;;;;;;;;;;;;;;;;;;;;;;
17:53:27;12;33;9999;075;999;09;111111111111000000000000;000000000000000000000000;11101000;000;_;e;10;001011000100000000000000;____;05;043;077;025;042;047;053;0425558322;;;;;;;;;;;;;;;;;;;;;;;;;;;;;;;;;;;;;;;;;;;;;;;;;;
17:59:29;12;34;9999;076;999;09;111111111111000000000000;000000000000000000000000;11101000;000;_;e;10;001110001000000000000000;____;03;032;061;031;030;035;038;0425558331;;;;;;;;;;;;;;;;;;;;;;;;;;;;;;;;;;;;;;;;;;;;;;;;;;
17:59:34;12;35;9999;078;269;05;111111111111000000000000;000000000000000000000000;11101000;000;_;e;10;001100001100000000000000;____;04;034;058;034;029;034;139;0425558330;;;;;;;;;;;;;;;;;;;;;;;;;;;;;;;;;;;;;;;;;;;;;;;;;;
18:01:28;12;36;9999;074;999;09;111111111111000000000000;000000000000000000000000;11101000;000;_;e;10;001110101100000000000000;____;03;040;056;036;017;043;108;0425558332;;;;;;;;;;;;;;;;;;;;;;;;;;;;;;;;;;;;;;;;;;;;;;;;;;
18:02:10;12;37;9999;054;999;09;111111111111000000000000;000000000000000000000000;11101000;000;_;e;10;110000000000000000000000;____;02;028;099;012;002;031;057;0425547995;;;;;;;;;;;;;;;;;;;;;;;;;;;;;;;;;;;;;;;;;;;;;;;;;;
18:06:24;12;38;9999;075;999;09;111111111111000000000000;000000000000000000000000;11101000;000;_;e;10;111100000100000000000000;____;04;038;080;021;034;041;096;0425558334;;;;;;;;;;;;;;;;;;;;;;;;;;;;;;;;;;;;;;;;;;;;;;;;;;
18:13:10;12;39;9999;074;999;09;111111111111000000000000;000000000000000000000000;11101000;000;_;e;10;001111001100000000000000;____;09;051;074;049;025;051;097;0425558335;;;;;;;;;;;;;;;;;;;;;;;;;;;;;;;;;;;;;;;;;;;;;;;;;;
18:20:56;12;40;9999;064;999;08;111111111111000000000000;000000000000000000000000;11101000;000;_;e;10;110000000100000000000000;____;01;037;101;015;000;038;063;0425558818;;;;;;;;;;;;;;;;;;;;;;;;;;;;;;;;;;;;;;;;;;;;;;;;;;
18:21:26;12;41;9999;075;999;09;111111111111000000000000;000000000000000000000000;11101000;000;_;e;10;110011101000000000000000;____;05;050;067;036;029;054;114;0425558338;;;;;;;;;;;;;;;;;;;;;;;;;;;;;;;;;;;;;;;;;;;;;;;;;;
18:26:38;12;42;9999;063;999;08;111111111111000000000000;000000000000000000000000;11101000;000;_;e;10;110000000000000000000000;____;01;040;101;014;039;041;044;0425558341;;;;;;;;;;;;;;;;;;;;;;;;;;;;;;;;;;;;;;;;;;;;;;;;;;
18:29:30;12;43;9999;074;999;09;111111111111000000000000;000000000000000000000000;11101000;000;_;e;10;000001000000000000000000;____;06;004;057;015;004;006;029;0425558131;;;;;;;;;;;;;;;;;;;;;;;;;;;;;;;;;;;;;;;;;;;;;;;;;;
18:32:03;12;44;9999;057;999;09;111111111111000000000000;000000000000000000000000;11101000;000;_;e;10;110000000000000000000000;____;01;031;099;011;031;033;062;0425558227;;;;;;;;;;;;;;;;;;;;;;;;;;;;;;;;;;;;;;;;;;;;;;;;;;
18:32:55;12;45;9999;057;999;09;111111111111000000000000;000000000000000000000000;11101000;000;_;e;10;000010110000000000000000;____;08;031;051;014;029;034;027;0425558228;;;;;;;;;;;;;;;;;;;;;;;;;;;;;;;;;;;;;;;;;;;;;;;;;;
18:44:18;12;46;9999;077;999;09;111111111111000000000000;000000000000000000000000;11101000;000;_;e;10;001111001100000000000000;____;04;049;071;040;045;054;097;0425558349;;;;;;;;;;;;;;;;;;;;;;;;;;;;;;;;;;;;;;;;;;;;;;;;;;
18:45:42;12;47;9999;072;999;08;111111111111000000000000;000000000000000000000000;11101000;000;_;e;10;111000000000000000000000;____;02;042;098;015;041;047;053;0425558350;;;;;;;;;;;;;;;;;;;;;;;;;;;;;;;;;;;;;;;;;;;;;;;;;;
18:48:16;12;48;9999;059;999;09;111111111111000000000000;000000000000000000000000;11101000;000;_;e;10;000000100010000000000000;____;11;030;049;004;027;036;008;0425558230;;;;;;;;;;;;;;;;;;;;;;;;;;;;;;;;;;;;;;;;;;;;;;;;;;
18:53:29;12;49;9999;074;999;08;111111111111000000000000;000000000000000000000000;11101000;000;_;e;10;001111001100000000000000;____;09;037;072;043;014;038;130;0425559607;;;;;;;;;;;;;;;;;;;;;;;;;;;;;;;;;;;;;;;;;;;;;;;;;;
18:53:50;12;50;9999;073;999;09;111111111111000000000000;000000000000000000000000;11101000;000;_;e;10;000000000101000000000000;____;10;001;076;009;-08;001;037;0425559611;;;;;;;;;;;;;;;;;;;;;;;;;;;;;;;;;;;;;;;;;;;;;;;;;;
18:54:12;12;51;9999;076;999;09;111111111111000000000000;000000000000000000000000;11101000;000;_;e;10;001100000100000000000000;____;10;-06;076;022;-12;000;092;0425559610;;;;;;;;;;;;;;;;;;;;;;;;;;;;;;;;;;;;;;;;;;;;;;;;;;
18:58:03;12;52;9999;074;999;09;111111111111000000000000;000000000000000000000000;11101000;000;_;e;10;001111001100000000000000;____;03;061;078;001;035;064;080;0425558356;;;;;;;;;;;;;;;;;;;;;;;;;;;;;;;;;;;;;;;;;;;;;;;;;;
19:04:49;12;53;9999;052;999;09;111111111111000000000000;000000000000000000000000;11101000;000;_;e;10;111100000000000000000000;____;01;026;097;014;023;028;092;0425558139;;;;;;;;;;;;;;;;;;;;;;;;;;;;;;;;;;;;;;;;;;;;;;;;;;
19:07:20;12;54;9999;053;999;09;111111111111000000000000;000000000000000000000000;11101000;000;_;e;10;000011110101000000000000;____;06;023;056;012;022;027;055;0425558372;;;;;;;;;;;;;;;;;;;;;;;;;;;;;;;;;;;;;;;;;;;;;;;;;;
19:07:45;12;55;9999;075;999;09;111111111111000000000000;000000000000000000000000;11101000;000;_;e;10;001100110000000000000000;____;07;039;058;045;037;053;085;0425558370;;;;;;;;;;;;;;;;;;;;;;;;;;;;;;;;;;;;;;;;;;;;;;;;;;
19:23:47;12;56;9999;056;999;09;111111111111000000000000;000000000000000000000000;11101000;000;_;e;10;001001000100000000000000;____;10;016;074;026;016;017;007;0425558374;;;;;;;;;;;;;;;;;;;;;;;;;;;;;;;;;;;;;;;;;;;;;;;;;;
19:38:55;12;57;9999;063;999;09;111111111111000000000000;000000000000000000000000;11101000;000;_;e;10;110000000000000000000000;____;01;035;100;010;033;036;056;0425558236;;;;;;;;;;;;;;;;;;;;;;;;;;;;;;;;;;;;;;;;;;;;;;;;;;
19:40:19;12;58;9999;076;999;09;111111111111000000000000;000000000000000000000000;11101000;000;_;e;10;000111001100000000000000;____;05;038;054;021;029;041;110;0425552721;;;;;;;;;;;;;;;;;;;;;;;;;;;;;;;;;;;;;;;;;;;;;;;;;;
19:43:06;12;59;9999;075;999;08;111111111111000000000000;000000000000000000000000;11101000;000;_;e;10;000010101000000000000000;____;07;041;038;025;037;041;013;0425552723;;;;;;;;;;;;;;;;;;;;;;;;;;;;;;;;;;;;;;;;;;;;;;;;;;
19:48:14;12;60;9999;068;999;09;111111111111000000000000;000000000000000000000000;11101000;000;_;e;10;101001000100000000000000;____;10;003;078;004;003;040;017;0425558375;;;;;;;;;;;;;;;;;;;;;;;;;;;;;;;;;;;;;;;;;;;;;;;;;;
19:50:05;12;61;9999;068;999;09;111111111111000000000000;000000000000000000000000;11101000;000;_;e;10;001111001100000000000000;____;10;-10;079;013;-14;-04;093;0425552725;;;;;;;;;;;;;;;;;;;;;;;;;;;;;;;;;;;;;;;;;;;;;;;;;;
19:51:09;12;62;9999;075;999;09;111111111111000000000000;000000000000000000000000;11101000;000;_;e;10;001111111100000000000000;____;06;048;063;031;035;050;134;0425552892;;;;;;;;;;;;;;;;;;;;;;;;;;;;;;;;;;;;;;;;;;;;;;;;;;
19:58:21;12;63;9999;073;999;09;111111111111000000000000;000000000000000000000000;11101000;000;_;e;10;001110001100000000000000;____;05;052;072;014;023;059;059;0425552729;;;;;;;;;;;;;;;;;;;;;;;;;;;;;;;;;;;;;;;;;;;;;;;;;;
19:59:21;12;64;9999;074;999;09;111111111111000000000000;000000000000000000000000;11101000;000;_;e;10;001111101100000000000000;____;05;043;060;030;041;050;207;0425552728;;;;;;;;;;;;;;;;;;;;;;;;;;;;;;;;;;;;;;;;;;;;;;;;;;
20:07:50;12;65;9999;074;999;09;111111111111000000000000;000000000000000000000000;11101000;000;_;e;10;001011001100000000000000;____;03;065;073;005;026;068;046;0425560302;;;;;;;;;;;;;;;;;;;;;;;;;;;;;;;;;;;;;;;;;;;;;;;;;;
20:08:15;12;66;9999;063;999;09;111111111111000000000000;000000000000000000000000;11101000;000;_;e;10;110000000000000000000000;____;02;033;098;012;023;035;062;0425560300;;;;;;;;;;;;;;;;;;;;;;;;;;;;;;;;;;;;;;;;;;;;;;;;;;
20:08:24;12;67;9999;078;726;09;111111111111000000000000;000000000000000000000000;11101000;000;_;e;10;001100001000000000000000;____;03;065;077;008;029;067;061;0425560303;;;;;;;;;;;;;;;;;;;;;;;;;;;;;;;;;;;;;;;;;;;;;;;;;;
20:22:23;12;68;9999;076;999;08;111111111111000000000000;000000000000000000000000;11101000;000;_;e;10;001111001100000000000000;____;09;065;081;039;055;074;118;0425560305;;;;;;;;;;;;;;;;;;;;;;;;;;;;;;;;;;;;;;;;;;;;;;;;;;
20:27:24;12;69;9999;074;999;09;111111111111000000000000;000000000000000000000000;11101000;000;_;e;10;001110000100000000000000;____;04;026;072;020;018;030;053;0425553075;;;;;;;;;;;;;;;;;;;;;;;;;;;;;;;;;;;;;;;;;;;;;;;;;;
20:32:02;12;70;9999;076;999;09;111111111111000000000000;000000000000000000000000;11101000;000;_;e;10;001110000100000000000000;____;04;072;067;004;047;073;030;0425552893;;;;;;;;;;;;;;;;;;;;;;;;;;;;;;;;;;;;;;;;;;;;;;;;;;
20:40:49;12;71;9999;076;999;09;111111111111000000000000;000000000000000000000000;11101000;000;_;e;10;001111001000000000000000;____;05;056;053;025;049;059;103;0425553084;;;;;;;;;;;;;;;;;;;;;;;;;;;;;;;;;;;;;;;;;;;;;;;;;;
20:44:05;12;72;9999;075;999;09;111111111111000000000000;000000000000000000000000;11101000;000;_;e;10;001100010000000000000000;____;03;055;050;023;038;059;016;0425560507;;;;;;;;;;;;;;;;;;;;;;;;;;;;;;;;;;;;;;;;;;;;;;;;;;
20:46:52;12;73;9999;058;999;08;111111111111000000000000;000000000000000000000000;11101000;000;_;e;10;000000000100000000000000;____;10;041;101;030;041;041;028;0425560511;;;;;;;;;;;;;;;;;;;;;;;;;;;;;;;;;;;;;;;;;;;;;;;;;;
20:47:56;12;74;9999;078;999;09;111111111111000000000000;000000000000000000000000;11101000;000;_;e;10;001111001100000000000000;____;03;026;057;047;019;031;153;0425552895;;;;;;;;;;;;;;;;;;;;;;;;;;;;;;;;;;;;;;;;;;;;;;;;;;
20:49:22;12;75;9999;077;999;08;111111111111000000000000;000000000000000000000000;11101000;000;_;e;10;110100000100000000000000;____;01;034;099;022;007;040;062;0425552896;;;;;;;;;;;;;;;;;;;;;;;;;;;;;;;;;;;;;;;;;;;;;;;;;;
20:51:48;12;76;9999;074;999;09;111111111111000000000000;000000000000000000000000;11010000;000;_;;;;;;;;;;;;;;;;;;;;;;;;;;;;;;;;;;;;;;;;;;;;;;;;;;;;;;;;;;;;;;
20:56:47;12;77;9999;076;999;09;111111111111000000000000;000000000000000000000000;11101000;000;_;e;10;000011110100000000000000;____;07;032;049;026;026;032;148;0425560313;;;;;;;;;;;;;;;;;;;;;;;;;;;;;;;;;;;;;;;;;;;;;;;;;;
21:03:03;12;78;9999;059;999;09;111111111111000000000000;000000000000000000000000;11101000;000;_;e;10;001001101100000000000000;____;07;012;054;015;010;050;062;0425553087;;;;;;;;;;;;;;;;;;;;;;;;;;;;;;;;;;;;;;;;;;;;;;;;;;
21:03:25;12;79;9999;057;999;09;111111111111000000000000;000000000000000000000000;11101000;000;_;e;10;001111000100000000000000;____;10;-06;079;004;-07;003;110;0425552756;;;;;;;;;;;;;;;;;;;;;;;;;;;;;;;;;;;;;;;;;;;;;;;;;;
21:05:20;12;80;9999;069;999;09;111111111111000000000000;000000000000000000000000;11101000;000;_;e;10;111100001101000000000000;____;10;-05;079;005;-05;018;183;0425553093;;;;;;;;;;;;;;;;;;;;;;;;;;;;;;;;;;;;;;;;;;;;;;;;;;
21:07:55;12;81;9999;081;999;09;111111111111000000000000;000000000000000000000000;11101000;000;_;e;10;001111001000000000000000;____;09;066;060;033;057;066;063;0425560521;;;;;;;;;;;;;;;;;;;;;;;;;;;;;;;;;;;;;;;;;;;;;;;;;;
21:17:46;12;82;9999;080;999;09;111111111111000000000000;000000000000000000000000;11101000;000;_;e;10;000001010100000000000000;____;08;028;042;020;027;053;010;0425552760;;;;;;;;;;;;;;;;;;;;;;;;;;;;;;;;;;;;;;;;;;;;;;;;;;
21:22:45;12;83;9999;075;999;09;111111111111000000000000;000000000000000000000000;11101000;000;_;e;10;101011111100000000000000;____;07;048;047;027;022;050;074;0425560319;;;;;;;;;;;;;;;;;;;;;;;;;;;;;;;;;;;;;;;;;;;;;;;;;;
21:24:19;12;84;9999;074;999;09;111111111111000000000000;000000000000000000000000;11101000;000;_;e;10;000100000100000000000000;____;10;-06;076;018;-06;-03;051;0425560321;;;;;;;;;;;;;;;;;;;;;;;;;;;;;;;;;;;;;;;;;;;;;;;;;;
21:25:49;12;85;9999;064;999;09;111111111111000000000000;000000000000000000000000;11101000;000;_;e;10;001111001001000000000000;____;04;002;065;013;-07;003;059;0425560526;;;;;;;;;;;;;;;;;;;;;;;;;;;;;;;;;;;;;;;;;;;;;;;;;;
21:26:27;12;86;9999;068;999;09;111111111111000000000000;000000000000000000000000;11101000;000;_;e;10;110000000000000000000000;____;01;049;101;016;049;051;052;0425560323;;;;;;;;;;;;;;;;;;;;;;;;;;;;;;;;;;;;;;;;;;;;;;;;;;
21:26:35;12;87;9999;058;643;09;111111111111000000000000;000000000000000000000000;11101000;000;_;e;10;101110000101000000000000;____;03;001;085;024;-12;013;087;0425553098;;;;;;;;;;;;;;;;;;;;;;;;;;;;;;;;;;;;;;;;;;;;;;;;;;
21:28:01;12;88;9999;046;999;09;111111111111000000000000;000000000000000000000000;11101000;000;_;e;10;101000001000000000000000;____;01;054;088;005;051;056;091;0425553099;;;;;;;;;;;;;;;;;;;;;;;;;;;;;;;;;;;;;;;;;;;;;;;;;;
21:29:05;12;89;9999;053;999;09;111111111111000000000000;000000000000000000000000;11101000;000;_;e;10;111010000000000000000000;____;01;024;099;022;023;026;068;0425557448;;;;;;;;;;;;;;;;;;;;;;;;;;;;;;;;;;;;;;;;;;;;;;;;;;
21:30:10;12;90;9999;053;999;09;111111111111000000000000;000000000000000000000000;11101000;000;_;e;10;001110000100000000000000;____;10;-07;079;002;-11;013;119;0425557449;;;;;;;;;;;;;;;;;;;;;;;;;;;;;;;;;;;;;;;;;;;;;;;;;;
21:30:19;12;91;9999;074;736;08;111111111111000000000000;000000000000000000000000;11101000;000;_;e;10;001111101100000000000000;____;03;016;080;044;005;061;179;0425560525;;;;;;;;;;;;;;;;;;;;;;;;;;;;;;;;;;;;;;;;;;;;;;;;;;
21:30:40;12;92;9999;074;999;09;111111111111000000000000;000000000000000000000000;11101000;000;_;e;10;001111001100000000000000;____;10;044;077;040;040;061;130;0425560523;;;;;;;;;;;;;;;;;;;;;;;;;;;;;;;;;;;;;;;;;;;;;;;;;;
21:30:52;12;93;9999;059;956;09;111111111111000000000000;000000000000000000000000;11101000;000;_;e;10;110000000000000000000000;____;01;032;098;009;032;035;062;0425557450;;;;;;;;;;;;;;;;;;;;;;;;;;;;;;;;;;;;;;;;;;;;;;;;;;
21:31:23;12;94;9999;077;999;08;111111111111000000000000;000000000000000000000000;11101000;000;_;e;10;000000010000000000000000;____;08;067;048;021;067;069;008;0425560524;;;;;;;;;;;;;;;;;;;;;;;;;;;;;;;;;;;;;;;;;;;;;;;;;;
21:35:27;12;95;9999;054;999;09;111111111111000000000000;000000000000000000000000;11101000;000;_;e;10;000000000100000000000000;____;10;-02;071;018;-02;-02;038;0425560528;;;;;;;;;;;;;;;;;;;;;;;;;;;;;;;;;;;;;;;;;;;;;;;;;;
21:36:35;12;96;9999;076;999;09;111111111111000000000000;000000000000000000000000;11101000;000;_;e;10;001110100100000000000000;____;03;032;079;027;026;036;077;0425552762;;;;;;;;;;;;;;;;;;;;;;;;;;;;;;;;;;;;;;;;;;;;;;;;;;
21:40:09;12;97;9999;055;999;09;111111111111000000000000;000000000000000000000000;11101000;000;_;e;10;001111001001000000000000;____;09;059;080;002;032;062;080;0425557451;;;;;;;;;;;;;;;;;;;;;;;;;;;;;;;;;;;;;;;;;;;;;;;;;;
21:42:55;12;98;9999;052;999;09;111111111111000000000000;000000000000000000000000;11101000;000;_;e;10;001111001100000000000000;____;10;-13;081;022;-14;032;089;0425560332;;;;;;;;;;;;;;;;;;;;;;;;;;;;;;;;;;;;;;;;;;;;;;;;;;
21:48:29;12;99;9999;075;999;09;111111111111000000000000;000000000000000000000000;11101000;000;_;e;10;101110000100000000000000;____;04;042;074;028;037;044;058;0425557453;;;;;;;;;;;;;;;;;;;;;;;;;;;;;;;;;;;;;;;;;;;;;;;;;;
21:53:46;12;01;9999;046;999;09;111111111111000000000000;000000000000000000000000;11101000;000;_;e;10;000011100101000000000000;____;10;-13;073;018;-14;-06;091;0425557456;;;;;;;;;;;;;;;;;;;;;;;;;;;;;;;;;;;;;;;;;;;;;;;;;;
21:55:07;12;02;9999;055;999;09;111111111111000000000000;000000000000000000000000;11101000;000;_;e;10;000011110000000000000000;____;07;034;058;014;031;036;068;0425557455;;;;;;;;;;;;;;;;;;;;;;;;;;;;;;;;;;;;;;;;;;;;;;;;;;
21:59:37;12;03;9999;076;999;09;111111111111000000000000;000000000000000000000000;11101000;000;_;e;10;001111001100000000000000;____;09;043;051;027;035;045;116;0425560544;;;;;;;;;;;;;;;;;;;;;;;;;;;;;;;;;;;;;;;;;;;;;;;;;;
22:00:02;12;04;9999;054;999;09;111111111111000000000000;000000000000000000000000;11101000;000;_;e;10;110110100100000000000000;____;07;030;066;029;-11;033;094;0425560545;;;;;;;;;;;;;;;;;;;;;;;;;;;;;;;;;;;;;;;;;;;;;;;;;;
22:05:41;12;05;9999;074;999;09;111111111111000000000000;000000000000000000000000;11101000;000;_;e;10;001111001100000000000000;____;10;030;072;025;023;055;136;0425559633;;;;;;;;;;;;;;;;;;;;;;;;;;;;;;;;;;;;;;;;;;;;;;;;;;
22:07:06;12;06;9999;060;999;09;111111111111000000000000;000000000000000000000000;11101000;000;_;e;10;001100000100000000000000;____;10;009;082;020;007;019;083;0425558849;;;;;;;;;;;;;;;;;;;;;;;;;;;;;;;;;;;;;;;;;;;;;;;;;;
22:09:36;12;07;9999;074;999;09;111111111111000000000000;000000000000000000000000;11010000;000;_;;;;;;;;;;;;;;;;;;;;;;;;;;;;;;;;;;;;;;;;;;;;;;;;;;;;;;;;;;;;;;
22:12:36;12;08;9999;060;999;09;111111111111000000000000;000000000000000000000000;11101000;000;_;e;10;001011001100000000000000;____;03;003;071;013;-06;030;052;0425558850;;;;;;;;;;;;;;;;;;;;;;;;;;;;;;;;;;;;;;;;;;;;;;;;;;
22:24:43;12;09;9999;060;999;09;111111111111000000000000;000000000000000000000000;11101000;000;_;e;10;110000000000000000000000;____;01;034;102;009;032;035;040;0425560550;;;;;;;;;;;;;;;;;;;;;;;;;;;;;;;;;;;;;;;;;;;;;;;;;;
22:30:28;12;10;9999;047;999;09;111111111111000000000000;000000000000000000000000;11101000;000;_;e;10;001000001000000000000000;____;09;046;070;006;044;046;029;0425558852;;;;;;;;;;;;;;;;;;;;;;;;;;;;;;;;;;;;;;;;;;;;;;;;;;
22:40:57;12;11;9999;075;999;09;111111111111000000000000;000000000000000000000000;11010000;000;_;;;;;;;;;;;;;;;;;;;;;;;;;;;;;;;;;;;;;;;;;;;;;;;;;;;;;;;;;;;;;;
23:01:32;12;12;9999;043;999;09;111111111111000000000000;000000000000000000000000;11101000;000;_;e;10;110000000001000000000000;____;01;030;102;010;016;031;052;0425559645;;;;;;;;;;;;;;;;;;;;;;;;;;;;;;;;;;;;;;;;;;;;;;;;;;
23:02:22;12;13;9999;079;999;08;111111111111000000000000;000000000000000000000000;11101000;000;_;e;10;111000000000000000000000;____;03;037;095;033;017;039;050;0425559646;;;;;;;;;;;;;;;;;;;;;;;;;;;;;;;;;;;;;;;;;;;;;;;;;;
23:05:35;12;14;9999;066;999;09;111111111111000000000000;000000000000000000000000;11101000;000;_;e;10;100000000000000000000000;____;01;020;098;034;020;020;009;0425560553;;;;;;;;;;;;;;;;;;;;;;;;;;;;;;;;;;;;;;;;;;;;;;;;;;
