RDT400 Server V3.30
Site: 
System: Barcode scanner PLC02 (Sick); System type: OPS
Date: 01-01-2025  00:00:14
Date    ;ID;CT;IDX ;TLE;TGA;V ;DEVICE LIST             ;ERROR LIST              ;OUTPUT  ;ENR;R;CODE1 ID;LENGTH;READ LIST;RES;CLV ID;XPOS;YPOS;ZPOS;XMIN;XMAX;CS;CODE CONTENT;XPOS;YPOS;ZPOS;XMIN;XMAX;CS;CODE CONTENT;CODE2 ID;LENGTH;READ LIST;RES;CLV ID;XPOS;YPOS;ZPOS;XMIN;XMAX;CS;CODE CONTENT;XPOS;YPOS;ZPOS;XMIN;XMAX;CS;CODE CONTENT;CODE3 ID;LENGTH;READ LIST;RES;CLV ID;XPOS;YPOS;ZPOS;XMIN;XMAX;CS;CODE CONTENT;XPOS;YPOS;ZPOS;XMIN;XMAX;CS;CODE CONTENT;INFO1;INFO2;CUSTOM1;CUSTOM2;
04:19:59;12;31;9999;074;999;09;111111111111000000000000;000000000000000000000000;11101000;000;_;e;10;001111000000000000000000;____;04;049;075;027;042;049;036;0425736275;;;;;;;;;;;;;;;;;;;;;;;;;;;;;;;;;;;;;;;;;;;;;;;;;;
04:29:51;12;32;9999;077;999;09;111111111111000000000000;000000000000000000000000;11101000;000;_;e;10;000110001000000000000000;____;09;058;066;004;027;061;051;0425736590;;;;;;;;;;;;;;;;;;;;;;;;;;;;;;;;;;;;;;;;;;;;;;;;;;
04:30:48;12;33;9999;075;999;09;111111111111000000000000;000000000000000000000000;11101000;000;_;e;10;110000000000000000000000;____;01;037;102;011;035;038;045;0425732578;;;;;;;;;;;;;;;;;;;;;;;;;;;;;;;;;;;;;;;;;;;;;;;;;;
04:33:33;12;34;9999;078;999;08;111111111111000000000000;000000000000000000000000;11101000;000;_;e;10;001111000111000000000000;____;03;-06;057;009;-09;010;147;0425727286;;;;;;;;;;;;;;;;;;;;;;;;;;;;;;;;;;;;;;;;;;;;;;;;;;
04:49:53;12;35;9999;067;999;09;111111111111000000000000;000000000000000000000000;11101000;000;_;e;10;110100000000000000000000;____;01;037;103;009;036;041;054;0425738751;;;;;;;;;;;;;;;;;;;;;;;;;;;;;;;;;;;;;;;;;;;;;;;;;;
04:56:13;12;36;9999;073;999;08;111111111111000000000000;000000000000000000000000;11101000;000;_;e;10;110000001101000000000000;____;01;037;100;021;016;038;057;0425736291;;;;;;;;;;;;;;;;;;;;;;;;;;;;;;;;;;;;;;;;;;;;;;;;;;
04:59:34;12;37;9999;075;999;08;111111111111000000000000;000000000000000000000000;11101000;000;_;e;10;001111000100000000000000;____;06;044;069;033;041;045;057;0425738752;;;;;;;;;;;;;;;;;;;;;;;;;;;;;;;;;;;;;;;;;;;;;;;;;;
05:03:32;12;38;9999;069;999;09;111111111111000000000000;000000000000000000000000;11101000;000;_;e;10;110000000000000000000000;____;01;039;098;013;039;040;061;0425738833;;;;;;;;;;;;;;;;;;;;;;;;;;;;;;;;;;;;;;;;;;;;;;;;;;
05:25:33;12;39;9999;074;999;09;111111111111000000000000;000000000000000000000000;11101000;000;_;e;10;001100001100000000000000;____;03;047;078;049;045;052;050;0425727297;;;;;;;;;;;;;;;;;;;;;;;;;;;;;;;;;;;;;;;;;;;;;;;;;;
05:31:49;12;40;9999;078;999;09;111111111111000000000000;000000000000000000000000;11101000;000;_;e;10;000101001101000000000000;____;04;-06;078;022;-09;010;075;0425727299;;;;;;;;;;;;;;;;;;;;;;;;;;;;;;;;;;;;;;;;;;;;;;;;;;
05:33:08;12;41;9999;058;999;09;111111111111000000000000;000000000000000000000000;11101000;000;_;e;10;000111001110000000000000;____;05;037;043;006;031;042;107;0425701256;;;;;;;;;;;;;;;;;;;;;;;;;;;;;;;;;;;;;;;;;;;;;;;;;;
05:33:39;12;42;9999;075;999;09;111111111111000000000000;000000000000000000000000;11101000;000;_;e;10;111100001000000000000000;____;02;041;097;022;019;046;057;0425736299;;;;;;;;;;;;;;;;;;;;;;;;;;;;;;;;;;;;;;;;;;;;;;;;;;
05:42:21;12;43;9999;075;999;09;111111111111000000000000;000000000000000000000000;11101000;000;_;e;10;111100001100000000000000;____;03;042;076;037;040;046;085;0425736794;;;;;;;;;;;;;;;;;;;;;;;;;;;;;;;;;;;;;;;;;;;;;;;;;;
05:47:57;12;44;9999;056;999;08;111111111111000000000000;000000000000000000000000;11010000;000;_;;;;;;;;;;;;;;;;;;;;;;;;;;;;;;;;;;;;;;;;;;;;;;;;;;;;;;;;;;;;;;
05:48:44;12;45;9999;060;999;08;111111111111000000000000;000000000000000000000000;11101000;000;_;e;10;110000000000000000000000;____;01;026;099;010;026;029;067;0425723307;;;;;;;;;;;;;;;;;;;;;;;;;;;;;;;;;;;;;;;;;;;;;;;;;;
05:49:55;12;46;9999;075;999;09;111111111111000000000000;000000000000000000000000;11101000;000;_;e;10;101100001000000000000000;____;04;036;092;018;036;038;086;0425738838;;;;;;;;;;;;;;;;;;;;;;;;;;;;;;;;;;;;;;;;;;;;;;;;;;
05:52:24;12;47;9999;075;999;09;111111111111000000000000;000000000000000000000000;11101000;000;_;e;10;001110001000000000000000;____;09;006;068;012;003;008;072;0425723611;;;;;;;;;;;;;;;;;;;;;;;;;;;;;;;;;;;;;;;;;;;;;;;;;;
05:52:29;12;48;9999;068;353;09;111111111111000000000000;000000000000000000000000;11101000;000;_;e;10;110000000000000000000000;____;01;041;102;008;040;043;041;0425723610;;;;;;;;;;;;;;;;;;;;;;;;;;;;;;;;;;;;;;;;;;;;;;;;;;
05:54:02;12;49;9999;065;999;09;111111111111000000000000;000000000000000000000000;11101000;000;_;e;10;110000000000000000000000;____;01;030;100;007;028;032;055;0425723613;;;;;;;;;;;;;;;;;;;;;;;;;;;;;;;;;;;;;;;;;;;;;;;;;;
05:54:49;12;50;9999;056;999;09;111111111111000000000000;000000000000000000000000;11101000;000;_;e;10;000000000101000000000000;____;12;002;071;004;001;011;032;0425723615;;;;;;;;;;;;;;;;;;;;;;;;;;;;;;;;;;;;;;;;;;;;;;;;;;
05:56:27;12;51;9999;072;999;09;111111111111000000000000;000000000000000000000000;11101000;000;_;e;10;000110011000000000000000;____;04;046;041;013;023;047;067;0425701259;;;;;;;;;;;;;;;;;;;;;;;;;;;;;;;;;;;;;;;;;;;;;;;;;;
06:01:12;12;52;9999;080;999;09;111111111111000000000000;000000000000000000000000;11101000;000;_;e;10;100110001100000000000000;____;04;053;071;031;028;055;081;0425701260;;;;;;;;;;;;;;;;;;;;;;;;;;;;;;;;;;;;;;;;;;;;;;;;;;
06:01:50;12;53;9999;070;999;09;111111111111000000000000;000000000000000000000000;11101000;000;_;e;10;110000000000000000000000;____;01;037;102;005;010;053;054;0425700513;;;;;;;;;;;;;;;;;;;;;;;;;;;;;;;;;;;;;;;;;;;;;;;;;;
06:04:57;12;54;9999;060;999;09;111111111111000000000000;000000000000000000000000;11101000;000;_;e;10;110000000000000000000000;____;02;030;099;008;029;041;035;0425736798;;;;;;;;;;;;;;;;;;;;;;;;;;;;;;;;;;;;;;;;;;;;;;;;;;
06:08:05;12;55;9999;055;999;09;111111111111000000000000;000000000000000000000000;11101000;000;_;e;10;111101000000000000000000;____;01;026;096;024;026;037;055;0425738775;;;;;;;;;;;;;;;;;;;;;;;;;;;;;;;;;;;;;;;;;;;;;;;;;;
06:11:49;12;56;9999;072;999;09;111111111111000000000000;000000000000000000000000;11101000;000;_;e;10;000011001010000000000000;____;05;044;035;006;041;046;064;0425724606;;;;;;;;;;;;;;;;;;;;;;;;;;;;;;;;;;;;;;;;;;;;;;;;;;
06:11:54;12;57;9999;059;280;09;111111111111000000000000;000000000000000000000000;11101000;000;_;e;10;001101001100000000000000;____;09;057;071;026;043;061;051;0425738843;;;;;;;;;;;;;;;;;;;;;;;;;;;;;;;;;;;;;;;;;;;;;;;;;;
06:11:58;12;58;9999;070;336;09;111111111111000000000000;000000000000000000000000;11101000;000;_;e;10;000001100010000000000000;____;06;054;048;007;037;058;016;0425723621;;;;;;;;;;;;;;;;;;;;;;;;;;;;;;;;;;;;;;;;;;;;;;;;;;
06:12:02;12;59;9999;069;242;09;111111111111000000000000;000000000000000000000000;11101000;000;_;e;10;000111110000000000000000;____;08;043;045;010;042;056;069;0425723624;;;;;;;;;;;;;;;;;;;;;;;;;;;;;;;;;;;;;;;;;;;;;;;;;;
06:18:44;12;60;9999;057;999;09;111111111111000000000000;000000000000000000000000;11101000;000;_;e;10;010000001100000000000000;____;10;003;078;004;001;013;043;0425723627;;;;;;;;;;;;;;;;;;;;;;;;;;;;;;;;;;;;;;;;;;;;;;;;;;
06:20:14;12;61;9999;056;999;09;111111111111000000000000;000000000000000000000000;11101000;000;_;e;10;001111000100000000000000;____;10;-11;083;005;-15;014;093;0425723628;;;;;;;;;;;;;;;;;;;;;;;;;;;;;;;;;;;;;;;;;;;;;;;;;;
06:22:52;12;62;9999;068;999;08;111111111111000000000000;000000000000000000000000;11101000;000;_;e;10;000011111000000000000000;____;08;046;030;021;042;048;058;0425738776;;;;;;;;;;;;;;;;;;;;;;;;;;;;;;;;;;;;;;;;;;;;;;;;;;
06:26:58;12;63;9999;075;999;09;111111111111000000000000;000000000000000000000000;11101000;000;_;e;10;111100101000000000000000;____;03;036;080;035;032;060;049;0425631719;;;;;;;;;;;;;;;;;;;;;;;;;;;;;;;;;;;;;;;;;;;;;;;;;;
06:30:47;12;64;9999;059;999;09;111111111111000000000000;000000000000000000000000;11101000;000;_;e;10;010000000100000000000000;____;10;008;081;004;008;027;029;0425723507;;;;;;;;;;;;;;;;;;;;;;;;;;;;;;;;;;;;;;;;;;;;;;;;;;
06:32:05;12;65;9999;072;999;09;111111111111000000000000;000000000000000000000000;11101000;000;_;e;10;001000000100000000000000;____;10;000;073;008;000;031;033;0425738847;;;;;;;;;;;;;;;;;;;;;;;;;;;;;;;;;;;;;;;;;;;;;;;;;;
06:32:30;12;66;9999;078;999;09;111111111111000000000000;000000000000000000000000;11101000;000;_;e;10;000000001100000000000000;____;10;018;061;019;018;055;015;0425738845;;;;;;;;;;;;;;;;;;;;;;;;;;;;;;;;;;;;;;;;;;;;;;;;;;
06:33:16;12;67;9999;061;999;09;111111111111000000000000;000000000000000000000000;11101000;000;_;e;10;111100000101000000000000;____;10;-07;085;006;-18;026;165;0425723631;;;;;;;;;;;;;;;;;;;;;;;;;;;;;;;;;;;;;;;;;;;;;;;;;;
06:33:42;12;68;9999;063;999;09;111111111111000000000000;000000000000000000000000;11101000;000;_;e;10;010110000100000000000000;____;10;002;079;021;-05;035;058;0425723508;;;;;;;;;;;;;;;;;;;;;;;;;;;;;;;;;;;;;;;;;;;;;;;;;;
06:38:44;12;69;9999;065;999;09;111111111111000000000000;000000000000000000000000;11101000;000;_;e;10;100000000000000000000000;____;01;-05;095;026;-05;-04;023;0425723509;;;;;;;;;;;;;;;;;;;;;;;;;;;;;;;;;;;;;;;;;;;;;;;;;;
06:39:17;12;70;9999;074;999;09;111111111111000000000000;000000000000000000000000;11101000;000;_;e;10;000011110000000000000000;____;07;043;049;031;040;044;079;0425701270;;;;;;;;;;;;;;;;;;;;;;;;;;;;;;;;;;;;;;;;;;;;;;;;;;
06:40:05;12;71;9999;057;999;09;111111111111000000000000;000000000000000000000000;11101000;000;_;e;10;000111110001000000000000;____;06;032;056;009;032;045;029;0425738848;;;;;;;;;;;;;;;;;;;;;;;;;;;;;;;;;;;;;;;;;;;;;;;;;;
06:40:47;12;72;9999;069;999;09;111111111111000000000000;000000000000000000000000;11101000;000;_;e;10;110000000100000000000000;____;02;047;100;018;004;047;110;0425738849;;;;;;;;;;;;;;;;;;;;;;;;;;;;;;;;;;;;;;;;;;;;;;;;;;
06:40:51;12;73;9999;058;252;09;111111111111000000000000;000000000000000000000000;11101000;000;_;e;10;111000000000000000000000;____;03;038;095;016;030;043;047;0425723510;;;;;;;;;;;;;;;;;;;;;;;;;;;;;;;;;;;;;;;;;;;;;;;;;;
06:42:49;12;74;9999;057;999;09;111111111111000000000000;000000000000000000000000;11101000;000;_;e;10;000110110011000000000000;____;07;039;045;012;005;041;063;0425631720;;;;;;;;;;;;;;;;;;;;;;;;;;;;;;;;;;;;;;;;;;;;;;;;;;
06:48:34;12;75;9999;075;999;09;111111111111000000000000;000000000000000000000000;11101000;000;_;e;10;110000000000000000000000;____;02;042;101;010;017;044;036;0425700521;;;;;;;;;;;;;;;;;;;;;;;;;;;;;;;;;;;;;;;;;;;;;;;;;;
06:56:59;12;76;9999;075;999;09;111111111111000000000000;000000000000000000000000;11101000;000;_;e;10;001111011100000000000000;____;10;044;063;038;038;046;182;0425701274;;;;;;;;;;;;;;;;;;;;;;;;;;;;;;;;;;;;;;;;;;;;;;;;;;
06:59:02;12;77;9999;054;999;09;111111111111000000000000;000000000000000000000000;11101000;000;_;e;10;111001000000000000000000;____;02;028;101;003;028;042;029;0425738856;;;;;;;;;;;;;;;;;;;;;;;;;;;;;;;;;;;;;;;;;;;;;;;;;;
06:59:31;12;78;9999;053;999;09;111111111111000000000000;000000000000000000000000;11101000;000;_;e;10;100100000101000000000000;____;01;027;101;013;003;027;058;0425700524;;;;;;;;;;;;;;;;;;;;;;;;;;;;;;;;;;;;;;;;;;;;;;;;;;
06:59:37;12;79;9999;051;430;09;111111111111000000000000;000000000000000000000000;11101000;000;_;e;10;111100000000000000000000;____;03;029;092;040;027;030;070;0425700523;;;;;;;;;;;;;;;;;;;;;;;;;;;;;;;;;;;;;;;;;;;;;;;;;;
07:00:10;12;80;9999;050;999;09;111111111111000000000000;000000000000000000000000;11101000;000;_;e;10;001101001100000000000000;____;03;-09;077;020;-10;016;103;0425700525;;;;;;;;;;;;;;;;;;;;;;;;;;;;;;;;;;;;;;;;;;;;;;;;;;
07:00:48;12;81;9999;071;999;09;111111111111000000000000;000000000000000000000000;11101000;000;_;e;10;001111001100000000000000;____;03;075;073;020;070;079;083;0425701275;;;;;;;;;;;;;;;;;;;;;;;;;;;;;;;;;;;;;;;;;;;;;;;;;;
07:02:31;12;82;9999;074;999;09;111111111111000000000000;000000000000000000000000;11101000;000;_;e;10;000100000100000000000000;____;10;071;061;016;071;073;025;0425701276;;;;;;;;;;;;;;;;;;;;;;;;;;;;;;;;;;;;;;;;;;;;;;;;;;
07:08:07;12;83;9999;074;999;09;111111111111000000000000;000000000000000000000000;11101000;000;_;e;10;110000000100000000000000;____;01;035;096;024;010;038;069;0425670424;;;;;;;;;;;;;;;;;;;;;;;;;;;;;;;;;;;;;;;;;;;;;;;;;;
07:08:58;12;84;9999;067;999;09;111111111111000000000000;000000000000000000000000;11101000;000;_;e;10;110000000000000000000000;____;01;037;101;010;035;038;053;0425670425;;;;;;;;;;;;;;;;;;;;;;;;;;;;;;;;;;;;;;;;;;;;;;;;;;
07:09:36;12;85;9999;049;999;09;111111111111000000000000;000000000000000000000000;11101000;000;_;e;10;000100000100000000000000;____;10;-04;078;004;-04;004;055;0425738857;;;;;;;;;;;;;;;;;;;;;;;;;;;;;;;;;;;;;;;;;;;;;;;;;;
07:11:26;12;86;9999;053;999;09;111111111111000000000000;000000000000000000000000;11101000;000;_;e;10;000111111000000000000000;____;07;046;056;009;016;047;056;0425723533;;;;;;;;;;;;;;;;;;;;;;;;;;;;;;;;;;;;;;;;;;;;;;;;;;
07:15:50;12;87;9999;074;999;09;111111111111000000000000;000000000000000000000000;11101000;000;_;e;10;110000000000000000000000;____;01;035;103;009;035;037;052;0425670427;;;;;;;;;;;;;;;;;;;;;;;;;;;;;;;;;;;;;;;;;;;;;;;;;;
07:21:29;12;88;9999;066;999;09;111111111111000000000000;000000000000000000000000;11101000;000;_;e;10;001100000100000000000000;____;10;008;075;024;006;009;088;0425670429;;;;;;;;;;;;;;;;;;;;;;;;;;;;;;;;;;;;;;;;;;;;;;;;;;
07:23:33;12;89;9999;076;999;09;111111111111000000000000;000000000000000000000000;11101000;000;_;e;10;001101001100000000000000;____;03;079;076;019;033;083;071;0425670430;;;;;;;;;;;;;;;;;;;;;;;;;;;;;;;;;;;;;;;;;;;;;;;;;;
07:23:58;12;90;9999;063;999;09;111111111111000000000000;000000000000000000000000;11101000;000;_;e;10;110000000000000000000000;____;01;032;098;008;031;034;046;0425670431;;;;;;;;;;;;;;;;;;;;;;;;;;;;;;;;;;;;;;;;;;;;;;;;;;
07:24:27;12;91;9999;078;999;09;111111111111000000000000;000000000000000000000000;11101000;000;_;e;10;000011100100000000000000;____;05;028;050;037;028;033;123;0425631724;;;;;;;;;;;;;;;;;;;;;;;;;;;;;;;;;;;;;;;;;;;;;;;;;;
07:25:32;12;92;9999;070;999;08;111111111111000000000000;000000000000000000000000;11101000;000;_;e;10;100100000000000000000000;____;01;037;097;035;036;041;046;0425631726;;;;;;;;;;;;;;;;;;;;;;;;;;;;;;;;;;;;;;;;;;;;;;;;;;
07:25:40;12;93;9999;061;638;09;111111111111000000000000;000000000000000000000000;11101000;000;_;e;10;001111001100000000000000;____;10;001;078;001;-03;040;109;0425670432;;;;;;;;;;;;;;;;;;;;;;;;;;;;;;;;;;;;;;;;;;;;;;;;;;
07:26:49;12;94;9999;074;999;09;111111111111000000000000;000000000000000000000000;11101000;000;_;e;10;111110000000000000000000;____;01;044;091;021;030;059;076;0425631728;;;;;;;;;;;;;;;;;;;;;;;;;;;;;;;;;;;;;;;;;;;;;;;;;;
07:28:14;12;95;9999;075;999;09;111111111111000000000000;000000000000000000000000;11101000;000;_;e;10;001111001100000000000000;____;03;037;074;026;028;076;089;0425631729;;;;;;;;;;;;;;;;;;;;;;;;;;;;;;;;;;;;;;;;;;;;;;;;;;
07:37:55;12;96;9999;067;999;09;111111111111000000000000;000000000000000000000000;11101000;000;_;e;10;110110001100000000000000;____;10;017;092;007;-07;058;240;0425670441;;;;;;;;;;;;;;;;;;;;;;;;;;;;;;;;;;;;;;;;;;;;;;;;;;
07:38:50;12;97;9999;074;999;09;111111111111000000000000;000000000000000000000000;11101000;000;_;e;10;110000000000000000000000;____;01;040;101;013;039;041;040;0425670442;;;;;;;;;;;;;;;;;;;;;;;;;;;;;;;;;;;;;;;;;;;;;;;;;;
07:40:14;12;98;9999;047;999;09;111111111111000000000000;000000000000000000000000;11101000;000;_;e;10;101100000101000000000000;____;10;-03;083;003;-07;013;098;0425700531;;;;;;;;;;;;;;;;;;;;;;;;;;;;;;;;;;;;;;;;;;;;;;;;;;
07:50:56;12;99;9999;074;999;09;111111111111000000000000;000000000000000000000000;11101000;000;_;e;10;000011111000000000000000;____;08;053;043;023;047;053;160;0425738914;;;;;;;;;;;;;;;;;;;;;;;;;;;;;;;;;;;;;;;;;;;;;;;;;;
07:51:25;12;01;9999;059;999;09;111111111111000000000000;000000000000000000000000;11101000;000;_;e;10;001111000100000000000000;____;10;-07;081;004;-11;026;071;0425631739;;;;;;;;;;;;;;;;;;;;;;;;;;;;;;;;;;;;;;;;;;;;;;;;;;
07:51:47;12;02;9999;066;999;09;111111111111000000000000;000000000000000000000000;11101000;000;_;e;10;000011110000000000000000;____;07;035;048;022;032;037;073;0425723547;;;;;;;;;;;;;;;;;;;;;;;;;;;;;;;;;;;;;;;;;;;;;;;;;;
07:52:55;12;03;9999;067;999;09;111111111111000000000000;000000000000000000000000;11101000;000;_;e;10;110000000000000000000000;____;01;037;100;011;037;040;065;0425723548;;;;;;;;;;;;;;;;;;;;;;;;;;;;;;;;;;;;;;;;;;;;;;;;;;
07:57:35;12;04;9999;046;999;09;111111111111000000000000;000000000000000000000000;11101000;000;_;e;10;010000001101000000000000;____;12;000;087;004;-03;010;029;0425631742;;;;;;;;;;;;;;;;;;;;;;;;;;;;;;;;;;;;;;;;;;;;;;;;;;
08:01:47;12;05;9999;054;999;09;111111111111000000000000;000000000000000000000000;11101000;000;_;e;10;000000001100000000000000;____;10;002;075;003;002;018;021;0425670463;;;;;;;;;;;;;;;;;;;;;;;;;;;;;;;;;;;;;;;;;;;;;;;;;;
08:06:52;12;06;9999;059;999;09;111111111111000000000000;000000000000000000000000;11101000;000;_;e;10;001111001101000000000000;____;10;064;074;026;060;073;194;0425738920;;;;;;;;;;;;;;;;;;;;;;;;;;;;;;;;;;;;;;;;;;;;;;;;;;
08:15:51;12;07;9999;060;999;09;111111111111000000000000;000000000000000000000000;11101000;000;_;e;10;001101001101000000000000;____;10;-05;073;014;-12;028;092;0425631747;;;;;;;;;;;;;;;;;;;;;;;;;;;;;;;;;;;;;;;;;;;;;;;;;;
08:24:30;12;08;9999;074;999;09;111111111111000000000000;000000000000000000000000;11101000;000;_;e;10;001000000000000000000000;____;03;040;079;013;040;042;024;0425738922;;;;;;;;;;;;;;;;;;;;;;;;;;;;;;;;;;;;;;;;;;;;;;;;;;
08:32:51;12;09;9999;055;999;09;111111111111000000000000;000000000000000000000000;11101000;000;_;e;10;001101001001000000000000;____;09;067;082;008;061;067;093;0425738925;;;;;;;;;;;;;;;;;;;;;;;;;;;;;;;;;;;;;;;;;;;;;;;;;;
08:36:15;12;10;9999;062;999;08;111111111111000000000000;000000000000000000000000;11101000;000;_;e;10;010001001000000000000000;____;09;063;080;005;060;063;034;0425738927;;;;;;;;;;;;;;;;;;;;;;;;;;;;;;;;;;;;;;;;;;;;;;;;;;
08:55:19;12;11;9999;079;999;09;111111111111000000000000;000000000000000000000000;11101000;000;_;e;10;010011111000000000000000;____;02;034;066;028;030;035;108;0425631759;;;;;;;;;;;;;;;;;;;;;;;;;;;;;;;;;;;;;;;;;;;;;;;;;;
08:56:12;12;12;9999;080;999;09;111111111111000000000000;000000000000000000000000;11101000;000;_;e;10;000100000100000000000000;____;04;020;054;038;010;021;006;0425631760;;;;;;;;;;;;;;;;;;;;;;;;;;;;;;;;;;;;;;;;;;;;;;;;;;
09:06:51;12;13;9999;074;999;08;111111111111000000000000;000000000000000000000000;11101000;000;_;e;10;000000000100000000000000;____;10;-04;071;008;-04;-04;002;0425738943;;;;;;;;;;;;;;;;;;;;;;;;;;;;;;;;;;;;;;;;;;;;;;;;;;
09:17:16;12;14;9999;056;999;09;111111111111000000000000;000000000000000000000000;11101000;000;_;e;10;000100001101000000000000;____;10;002;077;006;-01;024;068;0425723324;;;;;;;;;;;;;;;;;;;;;;;;;;;;;;;;;;;;;;;;;;;;;;;;;;
09:42:58;12;15;9999;074;999;08;111111111111000000000000;000000000000000000000000;11101000;000;_;e;10;001011100100000000000000;____;06;031;060;029;031;035;051;0425738950;;;;;;;;;;;;;;;;;;;;;;;;;;;;;;;;;;;;;;;;;;;;;;;;;;
09:47:03;12;16;9999;046;999;09;111111111111000000000000;000000000000000000000000;11101000;000;_;e;10;111000001101000000000000;____;02;026;099;015;007;028;057;0425723334;;;;;;;;;;;;;;;;;;;;;;;;;;;;;;;;;;;;;;;;;;;;;;;;;;
09:48:45;12;17;9999;064;999;09;111111111111000000000000;000000000000000000000000;11101000;000;_;e;10;111001000100000000000000;____;01;038;100;021;013;040;051;0425723335;;;;;;;;;;;;;;;;;;;;;;;;;;;;;;;;;;;;;;;;;;;;;;;;;;
10:26:05;12;18;9999;064;999;08;111111111111000000000000;000000000000000000000000;11101000;000;_;e;10;000110000100000000000000;____;10;-01;077;022;-01;014;043;0425723349;;;;;;;;;;;;;;;;;;;;;;;;;;;;;;;;;;;;;;;;;;;;;;;;;;
10:54:15;12;19;9999;059;999;09;111111111111000000000000;000000000000000000000000;11101000;000;_;e;10;000000001100000000000000;____;10;003;074;019;002;030;027;0425723359;;;;;;;;;;;;;;;;;;;;;;;;;;;;;;;;;;;;;;;;;;;;;;;;;;
11:19:45;12;20;9999;063;999;08;111111111111000000000000;000000000000000000000000;11101000;000;_;e;10;000011111010000000000000;____;05;027;039;011;015;031;067;0425700671;;;;;;;;;;;;;;;;;;;;;;;;;;;;;;;;;;;;;;;;;;;;;;;;;;
12:07:30;12;21;9999;076;999;09;111111111111000000000000;000000000000000000000000;11101000;000;_;e;10;011100000100000000000000;____;04;037;085;038;036;039;049;0425723648;;;;;;;;;;;;;;;;;;;;;;;;;;;;;;;;;;;;;;;;;;;;;;;;;;
12:30:00;12;22;9999;065;999;09;111111111111000000000000;000000000000000000000000;11101000;000;_;e;10;000000100010000000000000;____;07;042;051;007;037;042;021;0425723650;;;;;;;;;;;;;;;;;;;;;;;;;;;;;;;;;;;;;;;;;;;;;;;;;;
12:30:36;12;23;9999;063;999;09;111111111111000000000000;000000000000000000000000;11101000;000;_;e;10;000000100000000000000000;____;07;032;053;007;032;034;003;0425723651;;;;;;;;;;;;;;;;;;;;;;;;;;;;;;;;;;;;;;;;;;;;;;;;;;
12:31:36;12;24;9999;063;999;09;111111111111000000000000;000000000000000000000000;11101000;000;_;e;10;000000100010000000000000;____;07;040;051;007;015;040;021;0425723652;;;;;;;;;;;;;;;;;;;;;;;;;;;;;;;;;;;;;;;;;;;;;;;;;;
12:32:06;12;25;9999;064;999;09;111111111111000000000000;000000000000000000000000;11101000;000;_;e;10;000000100000000000000000;____;07;040;051;007;040;040;020;0425723653;;;;;;;;;;;;;;;;;;;;;;;;;;;;;;;;;;;;;;;;;;;;;;;;;;
12:54:44;12;26;9999;065;999;08;111111111111000000000000;000000000000000000000000;11101000;000;_;e;10;110110000000000000000000;____;04;033;097;024;022;037;032;0425724639;;;;;;;;;;;;;;;;;;;;;;;;;;;;;;;;;;;;;;;;;;;;;;;;;;
13:13:43;12;27;9999;054;999;09;111111111111000000000000;000000000000000000000000;11101000;000;_;e;10;000000000100000000000000;____;10;002;082;005;002;003;030;0425724645;;;;;;;;;;;;;;;;;;;;;;;;;;;;;;;;;;;;;;;;;;;;;;;;;;
13:29:20;12;28;9999;060;999;08;111111111111000000000000;000000000000000000000000;11101000;000;_;e;10;000111101010000000000000;____;05;043;041;012;043;048;102;0425723671;;;;;;;;;;;;;;;;;;;;;;;;;;;;;;;;;;;;;;;;;;;;;;;;;;
13:31:54;12;29;9999;066;999;09;111111111111000000000000;000000000000000000000000;11101000;000;_;e;10;001100001100000000000000;____;04;031;085;042;023;033;048;0425701299;;;;;;;;;;;;;;;;;;;;;;;;;;;;;;;;;;;;;;;;;;;;;;;;;;
13:38:13;12;30;9999;067;999;09;111111111111000000000000;000000000000000000000000;11101000;000;_;e;10;110000000000000000000000;____;02;034;094;005;012;035;041;0425723367;;;;;;;;;;;;;;;;;;;;;;;;;;;;;;;;;;;;;;;;;;;;;;;;;;
13:39:30;12;31;9999;061;999;08;111111111111000000000000;000000000000000000000000;11101000;000;_;e;10;001100001100000000000000;____;03;035;093;041;032;037;044;0425723369;;;;;;;;;;;;;;;;;;;;;;;;;;;;;;;;;;;;;;;;;;;;;;;;;;
13:59:59;12;32;9999;055;999;09;111111111111000000000000;000000000000000000000000;11101000;000;_;e;10;111100000000000000000000;____;04;026;083;037;024;029;074;0425741903;;;;;;;;;;;;;;;;;;;;;;;;;;;;;;;;;;;;;;;;;;;;;;;;;;
14:07:16;12;33;9999;080;999;09;111111111111000000000000;000000000000000000000000;11101000;000;_;e;10;111000000000000000000000;____;02;041;097;014;028;042;036;0425741324;;;;;;;;;;;;;;;;;;;;;;;;;;;;;;;;;;;;;;;;;;;;;;;;;;
14:07:41;12;34;9999;075;999;09;111111111111000000000000;000000000000000000000000;11101000;000;_;e;10;100000000000000000000000;____;01;041;100;016;041;041;002;0425741325;;;;;;;;;;;;;;;;;;;;;;;;;;;;;;;;;;;;;;;;;;;;;;;;;;
15:06:15;12;35;9999;077;999;08;111111111111000000000000;000000000000000000000000;11101000;000;_;e;10;110000000000000000000000;____;02;033;100;024;030;039;037;0425723391;;;;;;;;;;;;;;;;;;;;;;;;;;;;;;;;;;;;;;;;;;;;;;;;;;
15:19:47;12;36;9999;065;999;09;111111111111000000000000;000000000000000000000000;11101000;000;_;e;10;001111101100000000000000;____;10;033;071;044;031;050;106;0425700675;;;;;;;;;;;;;;;;;;;;;;;;;;;;;;;;;;;;;;;;;;;;;;;;;;
15:20:39;12;37;9999;079;999;09;111111111111000000000000;000000000000000000000000;11101000;000;_;e;10;000111111000000000000000;____;06;035;062;035;034;045;102;0425723394;;;;;;;;;;;;;;;;;;;;;;;;;;;;;;;;;;;;;;;;;;;;;;;;;;
15:24:57;12;38;9999;074;999;09;111111111111000000000000;000000000000000000000000;11101000;000;_;e;10;110000000000000000000000;____;01;038;101;010;038;039;065;0425741350;;;;;;;;;;;;;;;;;;;;;;;;;;;;;;;;;;;;;;;;;;;;;;;;;;
15:35:31;12;39;9999;076;999;09;111111111111000000000000;000000000000000000000000;11101000;000;_;e;10;001110001100000000000000;____;09;032;075;050;011;032;121;0425738875;;;;;;;;;;;;;;;;;;;;;;;;;;;;;;;;;;;;;;;;;;;;;;;;;;
15:36:30;12;40;9999;075;999;09;111111111111000000000000;000000000000000000000000;11101000;000;_;e;10;001111111100000000000000;____;05;053;059;022;021;057;139;0425724647;;;;;;;;;;;;;;;;;;;;;;;;;;;;;;;;;;;;;;;;;;;;;;;;;;
15:36:34;12;41;9999;058;264;09;111111111111000000000000;000000000000000000000000;11101000;000;_;e;10;001011101100000000000000;____;09;032;070;040;029;033;123;0425738877;;;;;;;;;;;;;;;;;;;;;;;;;;;;;;;;;;;;;;;;;;;;;;;;;;
15:37:13;12;42;9999;076;999;09;111111111111000000000000;000000000000000000000000;11101000;000;_;e;10;000011111100000000000000;____;07;052;047;027;024;059;023;0425724648;;;;;;;;;;;;;;;;;;;;;;;;;;;;;;;;;;;;;;;;;;;;;;;;;;
15:44:09;12;43;9999;074;999;08;111111111111000000000000;000000000000000000000000;11101000;000;_;e;10;110000000000000000000000;____;01;035;099;012;035;036;036;0425738882;;;;;;;;;;;;;;;;;;;;;;;;;;;;;;;;;;;;;;;;;;;;;;;;;;
15:46:55;12;44;9999;079;999;09;111111111111000000000000;000000000000000000000000;11101000;000;_;e;10;111100001101000000000000;____;03;046;088;033;003;051;109;0425738883;;;;;;;;;;;;;;;;;;;;;;;;;;;;;;;;;;;;;;;;;;;;;;;;;;
15:48:20;12;45;9999;082;999;09;111111111111000000000000;000000000000000000000000;11101000;000;_;e;10;111000000001000000000000;____;02;044;097;006;043;052;088;0425738884;;;;;;;;;;;;;;;;;;;;;;;;;;;;;;;;;;;;;;;;;;;;;;;;;;
15:50:02;12;46;9999;056;999;09;111111111111000000000000;000000000000000000000000;11101000;000;_;e;10;000100001100000000000000;____;10;000;084;025;000;007;074;0425724652;;;;;;;;;;;;;;;;;;;;;;;;;;;;;;;;;;;;;;;;;;;;;;;;;;
15:56:11;12;47;9999;061;999;09;111111111111000000000000;000000000000000000000000;11101000;000;_;e;10;011111001100000000000000;____;09;034;076;037;031;040;115;0425700678;;;;;;;;;;;;;;;;;;;;;;;;;;;;;;;;;;;;;;;;;;;;;;;;;;
15:56:28;12;48;9999;074;999;09;111111111111000000000000;000000000000000000000000;11101000;000;_;e;10;111100001000000000000000;____;03;036;082;025;034;041;086;0425738890;;;;;;;;;;;;;;;;;;;;;;;;;;;;;;;;;;;;;;;;;;;;;;;;;;
16:00:43;12;49;9999;074;999;09;111111111111000000000000;000000000000000000000000;11101000;000;_;e;10;001111001100000000000000;____;09;055;075;044;029;057;198;0425738894;;;;;;;;;;;;;;;;;;;;;;;;;;;;;;;;;;;;;;;;;;;;;;;;;;
16:01:47;12;50;9999;074;999;09;111111111111000000000000;000000000000000000000000;11101000;000;_;e;10;001111001100000000000000;____;10;007;068;038;005;032;115;0425738895;;;;;;;;;;;;;;;;;;;;;;;;;;;;;;;;;;;;;;;;;;;;;;;;;;
16:02:25;12;51;9999;070;999;09;111111111111000000000000;000000000000000000000000;11101000;000;_;e;10;001000001000000000000000;____;03;061;079;014;061;061;007;0425723682;;;;;;;;;;;;;;;;;;;;;;;;;;;;;;;;;;;;;;;;;;;;;;;;;;
16:03:50;12;52;9999;076;999;09;111111111111000000000000;000000000000000000000000;11101000;000;_;e;10;000011101100000000000000;____;07;050;059;034;043;057;100;0425723683;;;;;;;;;;;;;;;;;;;;;;;;;;;;;;;;;;;;;;;;;;;;;;;;;;
16:10:59;12;53;9999;064;999;09;111111111111000000000000;000000000000000000000000;11101000;000;_;e;10;111101000000000000000000;____;01;030;097;024;029;037;094;0425738898;;;;;;;;;;;;;;;;;;;;;;;;;;;;;;;;;;;;;;;;;;;;;;;;;;
16:14:36;12;54;9999;071;999;09;111111111111000000000000;000000000000000000000000;11101000;000;_;e;10;110000000100000000000000;____;01;037;101;006;004;039;055;0425724655;;;;;;;;;;;;;;;;;;;;;;;;;;;;;;;;;;;;;;;;;;;;;;;;;;
16:23:22;12;55;9999;062;999;09;111111111111000000000000;000000000000000000000000;11101000;000;_;e;10;010111001101000000000000;____;10;-06;086;006;-12;041;096;0425723696;;;;;;;;;;;;;;;;;;;;;;;;;;;;;;;;;;;;;;;;;;;;;;;;;;
16:25:35;12;56;9999;080;999;09;111111111111000000000000;000000000000000000000000;11101000;000;_;e;10;001101001100000000000000;____;04;069;052;010;026;069;035;0425741911;;;;;;;;;;;;;;;;;;;;;;;;;;;;;;;;;;;;;;;;;;;;;;;;;;
16:29:15;12;57;9999;054;999;09;111111111111000000000000;000000000000000000000000;11101000;000;_;e;10;001111001101000000000000;____;10;-08;084;007;-11;040;097;0425742904;;;;;;;;;;;;;;;;;;;;;;;;;;;;;;;;;;;;;;;;;;;;;;;;;;
16:31:27;12;58;9999;050;999;09;111111111111000000000000;000000000000000000000000;11101000;000;_;e;10;111000000000000000000000;____;01;015;096;012;011;016;036;0425700684;;;;;;;;;;;;;;;;;;;;;;;;;;;;;;;;;;;;;;;;;;;;;;;;;;
16:34:12;12;59;9999;074;999;09;111111111111000000000000;000000000000000000000000;11101000;000;_;e;10;001010000100000000000000;____;05;018;070;028;006;025;067;0425724662;;;;;;;;;;;;;;;;;;;;;;;;;;;;;;;;;;;;;;;;;;;;;;;;;;
16:37:45;12;60;9999;078;999;09;111111111111000000000000;000000000000000000000000;11101000;000;_;e;10;100000000100000000000000;____;01;042;100;017;001;042;008;0425743404;;;;;;;;;;;;;;;;;;;;;;;;;;;;;;;;;;;;;;;;;;;;;;;;;;
16:38:31;12;61;9999;069;999;09;111111111111000000000000;000000000000000000000000;11101000;000;_;e;10;110000000000000000000000;____;01;036;100;014;036;038;045;0425743409;;;;;;;;;;;;;;;;;;;;;;;;;;;;;;;;;;;;;;;;;;;;;;;;;;
16:38:36;12;62;9999;077;277;08;111111111111000000000000;000000000000000000000000;11101000;000;_;e;10;010000000100000000000000;____;02;043;101;013;002;044;010;0425743407;;;;;;;;;;;;;;;;;;;;;;;;;;;;;;;;;;;;;;;;;;;;;;;;;;
16:39:06;12;63;9999;075;999;09;111111111111000000000000;000000000000000000000000;11101000;000;_;e;10;001011100100000000000000;____;10;047;054;040;047;052;095;0425724664;;;;;;;;;;;;;;;;;;;;;;;;;;;;;;;;;;;;;;;;;;;;;;;;;;
16:40:35;12;64;9999;072;999;09;111111111111000000000000;000000000000000000000000;11101000;000;_;e;10;110000000000000000000000;____;01;044;096;005;041;060;039;0425743410;;;;;;;;;;;;;;;;;;;;;;;;;;;;;;;;;;;;;;;;;;;;;;;;;;
16:43:04;12;65;9999;051;999;09;111111111111000000000000;000000000000000000000000;11101000;000;_;e;10;100000001010000000000000;____;09;051;058;013;035;051;020;0425742907;;;;;;;;;;;;;;;;;;;;;;;;;;;;;;;;;;;;;;;;;;;;;;;;;;
16:44:15;12;66;9999;075;999;09;111111111111000000000000;000000000000000000000000;11101000;000;_;e;10;001111001100000000000000;____;10;041;071;027;006;041;170;0425742909;;;;;;;;;;;;;;;;;;;;;;;;;;;;;;;;;;;;;;;;;;;;;;;;;;
16:44:49;12;67;9999;068;999;09;111111111111000000000000;000000000000000000000000;11101000;000;_;e;10;110000000001000000000000;____;02;039;096;018;039;049;053;0425724668;;;;;;;;;;;;;;;;;;;;;;;;;;;;;;;;;;;;;;;;;;;;;;;;;;
16:46:27;12;68;9999;075;999;09;111111111111000000000000;000000000000000000000000;11101000;000;_;e;10;001111001100000000000000;____;10;032;061;026;027;037;202;0425742910;;;;;;;;;;;;;;;;;;;;;;;;;;;;;;;;;;;;;;;;;;;;;;;;;;
16:46:53;12;69;9999;072;999;09;111111111111000000000000;000000000000000000000000;11101000;000;_;e;10;001100000100000000000000;____;10;002;078;028;002;010;089;0425743414;;;;;;;;;;;;;;;;;;;;;;;;;;;;;;;;;;;;;;;;;;;;;;;;;;
16:56:31;12;70;9999;075;999;09;111111111111000000000000;000000000000000000000000;11101000;000;_;e;10;000111010100000000000000;____;10;019;081;033;017;048;047;0425743800;;;;;;;;;;;;;;;;;;;;;;;;;;;;;;;;;;;;;;;;;;;;;;;;;;
16:58:34;12;71;9999;078;999;09;111111111111000000000000;000000000000000000000000;11101000;000;_;e;10;110000000000000000000000;____;01;029;101;012;024;048;066;0425743003;;;;;;;;;;;;;;;;;;;;;;;;;;;;;;;;;;;;;;;;;;;;;;;;;;
17:01:24;12;72;9999;079;999;09;111111111111000000000000;000000000000000000000000;11101000;000;_;e;10;001110000100000000000000;____;10;-01;073;034;-02;031;070;0425743427;;;;;;;;;;;;;;;;;;;;;;;;;;;;;;;;;;;;;;;;;;;;;;;;;;
17:05:13;12;73;9999;062;999;09;111111111111000000000000;000000000000000000000000;11101000;000;_;e;10;001101001100000000000000;____;10;-12;076;024;-17;-06;098;0425742804;;;;;;;;;;;;;;;;;;;;;;;;;;;;;;;;;;;;;;;;;;;;;;;;;;
17:06:34;12;74;9999;074;999;09;111111111111000000000000;000000000000000000000000;11101000;000;_;e;10;011001001100000000000000;____;03;040;085;029;034;051;053;0425742913;;;;;;;;;;;;;;;;;;;;;;;;;;;;;;;;;;;;;;;;;;;;;;;;;;
17:21:27;12;75;9999;075;999;09;111111111111000000000000;000000000000000000000000;11101000;000;_;e;10;110000000101000000000000;____;01;039;100;012;001;041;067;0425741924;;;;;;;;;;;;;;;;;;;;;;;;;;;;;;;;;;;;;;;;;;;;;;;;;;
17:22:49;12;76;9999;075;999;09;111111111111000000000000;000000000000000000000000;11101000;000;_;e;10;110000000000000000000000;____;01;034;099;026;029;039;097;0425724680;;;;;;;;;;;;;;;;;;;;;;;;;;;;;;;;;;;;;;;;;;;;;;;;;;
17:23:18;12;77;9999;056;999;09;111111111111000000000000;000000000000000000000000;11101000;000;_;e;10;000011111100000000000000;____;10;029;075;036;028;034;100;0425742918;;;;;;;;;;;;;;;;;;;;;;;;;;;;;;;;;;;;;;;;;;;;;;;;;;
17:24:35;12;78;9999;072;999;09;111111111111000000000000;000000000000000000000000;11101000;000;_;e;10;001111001100000000000000;____;10;-05;080;011;-14;-01;148;0425742920;;;;;;;;;;;;;;;;;;;;;;;;;;;;;;;;;;;;;;;;;;;;;;;;;;
17:28:03;12;79;9999;067;999;08;111111111111000000000000;000000000000000000000000;11101000;000;_;e;10;110000000000000000000000;____;02;038;097;012;038;046;005;0425743803;;;;;;;;;;;;;;;;;;;;;;;;;;;;;;;;;;;;;;;;;;;;;;;;;;
17:33:46;12;80;9999;074;999;09;111111111111000000000000;000000000000000000000000;11101000;000;_;e;10;001111001100000000000000;____;10;026;066;029;022;030;124;0425743811;;;;;;;;;;;;;;;;;;;;;;;;;;;;;;;;;;;;;;;;;;;;;;;;;;
17:35:20;12;81;9999;065;999;09;111111111111000000000000;000000000000000000000000;11101000;000;_;e;10;110000000000000000000000;____;01;032;101;016;014;035;037;0425741918;;;;;;;;;;;;;;;;;;;;;;;;;;;;;;;;;;;;;;;;;;;;;;;;;;
17:37:18;12;82;9999;067;999;08;111111111111000000000000;000000000000000000000000;11101000;000;_;e;10;000111001101000000000000;____;04;049;041;010;034;050;115;0425741919;;;;;;;;;;;;;;;;;;;;;;;;;;;;;;;;;;;;;;;;;;;;;;;;;;
17:38:09;12;83;9999;054;999;09;111111111111000000000000;000000000000000000000000;11101000;000;_;e;10;111000001001000000000000;____;01;-03;092;008;-09;025;030;0425741921;;;;;;;;;;;;;;;;;;;;;;;;;;;;;;;;;;;;;;;;;;;;;;;;;;
17:39:00;12;84;9999;054;999;09;111111111111000000000000;000000000000000000000000;11101000;000;_;e;10;110000000101000000000000;____;02;-06;084;008;-06;027;045;0425741920;;;;;;;;;;;;;;;;;;;;;;;;;;;;;;;;;;;;;;;;;;;;;;;;;;
17:43:37;12;85;9999;076;999;09;111111111111000000000000;000000000000000000000000;11101000;000;_;e;10;000010000100000000000000;____;10;018;067;007;017;019;050;0425743706;;;;;;;;;;;;;;;;;;;;;;;;;;;;;;;;;;;;;;;;;;;;;;;;;;
17:45:45;12;86;9999;080;999;09;111111111111000000000000;000000000000000000000000;11101000;000;_;e;10;001111001100000000000000;____;05;024;059;044;010;035;085;0425743710;;;;;;;;;;;;;;;;;;;;;;;;;;;;;;;;;;;;;;;;;;;;;;;;;;
18:14:50;12;87;9999;054;999;09;111111111111000000000000;000000000000000000000000;11101000;000;_;e;10;010000000100000000000000;____;02;025;100;015;012;025;006;0425743315;;;;;;;;;;;;;;;;;;;;;;;;;;;;;;;;;;;;;;;;;;;;;;;;;;
18:18:28;12;88;9999;062;999;09;111111111111000000000000;000000000000000000000000;11101000;000;_;e;10;001110100100000000000000;____;10;-04;082;005;-04;030;057;0425743723;;;;;;;;;;;;;;;;;;;;;;;;;;;;;;;;;;;;;;;;;;;;;;;;;;
18:21:10;12;89;9999;075;999;09;111111111111000000000000;000000000000000000000000;11101000;000;_;e;10;000111100100000000000000;____;07;046;048;035;042;051;080;0425743834;;;;;;;;;;;;;;;;;;;;;;;;;;;;;;;;;;;;;;;;;;;;;;;;;;
18:21:18;12;90;9999;075;601;09;111111111111000000000000;000000000000000000000000;11101000;000;_;e;10;111101101000000000000000;____;02;043;078;041;036;044;093;0425743725;;;;;;;;;;;;;;;;;;;;;;;;;;;;;;;;;;;;;;;;;;;;;;;;;;
18:22:26;12;91;9999;051;999;09;111111111111000000000000;000000000000000000000000;11101000;000;_;e;10;111111001100000000000000;____;10;021;083;041;-14;025;184;0425743022;;;;;;;;;;;;;;;;;;;;;;;;;;;;;;;;;;;;;;;;;;;;;;;;;;
18:27:07;12;92;9999;080;999;09;111111111111000000000000;000000000000000000000000;11101000;000;_;e;10;001101001100000000000000;____;03;002;060;034;002;035;087;0425743839;;;;;;;;;;;;;;;;;;;;;;;;;;;;;;;;;;;;;;;;;;;;;;;;;;
18:27:58;12;93;9999;074;999;09;111111111111000000000000;000000000000000000000000;11101000;000;_;e;10;001111001100000000000000;____;10;016;059;022;014;053;106;0425743842;;;;;;;;;;;;;;;;;;;;;;;;;;;;;;;;;;;;;;;;;;;;;;;;;;
18:32:54;12;94;9999;076;999;09;111111111111000000000000;000000000000000000000000;11101000;000;_;e;10;010000001100000000000000;____;10;-01;074;026;-01;016;037;0425743730;;;;;;;;;;;;;;;;;;;;;;;;;;;;;;;;;;;;;;;;;;;;;;;;;;
18:42:40;12;95;9999;064;999;09;111111111111000000000000;000000000000000000000000;11101000;000;_;e;10;110000000000000000000000;____;01;038;101;014;026;047;034;0425743848;;;;;;;;;;;;;;;;;;;;;;;;;;;;;;;;;;;;;;;;;;;;;;;;;;
18:49:58;12;96;9999;062;999;09;111111111111000000000000;000000000000000000000000;11101000;000;_;e;10;101111001101000000000000;____;10;-03;080;007;-08;003;153;0425743849;;;;;;;;;;;;;;;;;;;;;;;;;;;;;;;;;;;;;;;;;;;;;;;;;;
19:09:10;12;97;9999;057;999;09;111111111111000000000000;000000000000000000000000;11101000;000;_;e;10;001111001101000000000000;____;10;-06;074;022;-08;001;220;0425743747;;;;;;;;;;;;;;;;;;;;;;;;;;;;;;;;;;;;;;;;;;;;;;;;;;
19:54:03;12;98;9999;074;999;09;111111111111000000000000;000000000000000000000000;11101000;000;_;e;10;000001001000000000000000;____;09;006;078;010;004;007;033;0425700552;;;;;;;;;;;;;;;;;;;;;;;;;;;;;;;;;;;;;;;;;;;;;;;;;;
20:21:07;12;99;9999;077;999;09;111111111111000000000000;000000000000000000000000;11101000;000;_;e;10;001111001100000000000000;____;04;055;072;027;045;055;126;0425700566;;;;;;;;;;;;;;;;;;;;;;;;;;;;;;;;;;;;;;;;;;;;;;;;;;
20:27:42;12;01;9999;080;999;09;111111111111000000000000;000000000000000000000000;11101000;000;_;e;10;001110000100000000000000;____;05;038;047;017;037;045;029;0425700569;;;;;;;;;;;;;;;;;;;;;;;;;;;;;;;;;;;;;;;;;;;;;;;;;;
20:28:33;12;02;9999;080;999;09;111111111111000000000000;000000000000000000000000;11101000;000;_;e;10;001110110000000000000000;____;07;045;050;031;042;047;078;0425700570;;;;;;;;;;;;;;;;;;;;;;;;;;;;;;;;;;;;;;;;;;;;;;;;;;
20:28:37;12;03;9999;067;228;08;111111111111000000000000;000000000000000000000000;11101000;000;_;e;10;110000000000000000000000;____;02;038;101;011;037;058;069;0425723556;;;;;;;;;;;;;;;;;;;;;;;;;;;;;;;;;;;;;;;;;;;;;;;;;;
20:30:38;12;04;9999;074;999;08;111111111111000000000000;000000000000000000000000;11101000;000;_;e;10;011100000100000000000000;____;04;037;076;034;036;044;048;0425724683;;;;;;;;;;;;;;;;;;;;;;;;;;;;;;;;;;;;;;;;;;;;;;;;;;
20:31:54;12;05;9999;079;999;09;111111111111000000000000;000000000000000000000000;11101000;000;_;e;10;111101000100000000000000;____;04;034;078;020;017;034;054;0425724684;;;;;;;;;;;;;;;;;;;;;;;;;;;;;;;;;;;;;;;;;;;;;;;;;;
20:37:50;12;06;9999;073;999;09;111111111111000000000000;000000000000000000000000;11101000;000;_;e;10;001110001000000000000000;____;04;007;073;006;003;012;067;0425741356;;;;;;;;;;;;;;;;;;;;;;;;;;;;;;;;;;;;;;;;;;;;;;;;;;
20:38:41;12;07;9999;075;999;09;111111111111000000000000;000000000000000000000000;11101000;000;_;e;10;000011000100000000000000;____;05;010;055;009;008;026;057;0425700689;;;;;;;;;;;;;;;;;;;;;;;;;;;;;;;;;;;;;;;;;;;;;;;;;;
20:44:28;12;08;9999;076;999;08;111111111111000000000000;000000000000000000000000;11101000;000;_;e;10;001111001100000000000000;____;10;035;075;029;032;043;122;0425741359;;;;;;;;;;;;;;;;;;;;;;;;;;;;;;;;;;;;;;;;;;;;;;;;;;
20:46:10;12;09;9999;077;999;09;111111111111000000000000;000000000000000000000000;11101000;000;_;e;10;111110001000000000000000;____;02;036;082;041;027;038;096;0425741360;;;;;;;;;;;;;;;;;;;;;;;;;;;;;;;;;;;;;;;;;;;;;;;;;;
20:48:02;12;10;9999;079;999;09;111111111111000000000000;000000000000000000000000;11101000;000;_;e;10;001100000100000000000000;____;10;003;064;021;003;011;049;0425724692;;;;;;;;;;;;;;;;;;;;;;;;;;;;;;;;;;;;;;;;;;;;;;;;;;
20:49:01;12;11;9999;068;999;09;111111111111000000000000;000000000000000000000000;11101000;000;_;e;10;110110000100000000000000;____;10;-01;079;020;-03;006;078;0425724693;;;;;;;;;;;;;;;;;;;;;;;;;;;;;;;;;;;;;;;;;;;;;;;;;;
20:51:00;12;12;9999;075;999;09;111111111111000000000000;000000000000000000000000;11101000;000;_;e;10;001110000100000000000000;____;10;045;071;041;023;051;029;0425742929;;;;;;;;;;;;;;;;;;;;;;;;;;;;;;;;;;;;;;;;;;;;;;;;;;
20:55:58;12;13;9999;075;999;08;111111111111000000000000;000000000000000000000000;11101000;000;_;e;10;101110000100000000000000;____;03;032;071;040;030;036;085;0425743459;;;;;;;;;;;;;;;;;;;;;;;;;;;;;;;;;;;;;;;;;;;;;;;;;;
20:58:18;12;14;9999;080;999;09;111111111111000000000000;000000000000000000000000;11101000;000;_;e;10;000100000000000000000000;____;04;017;076;026;017;017;007;0425742934;;;;;;;;;;;;;;;;;;;;;;;;;;;;;;;;;;;;;;;;;;;;;;;;;;
21:00:51;12;15;9999;072;999;09;111111111111000000000000;000000000000000000000000;11101000;000;_;e;10;000000000001000000000000;____;12;001;073;004;001;001;028;0425700579;;;;;;;;;;;;;;;;;;;;;;;;;;;;;;;;;;;;;;;;;;;;;;;;;;
21:01:54;12;16;9999;052;999;09;111111111111000000000000;000000000000000000000000;11101000;000;_;e;10;000011110100000000000000;____;08;031;054;009;026;033;039;0425723567;;;;;;;;;;;;;;;;;;;;;;;;;;;;;;;;;;;;;;;;;;;;;;;;;;
21:05:56;12;17;9999;069;999;08;111111111111000000000000;000000000000000000000000;11101000;000;_;e;10;110000000000000000000000;____;01;037;102;007;036;038;046;0425743462;;;;;;;;;;;;;;;;;;;;;;;;;;;;;;;;;;;;;;;;;;;;;;;;;;
21:06:02;12;18;9999;048;294;08;111111111111000000000000;000000000000000000000000;11101000;000;_;e;10;001111000100000000000000;____;04;033;051;017;029;033;064;0425700581;;;;;;;;;;;;;;;;;;;;;;;;;;;;;;;;;;;;;;;;;;;;;;;;;;
21:06:29;12;19;9999;075;999;09;111111111111000000000000;000000000000000000000000;11010000;000;_;;;;;;;;;;;;;;;;;;;;;;;;;;;;;;;;;;;;;;;;;;;;;;;;;;;;;;;;;;;;;;
21:06:39;12;20;9999;076;746;09;111111111111000000000000;000000000000000000000000;11101000;000;_;e;10;110000000000000000000000;____;02;044;100;022;027;045;019;0425743463;;;;;;;;;;;;;;;;;;;;;;;;;;;;;;;;;;;;;;;;;;;;;;;;;;
21:07:46;12;21;9999;080;999;09;111111111111000000000000;000000000000000000000000;11010000;000;_;;;;;;;;;;;;;;;;;;;;;;;;;;;;;;;;;;;;;;;;;;;;;;;;;;;;;;;;;;;;;;
21:09:37;12;22;9999;067;999;09;111111111111000000000000;000000000000000000000000;11101000;000;_;e;10;110000000100000000000000;____;01;031;100;024;004;034;040;0425743465;;;;;;;;;;;;;;;;;;;;;;;;;;;;;;;;;;;;;;;;;;;;;;;;;;
21:10:20;12;23;9999;063;999;09;111111111111000000000000;000000000000000000000000;11101000;000;_;e;10;000001100000000000000000;____;07;034;050;021;030;034;006;0425743467;;;;;;;;;;;;;;;;;;;;;;;;;;;;;;;;;;;;;;;;;;;;;;;;;;
21:11:02;12;24;9999;064;999;09;111111111111000000000000;000000000000000000000000;11101000;000;_;e;10;100000000100000000000000;____;01;036;100;017;011;038;038;0425743468;;;;;;;;;;;;;;;;;;;;;;;;;;;;;;;;;;;;;;;;;;;;;;;;;;
21:13:40;12;25;9999;043;999;09;111111111111000000000000;000000000000000000000000;11101000;000;_;e;10;000000000100000000000000;____;10;003;061;016;002;003;027;0425723569;;;;;;;;;;;;;;;;;;;;;;;;;;;;;;;;;;;;;;;;;;;;;;;;;;
21:14:30;12;26;9999;063;999;09;111111111111000000000000;000000000000000000000000;11101000;000;_;e;10;100000000000000000000000;____;01;027;100;017;027;029;026;0425700584;;;;;;;;;;;;;;;;;;;;;;;;;;;;;;;;;;;;;;;;;;;;;;;;;;
21:16:46;12;27;9999;077;999;09;111111111111000000000000;000000000000000000000000;11101000;000;_;e;10;000011101100000000000000;____;05;029;049;031;028;033;042;0425700695;;;;;;;;;;;;;;;;;;;;;;;;;;;;;;;;;;;;;;;;;;;;;;;;;;
21:20:01;12;28;9999;054;999;09;111111111111000000000000;000000000000000000000000;11101000;000;_;e;10;100000000000000000000000;____;01;030;098;007;030;030;010;0425743321;;;;;;;;;;;;;;;;;;;;;;;;;;;;;;;;;;;;;;;;;;;;;;;;;;
21:22:37;12;29;9999;055;999;09;111111111111000000000000;000000000000000000000000;11101000;000;_;e;10;111000000000000000000000;____;01;038;101;005;006;039;084;0425700586;;;;;;;;;;;;;;;;;;;;;;;;;;;;;;;;;;;;;;;;;;;;;;;;;;
21:23:16;12;30;9999;074;999;09;111111111111000000000000;000000000000000000000000;11101000;000;_;e;10;111001010000000000000000;____;03;043;084;020;039;044;069;0425743322;;;;;;;;;;;;;;;;;;;;;;;;;;;;;;;;;;;;;;;;;;;;;;;;;;
21:25:15;12;31;9999;056;999;09;111111111111000000000000;000000000000000000000000;11101000;000;_;e;10;001000001100000000000000;____;09;019;077;015;018;028;065;0425742945;;;;;;;;;;;;;;;;;;;;;;;;;;;;;;;;;;;;;;;;;;;;;;;;;;
21:25:28;12;32;9999;075;999;09;111111111111000000000000;000000000000000000000000;11101000;000;_;e;10;000000110000000000000000;____;08;037;042;020;037;039;036;0425743323;;;;;;;;;;;;;;;;;;;;;;;;;;;;;;;;;;;;;;;;;;;;;;;;;;
21:29:22;12;33;9999;053;999;09;111111111111000000000000;000000000000000000000000;11101000;000;_;e;10;001101001100000000000000;____;09;028;076;039;024;031;066;0425741942;;;;;;;;;;;;;;;;;;;;;;;;;;;;;;;;;;;;;;;;;;;;;;;;;;
21:33:45;12;34;9999;056;999;09;111111111111000000000000;000000000000000000000000;11101000;000;_;e;10;000110000100000000000000;____;04;014;090;021;002;015;011;0425741944;;;;;;;;;;;;;;;;;;;;;;;;;;;;;;;;;;;;;;;;;;;;;;;;;;
21:41:28;12;35;9999;075;999;09;111111111111000000000000;000000000000000000000000;11101000;000;_;e;10;000010100000000000000000;____;07;047;047;030;045;048;060;0425742952;;;;;;;;;;;;;;;;;;;;;;;;;;;;;;;;;;;;;;;;;;;;;;;;;;
21:51:49;12;36;9999;075;999;09;111111111111000000000000;000000000000000000000000;11101000;000;_;e;10;101111001000000000000000;____;06;049;082;032;033;053;061;0425743327;;;;;;;;;;;;;;;;;;;;;;;;;;;;;;;;;;;;;;;;;;;;;;;;;;
21:56:50;12;37;9999;056;999;09;111111111111000000000000;000000000000000000000000;11101000;000;_;e;10;111110001100000000000000;____;02;027;097;021;-03;060;045;0425741945;;;;;;;;;;;;;;;;;;;;;;;;;;;;;;;;;;;;;;;;;;;;;;;;;;
21:57:49;12;38;9999;055;999;09;111111111111000000000000;000000000000000000000000;11101000;000;_;e;10;001011001100000000000000;____;06;001;076;024;-12;002;051;0425741946;;;;;;;;;;;;;;;;;;;;;;;;;;;;;;;;;;;;;;;;;;;;;;;;;;
22:00:55;12;39;9999;062;999;09;111111111111000000000000;000000000000000000000000;11101000;000;_;e;10;110000000000000000000000;____;01;045;103;005;042;050;079;0425741950;;;;;;;;;;;;;;;;;;;;;;;;;;;;;;;;;;;;;;;;;;;;;;;;;;
22:17:29;12;40;9999;076;999;09;111111111111000000000000;000000000000000000000000;11101000;000;_;e;10;001110000100000000000000;____;04;045;088;023;036;046;085;0425743483;;;;;;;;;;;;;;;;;;;;;;;;;;;;;;;;;;;;;;;;;;;;;;;;;;
22:25:35;12;41;9999;065;999;09;111111111111000000000000;000000000000000000000000;11101000;000;_;e;10;011100000100000000000000;____;03;015;089;012;010;016;097;0425723582;;;;;;;;;;;;;;;;;;;;;;;;;;;;;;;;;;;;;;;;;;;;;;;;;;
22:30:10;12;42;9999;065;999;09;111111111111000000000000;000000000000000000000000;11101000;000;_;e;10;111101000000000000000000;____;02;035;098;023;026;042;040;0425741958;;;;;;;;;;;;;;;;;;;;;;;;;;;;;;;;;;;;;;;;;;;;;;;;;;
22:32:44;12;43;9999;074;999;09;111111111111000000000000;000000000000000000000000;11101000;000;_;e;10;001111001100000000000000;____;05;066;069;023;038;071;127;0425743490;;;;;;;;;;;;;;;;;;;;;;;;;;;;;;;;;;;;;;;;;;;;;;;;;;
