RDT400 Server V3.30
Site: 
System: Barcode scanner PLC06_178 (Sick); System type: OPS
Date: 03-01-2025  00:00:17
Date    ;ID;CT;IDX ;TLE;TGA;V ;DEVICE LIST             ;ERROR LIST              ;OUTPUT  ;ENR;R;CODE1 ID;LENGTH;READ LIST;RES;CLV ID;XPOS;YPOS;ZPOS;XMIN;XMAX;CS;CODE CONTENT;XPOS;YPOS;ZPOS;XMIN;XMAX;CS;CODE CONTENT;CODE2 ID;LENGTH;READ LIST;RES;CLV ID;XPOS;YPOS;ZPOS;XMIN;XMAX;CS;CODE CONTENT;XPOS;YPOS;ZPOS;XMIN;XMAX;CS;CODE CONTENT;CODE3 ID;LENGTH;READ LIST;RES;CLV ID;XPOS;YPOS;ZPOS;XMIN;XMAX;CS;CODE CONTENT;XPOS;YPOS;ZPOS;XMIN;XMAX;CS;CODE CONTENT;INFO1;INFO2;CUSTOM1;CUSTOM2;
05:04:54;17;58;9999;077;999;11;111111111111000000000000;000000000000000000000000;11101000;000;_;e;10;000101001000000000000000;____;06;024;064;022;020;024;044;0425757617;;;;;;;;;;;;;;;;;;;;;;;;;;;;;;;;;;;;;;;;;;;;;;;;;;
05:04:56;17;59;9999;059;143;11;111111111111000000000000;000000000000000000000000;11101000;000;_;e;10;100111101000000000000000;____;05;018;046;015;013;033;081;0425757618;;;;;;;;;;;;;;;;;;;;;;;;;;;;;;;;;;;;;;;;;;;;;;;;;;
05:04:59;17;60;9999;089;162;02;111111111111000000000000;000000000000000000000000;11101000;000;_;e;10;100000001001000000000000;____;09;062;056;000;039;062;017;0425757619;;;;;;;;;;;;;;;;;;;;;;;;;;;;;;;;;;;;;;;;;;;;;;;;;;
05:05:01;17;61;9999;079;144;11;111111111111000000000000;000000000000000000000000;11101000;000;_;e;10;011111001100000000000000;____;04;024;068;033;023;078;138;0425757620;;;;;;;;;;;;;;;;;;;;;;;;;;;;;;;;;;;;;;;;;;;;;;;;;;
05:34:16;17;62;9999;055;999;11;111111111111000000000000;000000000000000000000000;11101000;000;_;e;10;000000001000000000000000;____;09;003;042;040;002;003;046;0425757852;;;;;;;;;;;;;;;;;;;;;;;;;;;;;;;;;;;;;;;;;;;;;;;;;;
05:34:18;17;63;9999;046;142;11;111111111111000000000000;000000000000000000000000;11101000;000;_;e;10;000011001000000000000000;____;06;-12;055;022;-13;-08;060;0425752886;;;;;;;;;;;;;;;;;;;;;;;;;;;;;;;;;;;;;;;;;;;;;;;;;;
05:34:20;17;64;9999;051;211;11;111111111111000000000000;000000000000000000000000;11010000;000;_;;;;;;;;;;;;;;;;;;;;;;;;;;;;;;;;;;;;;;;;;;;;;;;;;;;;;;;;;;;;;;
05:34:22;17;65;9999;041;176;11;111111111111000000000000;000000000000000000000000;11101000;000;_;e;10;110000000000000000000000;____;01;-03;060;009;-13;-01;016;0425757854;;;;;;;;;;;;;;;;;;;;;;;;;;;;;;;;;;;;;;;;;;;;;;;;;;
05:34:24;17;66;9999;049;169;11;111111111111000000000000;000000000000000000000000;11101000;000;_;e;10;000000000010000000000000;____;11;-17;034;004;-17;-17;022;0425757855;;;;;;;;;;;;;;;;;;;;;;;;;;;;;;;;;;;;;;;;;;;;;;;;;;
05:34:26;17;67;9999;061;167;11;111111111111000000000000;000000000000000000000000;11101000;000;_;e;10;100101001001000000000000;____;09;026;053;009;023;031;053;0425752887;;;;;;;;;;;;;;;;;;;;;;;;;;;;;;;;;;;;;;;;;;;;;;;;;;
05:34:32;17;68;9999;044;185;08;111111111111000000000000;000000000000000000000000;11010000;000;_;;;;;;;;;;;;;;;;;;;;;;;;;;;;;;;;;;;;;;;;;;;;;;;;;;;;;;;;;;;;;;
05:34:34;17;69;9999;044;152;11;111111111111000000000000;000000000000000000000000;11101000;000;_;e;10;000001000000000000000000;____;06;-05;043;013;-06;-05;024;0425758643;;;;;;;;;;;;;;;;;;;;;;;;;;;;;;;;;;;;;;;;;;;;;;;;;;
05:34:36;17;70;9999;065;164;11;111111111111000000000000;000000000000000000000000;11101000;000;_;e;10;000000001100000000000000;____;10;009;031;001;-07;009;005;0425758642;;;;;;;;;;;;;;;;;;;;;;;;;;;;;;;;;;;;;;;;;;;;;;;;;;
05:34:38;17;71;9999;073;147;11;111111111111000000000000;000000000000000000000000;11101000;000;_;e;10;000100001000000000000000;____;09;034;049;031;005;034;043;0425758644;;;;;;;;;;;;;;;;;;;;;;;;;;;;;;;;;;;;;;;;;;;;;;;;;;
05:34:41;17;72;9999;065;241;11;111111111111000000000000;000000000000000000000000;11101000;000;_;e;10;000000001000000000000000;____;09;011;025;033;011;011;003;0425690855;;;;;;;;;;;;;;;;;;;;;;;;;;;;;;;;;;;;;;;;;;;;;;;;;;
05:34:45;17;73;9999;081;165;00;111111111111000000000000;000000000000000000000000;11101000;000;_;e;10;110110000001000000000000;____;05;-09;064;011;-12;-04;047;0425752888;;;;;;;;;;;;;;;;;;;;;;;;;;;;;;;;;;;;;;;;;;;;;;;;;;
05:34:48;17;74;9999;042;158;07;111111111111000000000000;000000000000000000000000;11101000;000;_;e;10;000000000010000000000000;____;11;021;039;004;020;021;016;0425758645;;;;;;;;;;;;;;;;;;;;;;;;;;;;;;;;;;;;;;;;;;;;;;;;;;
05:34:50;17;75;9999;084;200;11;111111111111000000000000;000000000000000000000000;11101000;000;_;e;10;000010100000000000000000;____;07;022;001;021;022;026;031;0425758646;;;;;;;;;;;;;;;;;;;;;;;;;;;;;;;;;;;;;;;;;;;;;;;;;;
05:34:53;17;76;9999;079;084;02;111111111111000000000000;000000000000000000000000;11101000;000;_;e;10;010100000001000000000000;____;04;-18;057;000;-18;008;037;0425757857;;;;;;;;;;;;;;;;;;;;;;;;;;;;;;;;;;;;;;;;;;;;;;;;;;
05:34:55;17;77;9999;057;154;11;111111111111000000000000;000000000000000000000000;11101000;000;_;e;10;000111001000000000000000;____;06;012;055;006;010;014;036;0425757856;;;;;;;;;;;;;;;;;;;;;;;;;;;;;;;;;;;;;;;;;;;;;;;;;;
05:35:01;17;78;9999;061;355;11;111111111111000000000000;000000000000000000000000;11101000;000;_;e;10;000010001010000000000000;____;09;038;016;006;034;042;066;0425752893;;;;;;;;;;;;;;;;;;;;;;;;;;;;;;;;;;;;;;;;;;;;;;;;;;
05:35:05;17;79;9999;078;352;11;111111111111000000000000;000000000000000000000000;11010000;000;_;;;;;;;;;;;;;;;;;;;;;;;;;;;;;;;;;;;;;;;;;;;;;;;;;;;;;;;;;;;;;;
05:35:08;17;80;9999;069;241;11;111111111111000000000000;000000000000000000000000;11101000;000;_;e;10;000000011000000000000000;____;08;-16;006;008;-16;006;008;0425752892;;;;;;;;;;;;;;;;;;;;;;;;;;;;;;;;;;;;;;;;;;;;;;;;;;
05:35:10;17;81;9999;065;148;11;111111111111000000000000;000000000000000000000000;11101000;000;_;e;10;000000110000000000000000;____;07;007;000;011;-17;008;041;0425752889;;;;;;;;;;;;;;;;;;;;;;;;;;;;;;;;;;;;;;;;;;;;;;;;;;
05:35:12;17;82;9999;038;156;11;111111111111000000000000;000000000000000000000000;11101000;000;_;e;10;110001000000000000000000;____;01;-06;065;003;-16;-06;038;0425752894;;;;;;;;;;;;;;;;;;;;;;;;;;;;;;;;;;;;;;;;;;;;;;;;;;
05:35:14;17;83;9999;051;201;11;111111111111000000000000;000000000000000000000000;11101000;000;_;e;10;110000000000000000000000;____;01;008;049;013;005;009;034;0425752895;;;;;;;;;;;;;;;;;;;;;;;;;;;;;;;;;;;;;;;;;;;;;;;;;;
05:35:16;17;84;9999;069;175;11;111111111111000000000000;000000000000000000000000;11101000;000;_;e;10;100101101000000000000000;____;01;016;050;027;012;031;053;0425752896;;;;;;;;;;;;;;;;;;;;;;;;;;;;;;;;;;;;;;;;;;;;;;;;;;
05:35:18;17;85;9999;076;168;11;111111111111000000000000;000000000000000000000000;11101000;000;_;e;10;000011110010000000000000;____;08;000;008;007;000;020;044;0425752897;;;;;;;;;;;;;;;;;;;;;;;;;;;;;;;;;;;;;;;;;;;;;;;;;;
05:35:22;17;86;9999;061;151;02;111111111111000000000000;000000000000000000000000;11101000;000;_;e;10;000000100000000000000000;____;07;-02;047;007;-02;-01;023;0425752898;;;;;;;;;;;;;;;;;;;;;;;;;;;;;;;;;;;;;;;;;;;;;;;;;;
05:35:25;17;87;9999;085;163;07;111111111111000000000000;000000000000000000000000;11101000;000;_;e;10;010111001000000000000000;____;05;053;027;012;033;055;047;0425757860;;;;;;;;;;;;;;;;;;;;;;;;;;;;;;;;;;;;;;;;;;;;;;;;;;
05:35:28;17;88;9999;068;151;11;111111111111000000000000;000000000000000000000000;11101000;000;_;e;10;000000000001000000000000;____;12;044;065;004;036;044;076;0425752899;;;;;;;;;;;;;;;;;;;;;;;;;;;;;;;;;;;;;;;;;;;;;;;;;;
05:35:30;17;89;9999;059;155;11;111111111111000000000000;000000000000000000000000;11101000;000;_;e;10;000111000000000000000000;____;04;006;052;018;004;006;040;0425759032;;;;;;;;;;;;;;;;;;;;;;;;;;;;;;;;;;;;;;;;;;;;;;;;;;
05:35:35;17;90;9999;075;199;00;111111111111000000000000;000000000000000000000000;11101000;000;_;e;10;110101001000000000000000;____;01;013;053;020;008;014;069;0425759033;;;;;;;;;;;;;;;;;;;;;;;;;;;;;;;;;;;;;;;;;;;;;;;;;;
05:35:38;17;91;9999;055;236;11;111111111111000000000000;000000000000000000000000;11101000;000;_;e;10;000110110000000000000000;____;05;-15;014;018;-20;-08;030;0425757859;;;;;;;;;;;;;;;;;;;;;;;;;;;;;;;;;;;;;;;;;;;;;;;;;;
05:35:40;17;92;9999;077;184;11;111111111111000000000000;000000000000000000000000;11101000;000;_;e;10;100010000000000000000000;____;05;-20;043;036;-20;-06;026;0425757861;;;;;;;;;;;;;;;;;;;;;;;;;;;;;;;;;;;;;;;;;;;;;;;;;;
05:35:41;17;93;9999;044;062;11;111111111111000000000000;000000000000000000000000;11101000;000;_;e;10;000010110000000000000000;____;08;010;000;011;008;020;042;0425757862;;;;;;;;;;;;;;;;;;;;;;;;;;;;;;;;;;;;;;;;;;;;;;;;;;
06:04:40;17;94;9999;080;999;11;111111111111000000000000;000000000000000000000000;11101000;000;_;e;10;110100000000000000000000;____;01;018;071;012;014;018;024;0425758700;;;;;;;;;;;;;;;;;;;;;;;;;;;;;;;;;;;;;;;;;;;;;;;;;;
06:04:42;17;95;9999;052;146;11;111111111111000000000000;000000000000000000000000;11101000;000;_;e;10;000111000000000000000000;____;06;-07;041;023;-08;-01;037;0425758701;;;;;;;;;;;;;;;;;;;;;;;;;;;;;;;;;;;;;;;;;;;;;;;;;;
06:04:44;17;96;9999;045;149;11;111111111111000000000000;000000000000000000000000;11101000;000;_;e;10;100110001000000000000000;____;01;002;064;020;000;002;049;0425758826;;;;;;;;;;;;;;;;;;;;;;;;;;;;;;;;;;;;;;;;;;;;;;;;;;
06:04:47;17;97;9999;052;148;01;111111111111000000000000;000000000000000000000000;11101000;000;_;e;10;000000110010000000000000;____;11;021;015;004;019;022;019;0425758827;;;;;;;;;;;;;;;;;;;;;;;;;;;;;;;;;;;;;;;;;;;;;;;;;;
06:04:49;17;98;9999;070;156;11;111111111111000000000000;000000000000000000000000;11101000;000;_;e;10;000001101000000000000000;____;06;-09;008;011;-09;002;275;0425758828;;;;;;;;;;;;;;;;;;;;;;;;;;;;;;;;;;;;;;;;;;;;;;;;;;
06:04:52;17;99;9999;046;175;09;111111111111000000000000;000000000000000000000000;11010000;000;_;;;;;;;;;;;;;;;;;;;;;;;;;;;;;;;;;;;;;;;;;;;;;;;;;;;;;;;;;;;;;;
06:04:54;17;01;9999;076;134;11;111111111111000000000000;000000000000000000000000;11010000;000;_;;;;;;;;;;;;;;;;;;;;;;;;;;;;;;;;;;;;;;;;;;;;;;;;;;;;;;;;;;;;;;
06:04:58;17;02;9999;068;334;11;111111111111000000000000;000000000000000000000000;11101000;000;_;e;10;000111001010000000000000;____;09;040;023;009;002;047;072;0425758831;;;;;;;;;;;;;;;;;;;;;;;;;;;;;;;;;;;;;;;;;;;;;;;;;;
06:34:49;17;03;9999;079;999;11;111111111111000000000000;000000000000000000000000;11101000;000;_;e;10;000101001000000000000000;____;06;018;052;033;015;022;072;0425757751;;;;;;;;;;;;;;;;;;;;;;;;;;;;;;;;;;;;;;;;;;;;;;;;;;
06:34:51;17;04;9999;080;149;11;111111111111000000000000;000000000000000000000000;11101000;000;_;e;10;000111101000000000000000;____;04;023;054;026;020;025;048;0425752771;;;;;;;;;;;;;;;;;;;;;;;;;;;;;;;;;;;;;;;;;;;;;;;;;;
06:34:55;17;05;9999;057;165;03;111111111111000000000000;000000000000000000000000;11101000;000;_;e;10;000000001000000000000000;____;09;035;046;022;033;035;033;0425760200;;;;;;;;;;;;;;;;;;;;;;;;;;;;;;;;;;;;;;;;;;;;;;;;;;
06:34:57;17;06;9999;079;168;11;111111111111000000000000;000000000000000000000000;11101000;000;_;e;10;000111001000000000000000;____;09;005;055;032;003;036;041;0425752772;;;;;;;;;;;;;;;;;;;;;;;;;;;;;;;;;;;;;;;;;;;;;;;;;;
06:35:00;17;07;9999;057;258;11;111111111111000000000000;000000000000000000000000;11010000;000;_;;;;;;;;;;;;;;;;;;;;;;;;;;;;;;;;;;;;;;;;;;;;;;;;;;;;;;;;;;;;;;
06:35:03;17;08;9999;045;235;11;111111111111000000000000;000000000000000000000000;11101000;000;_;e;10;000100001000000000000000;____;04;-01;079;013;-01;006;033;0425760201;;;;;;;;;;;;;;;;;;;;;;;;;;;;;;;;;;;;;;;;;;;;;;;;;;
06:35:04;17;09;9999;081;156;11;111111111111000000000000;000000000000000000000000;11101000;000;_;e;10;000011011000000000000000;____;05;023;064;042;020;029;059;0425757752;;;;;;;;;;;;;;;;;;;;;;;;;;;;;;;;;;;;;;;;;;;;;;;;;;
06:35:07;17;10;9999;075;171;11;111111111111000000000000;000000000000000000000000;11101000;000;_;e;10;000001100000000000000000;____;06;-15;034;017;-17;021;023;0425760202;;;;;;;;;;;;;;;;;;;;;;;;;;;;;;;;;;;;;;;;;;;;;;;;;;
06:35:09;17;11;9999;061;154;11;111111111111000000000000;000000000000000000000000;11101000;000;_;e;10;000001100000000000000000;____;07;-03;019;019;-03;-02;031;0425760203;;;;;;;;;;;;;;;;;;;;;;;;;;;;;;;;;;;;;;;;;;;;;;;;;;
07:34:40;17;12;9999;053;999;11;111111111111000000000000;000000000000000000000000;11101000;000;_;e;10;000011100010000000000000;____;06;007;020;020;005;023;039;0425761200;;;;;;;;;;;;;;;;;;;;;;;;;;;;;;;;;;;;;;;;;;;;;;;;;;
07:34:41;17;13;9999;080;151;11;111111111111000000000000;000000000000000000000000;11101000;000;_;e;10;000111001000000000000000;____;09;009;049;030;005;021;055;0425761201;;;;;;;;;;;;;;;;;;;;;;;;;;;;;;;;;;;;;;;;;;;;;;;;;;
07:34:44;17;14;9999;062;147;11;111111111111000000000000;000000000000000000000000;11101000;000;_;e;10;000000010000000000000000;____;08;-12;023;007;-12;-11;019;0425761202;;;;;;;;;;;;;;;;;;;;;;;;;;;;;;;;;;;;;;;;;;;;;;;;;;
07:34:47;17;15;9999;054;156;10;111111111111000000000000;000000000000000000000000;11101000;000;_;e;10;000011100000000000000000;____;05;-04;048;025;-05;-04;053;0425761204;;;;;;;;;;;;;;;;;;;;;;;;;;;;;;;;;;;;;;;;;;;;;;;;;;
07:34:50;17;16;9999;078;151;00;111111111111000000000000;000000000000000000000000;11101000;000;_;e;10;100011000000000000000000;____;06;-11;023;019;-11;-05;061;0425761203;;;;;;;;;;;;;;;;;;;;;;;;;;;;;;;;;;;;;;;;;;;;;;;;;;
07:34:52;17;17;9999;065;190;11;111111111111000000000000;000000000000000000000000;11101000;000;_;e;10;000001000000000000000000;____;06;-09;070;019;-09;-09;006;0425761205;;;;;;;;;;;;;;;;;;;;;;;;;;;;;;;;;;;;;;;;;;;;;;;;;;
08:04:13;17;18;9999;060;999;11;111111111111000000000000;000000000000000000000000;11101000;000;_;e;10;000110001000000000000000;____;05;039;022;018;036;040;077;0425747303;;;;;;;;;;;;;;;;;;;;;;;;;;;;;;;;;;;;;;;;;;;;;;;;;;
08:04:15;17;19;9999;069;162;11;111111111111000000000000;000000000000000000000000;11101000;000;_;e;10;000111001001000000000000;____;04;034;052;003;033;040;083;0425761600;;;;;;;;;;;;;;;;;;;;;;;;;;;;;;;;;;;;;;;;;;;;;;;;;;
08:04:17;17;20;9999;071;132;11;111111111111000000000000;000000000000000000000000;11101000;000;_;e;10;110101000001000000000000;____;01;025;054;020;003;026;060;0425761602;;;;;;;;;;;;;;;;;;;;;;;;;;;;;;;;;;;;;;;;;;;;;;;;;;
08:04:19;17;21;9999;045;147;11;111111111111000000000000;000000000000000000000000;11101000;000;_;e;10;110100001101000000000000;____;01;-02;070;004;-06;030;031;0425761604;;;;;;;;;;;;;;;;;;;;;;;;;;;;;;;;;;;;;;;;;;;;;;;;;;
08:04:21;17;22;9999;066;185;11;111111111111000000000000;000000000000000000000000;11101000;000;_;e;10;000000000010000000000000;____;11;-16;007;004;-16;-16;003;0425761603;;;;;;;;;;;;;;;;;;;;;;;;;;;;;;;;;;;;;;;;;;;;;;;;;;
08:04:23;17;23;9999;058;180;11;111111111111000000000000;000000000000000000000000;11101000;000;_;e;10;000001110000000000000000;____;06;-06;002;029;-06;004;023;0425749072;;;;;;;;;;;;;;;;;;;;;;;;;;;;;;;;;;;;;;;;;;;;;;;;;;
08:04:26;17;24;9999;059;166;11;111111111111000000000000;000000000000000000000000;11101000;000;_;e;10;000000100010000000000000;____;07;-09;014;007;-09;-06;004;0425749074;;;;;;;;;;;;;;;;;;;;;;;;;;;;;;;;;;;;;;;;;;;;;;;;;;
08:04:30;17;25;9999;054;172;00;111111111111000000000000;000000000000000000000000;11101000;000;_;e;10;000000100000000000000000;____;07;-14;001;012;-14;-14;003;0425749073;;;;;;;;;;;;;;;;;;;;;;;;;;;;;;;;;;;;;;;;;;;;;;;;;;
08:04:32;17;26;9999;116;182;11;111111111111000000000000;000000000000000000000000;11001000;000;_;e;10;110011011011000000000000;____;12;-10;059;004;-13;-03;038;0425761601;048;022;024;031;048;009;0425761606;;;;;;;;;;;;;;;;;;;;;;;;;;;;;;;;;;;;;;;;;;;
08:04:39;17;27;9999;064;280;00;111111111111000000000000;000000000000000000000000;11101000;000;_;e;10;000001001000000000000000;____;06;038;055;009;037;039;060;0425761605;;;;;;;;;;;;;;;;;;;;;;;;;;;;;;;;;;;;;;;;;;;;;;;;;;
08:04:43;17;28;9999;053;234;03;111111111111000000000000;000000000000000000000000;11101000;000;_;e;10;000011001110000000000000;____;09;035;030;014;026;037;034;0425761607;;;;;;;;;;;;;;;;;;;;;;;;;;;;;;;;;;;;;;;;;;;;;;;;;;
08:04:45;17;29;9999;066;188;11;111111111111000000000000;000000000000000000000000;11101000;000;_;e;10;000001000010000000000000;____;06;-18;016;004;-18;022;033;0425761608;;;;;;;;;;;;;;;;;;;;;;;;;;;;;;;;;;;;;;;;;;;;;;;;;;
08:04:47;17;30;9999;068;120;11;111111111111000000000000;000000000000000000000000;11101000;000;_;e;10;111111001000000000000000;____;04;000;062;006;-02;006;065;0425761609;;;;;;;;;;;;;;;;;;;;;;;;;;;;;;;;;;;;;;;;;;;;;;;;;;
08:04:49;17;31;9999;068;118;11;111111111111000000000000;000000000000000000000000;11101000;000;_;e;10;000000001001000000000000;____;09;032;051;007;032;033;026;0425761611;;;;;;;;;;;;;;;;;;;;;;;;;;;;;;;;;;;;;;;;;;;;;;;;;;
08:04:53;17;32;9999;046;164;08;111111111111000000000000;000000000000000000000000;11101000;000;_;e;10;000011001000000000000000;____;09;016;038;026;-04;016;052;0425761902;;;;;;;;;;;;;;;;;;;;;;;;;;;;;;;;;;;;;;;;;;;;;;;;;;
08:04:55;17;33;9999;084;164;11;111111111111000000000000;000000000000000000000000;11101000;000;_;e;10;000111001000000000000000;____;04;036;044;011;011;040;040;0425761903;;;;;;;;;;;;;;;;;;;;;;;;;;;;;;;;;;;;;;;;;;;;;;;;;;
08:04:57;17;34;9999;072;149;11;111111111111000000000000;000000000000000000000000;11101000;000;_;e;10;000001110010000000000000;____;06;-06;022;009;-06;001;051;0425761901;;;;;;;;;;;;;;;;;;;;;;;;;;;;;;;;;;;;;;;;;;;;;;;;;;
08:05:00;17;35;9999;054;121;05;111111111111000000000000;000000000000000000000000;11101000;000;_;e;10;000010100000000000000000;____;05;025;012;011;018;025;037;0316161061;;;;;;;;;;;;;;;;;;;;;;;;;;;;;;;;;;;;;;;;;;;;;;;;;;
08:05:02;17;36;9999;085;204;11;111111111111000000000000;000000000000000000000000;11101000;000;_;e;10;100111001100000000000000;____;04;026;047;028;025;042;031;0425761612;;;;;;;;;;;;;;;;;;;;;;;;;;;;;;;;;;;;;;;;;;;;;;;;;;
08:05:06;17;37;9999;053;158;10;111111111111000000000000;000000000000000000000000;11010000;000;_;;;;;;;;;;;;;;;;;;;;;;;;;;;;;;;;;;;;;;;;;;;;;;;;;;;;;;;;;;;;;;
08:05:08;17;38;9999;053;085;11;111111111111000000000000;000000000000000000000000;11101000;000;_;e;10;000000001000000000000000;____;09;025;055;011;023;025;019;0316161062;;;;;;;;;;;;;;;;;;;;;;;;;;;;;;;;;;;;;;;;;;;;;;;;;;
08:05:11;17;39;9999;052;152;04;111111111111000000000000;000000000000000000000000;11101000;000;_;e;10;000010000000000000000000;____;05;-09;015;021;-10;-09;007;0425761905;;;;;;;;;;;;;;;;;;;;;;;;;;;;;;;;;;;;;;;;;;;;;;;;;;
08:05:13;17;40;9999;061;156;11;111111111111000000000000;000000000000000000000000;11101000;000;_;e;10;000001001011000000000000;____;09;023;054;007;010;026;040;0425761904;;;;;;;;;;;;;;;;;;;;;;;;;;;;;;;;;;;;;;;;;;;;;;;;;;
08:05:18;17;41;9999;086;337;11;111111111111000000000000;000000000000000000000000;11101000;000;_;e;10;000110001100000000000000;____;05;-08;049;005;-08;046;085;0425761906;;;;;;;;;;;;;;;;;;;;;;;;;;;;;;;;;;;;;;;;;;;;;;;;;;
08:05:22;17;42;9999;082;325;11;111111111111000000000000;000000000000000000000000;11101000;000;_;e;10;000011000000000000000000;____;06;010;038;029;010;036;053;0425761907;;;;;;;;;;;;;;;;;;;;;;;;;;;;;;;;;;;;;;;;;;;;;;;;;;
08:05:25;17;43;9999;040;238;11;111111111111000000000000;000000000000000000000000;11010000;000;_;;;;;;;;;;;;;;;;;;;;;;;;;;;;;;;;;;;;;;;;;;;;;;;;;;;;;;;;;;;;;;
08:05:27;17;44;9999;071;168;11;111111111111000000000000;000000000000000000000000;11101000;000;_;e;10;110001000001000000000000;____;01;024;058;007;018;032;027;0316161064;;;;;;;;;;;;;;;;;;;;;;;;;;;;;;;;;;;;;;;;;;;;;;;;;;
08:05:29;17;45;9999;072;159;11;111111111111000000000000;000000000000000000000000;11101000;000;_;e;10;000011101000000000000000;____;05;030;023;010;001;031;065;0316161065;;;;;;;;;;;;;;;;;;;;;;;;;;;;;;;;;;;;;;;;;;;;;;;;;;
08:05:31;17;46;9999;060;163;11;111111111111000000000000;000000000000000000000000;11101000;000;_;e;10;000111001110000000000000;____;09;038;028;014;017;041;061;0316161066;;;;;;;;;;;;;;;;;;;;;;;;;;;;;;;;;;;;;;;;;;;;;;;;;;
08:05:36;17;47;9999;087;260;11;111111111111000000000000;000000000000000000000000;11101000;000;_;e;10;000110101010000000000000;____;09;057;018;006;054;061;049;0316161068;;;;;;;;;;;;;;;;;;;;;;;;;;;;;;;;;;;;;;;;;;;;;;;;;;
08:05:39;17;48;9999;058;153;11;111111111111000000000000;000000000000000000000000;11001000;000;_;e;10;000111001000000000000000;____;09;030;051;010;008;031;012;0316161067;001;040;022;001;003;010;0316145207;;;;;;;;;;;;;;;;;;;;;;;;;;;;;;;;;;;;;;;;;;;
08:05:43;17;49;9999;065;126;01;111111111111000000000000;000000000000000000000000;11101000;000;_;e;10;010110000000000000000000;____;02;-01;051;013;-10;000;011;0316161069;;;;;;;;;;;;;;;;;;;;;;;;;;;;;;;;;;;;;;;;;;;;;;;;;;
08:05:46;17;50;9999;051;236;11;111111111111000000000000;000000000000000000000000;11010000;000;_;;;;;;;;;;;;;;;;;;;;;;;;;;;;;;;;;;;;;;;;;;;;;;;;;;;;;;;;;;;;;;
08:05:48;17;51;9999;068;183;11;111111111111000000000000;000000000000000000000000;11101000;000;_;e;10;000000001010000000000000;____;09;038;030;007;033;038;013;0316161071;;;;;;;;;;;;;;;;;;;;;;;;;;;;;;;;;;;;;;;;;;;;;;;;;;
08:34:40;17;52;9999;051;999;11;111111111111000000000000;000000000000000000000000;11101000;000;_;e;10;000000111000000000000000;____;07;016;009;009;015;022;034;0316160863;;;;;;;;;;;;;;;;;;;;;;;;;;;;;;;;;;;;;;;;;;;;;;;;;;
08:34:42;17;53;9999;058;177;11;111111111111000000000000;000000000000000000000000;11101000;000;_;e;10;100101001101000000000000;____;06;007;048;008;005;010;044;0316160864;;;;;;;;;;;;;;;;;;;;;;;;;;;;;;;;;;;;;;;;;;;;;;;;;;
08:34:44;17;54;9999;045;146;11;111111111111000000000000;000000000000000000000000;11101000;000;_;e;10;000111001000000000000000;____;09;015;049;018;-10;017;069;0316160865;;;;;;;;;;;;;;;;;;;;;;;;;;;;;;;;;;;;;;;;;;;;;;;;;;
08:34:47;17;55;9999;060;188;01;111111111111000000000000;000000000000000000000000;11101000;000;_;e;10;010011101000000000000000;____;05;034;013;012;021;036;106;0316160866;;;;;;;;;;;;;;;;;;;;;;;;;;;;;;;;;;;;;;;;;;;;;;;;;;
08:34:49;17;56;9999;074;178;11;111111111111000000000000;000000000000000000000000;11101000;000;_;e;10;000111001000000000000000;____;09;-03;050;028;-04;000;058;0316160868;;;;;;;;;;;;;;;;;;;;;;;;;;;;;;;;;;;;;;;;;;;;;;;;;;
08:34:51;17;57;9999;060;146;11;111111111111000000000000;000000000000000000000000;11101000;000;_;e;10;100000000000000000000000;____;01;019;055;007;019;020;023;0316160869;;;;;;;;;;;;;;;;;;;;;;;;;;;;;;;;;;;;;;;;;;;;;;;;;;
10:04:52;17;58;9999;076;999;11;111111111111000000000000;000000000000000000000000;11101000;000;_;e;10;000111101100000000000000;____;04;006;049;023;000;012;079;0425757667;;;;;;;;;;;;;;;;;;;;;;;;;;;;;;;;;;;;;;;;;;;;;;;;;;
10:04:54;17;59;9999;050;156;11;111111111111000000000000;000000000000000000000000;11101000;000;_;e;10;000000001001000000000000;____;09;025;052;009;025;031;049;0425757668;;;;;;;;;;;;;;;;;;;;;;;;;;;;;;;;;;;;;;;;;;;;;;;;;;
10:04:57;17;60;9999;078;265;11;111111111111000000000000;000000000000000000000000;11101000;000;_;e;10;000001010010000000000000;____;08;-12;028;004;-13;-11;025;0425757669;;;;;;;;;;;;;;;;;;;;;;;;;;;;;;;;;;;;;;;;;;;;;;;;;;
10:05:00;17;61;9999;077;171;06;111111111111000000000000;000000000000000000000000;11101000;000;_;e;10;000111001100000000000000;____;06;-16;050;032;-20;-16;067;0425757670;;;;;;;;;;;;;;;;;;;;;;;;;;;;;;;;;;;;;;;;;;;;;;;;;;
10:05:02;17;62;9999;081;154;11;111111111111000000000000;000000000000000000000000;11101000;000;_;e;10;000100001000000000000000;____;04;039;068;001;009;043;012;0425757671;;;;;;;;;;;;;;;;;;;;;;;;;;;;;;;;;;;;;;;;;;;;;;;;;;
10:05:06;17;63;9999;062;157;00;111111111111000000000000;000000000000000000000000;11010000;000;_;;;;;;;;;;;;;;;;;;;;;;;;;;;;;;;;;;;;;;;;;;;;;;;;;;;;;;;;;;;;;;
10:05:08;17;64;9999;080;187;11;111111111111000000000000;000000000000000000000000;11101000;000;_;e;10;000010000000000000000000;____;05;028;055;037;027;030;016;0425757673;;;;;;;;;;;;;;;;;;;;;;;;;;;;;;;;;;;;;;;;;;;;;;;;;;
10:05:13;17;65;9999;056;236;00;111111111111000000000000;000000000000000000000000;11101000;000;_;e;10;100011001100000000000000;____;05;-08;058;039;-09;007;086;0425757676;;;;;;;;;;;;;;;;;;;;;;;;;;;;;;;;;;;;;;;;;;;;;;;;;;
10:05:16;17;66;9999;042;230;11;111111111111000000000000;000000000000000000000000;11101000;000;_;e;10;001111001000000000000000;____;09;026;065;011;023;029;037;0425757674;;;;;;;;;;;;;;;;;;;;;;;;;;;;;;;;;;;;;;;;;;;;;;;;;;
10:05:18;17;67;9999;044;161;11;111111111111000000000000;000000000000000000000000;11101000;000;_;e;10;000111001100000000000000;____;04;016;055;015;-01;018;057;0425757675;;;;;;;;;;;;;;;;;;;;;;;;;;;;;;;;;;;;;;;;;;;;;;;;;;
12:04:20;17;68;9999;075;999;11;111111111111000000000000;000000000000000000000000;11101000;000;_;e;10;000011110000000000000000;____;07;010;023;035;-02;014;053;0425750802;;;;;;;;;;;;;;;;;;;;;;;;;;;;;;;;;;;;;;;;;;;;;;;;;;
12:04:22;17;69;9999;066;246;11;111111111111000000000000;000000000000000000000000;11010000;000;_;;;;;;;;;;;;;;;;;;;;;;;;;;;;;;;;;;;;;;;;;;;;;;;;;;;;;;;;;;;;;;
12:04:25;17;70;9999;075;233;11;111111111111000000000000;000000000000000000000000;11101000;000;_;e;10;000110001000000000000000;____;05;045;023;007;042;047;074;0555709206;;;;;;;;;;;;;;;;;;;;;;;;;;;;;;;;;;;;;;;;;;;;;;;;;;
12:04:27;17;71;9999;037;164;11;111111111111000000000000;000000000000000000000000;11101000;000;_;e;10;000001110010000000000000;____;07;-03;000;010;-04;000;028;0555709205;;;;;;;;;;;;;;;;;;;;;;;;;;;;;;;;;;;;;;;;;;;;;;;;;;
12:04:29;17;72;9999;069;156;11;111111111111000000000000;000000000000000000000000;11101000;000;_;e;10;000000110000000000000000;____;07;020;005;007;018;020;019;0555788600;;;;;;;;;;;;;;;;;;;;;;;;;;;;;;;;;;;;;;;;;;;;;;;;;;
12:04:34;17;73;9999;070;467;11;111111111111000000000000;000000000000000000000000;11010000;000;_;;;;;;;;;;;;;;;;;;;;;;;;;;;;;;;;;;;;;;;;;;;;;;;;;;;;;;;;;;;;;;
12:04:48;17;74;9999;081;999;11;111111111111000000000000;000000000000000000000000;11101000;000;_;e;10;000000001000000000000000;____;09;004;035;032;004;004;004;0555753401;;;;;;;;;;;;;;;;;;;;;;;;;;;;;;;;;;;;;;;;;;;;;;;;;;
12:04:51;17;75;9999;044;217;11;111111111111000000000000;000000000000000000000000;11101000;000;_;e;10;000010001100000000000000;____;09;-10;044;044;-10;-08;017;0555756501;;;;;;;;;;;;;;;;;;;;;;;;;;;;;;;;;;;;;;;;;;;;;;;;;;
12:05:01;17;76;9999;076;999;11;111111111111000000000000;000000000000000000000000;11101000;000;_;e;10;000001001000000000000000;____;06;024;048;040;002;024;014;0555753402;;;;;;;;;;;;;;;;;;;;;;;;;;;;;;;;;;;;;;;;;;;;;;;;;;
12:05:04;17;77;9999;054;234;11;111111111111000000000000;000000000000000000000000;11010000;000;_;;;;;;;;;;;;;;;;;;;;;;;;;;;;;;;;;;;;;;;;;;;;;;;;;;;;;;;;;;;;;;
12:05:06;17;78;9999;054;165;11;111111111111000000000000;000000000000000000000000;11101000;000;_;e;10;000110100000000000000000;____;05;-08;037;023;-13;-08;012;0425758673;;;;;;;;;;;;;;;;;;;;;;;;;;;;;;;;;;;;;;;;;;;;;;;;;;
12:05:10;17;79;9999;054;186;00;111111111111000000000000;000000000000000000000000;11101000;000;_;e;10;000110000000000000000000;____;04;-16;055;026;-17;-16;006;0425758674;;;;;;;;;;;;;;;;;;;;;;;;;;;;;;;;;;;;;;;;;;;;;;;;;;
12:05:13;17;80;9999;043;233;11;111111111111000000000000;000000000000000000000000;11101000;000;_;e;10;000011111000000000000000;____;06;003;013;010;003;008;071;0425761662;;;;;;;;;;;;;;;;;;;;;;;;;;;;;;;;;;;;;;;;;;;;;;;;;;
12:05:15;17;81;9999;068;193;11;111111111111000000000000;000000000000000000000000;11101000;000;_;e;10;000001000100000000000000;____;10;002;034;024;001;017;005;0425758675;;;;;;;;;;;;;;;;;;;;;;;;;;;;;;;;;;;;;;;;;;;;;;;;;;
12:05:17;17;82;9999;055;130;11;111111111111000000000000;000000000000000000000000;11101000;000;_;e;10;100100000000000000000000;____;01;-02;056;013;-08;-02;011;0425758676;;;;;;;;;;;;;;;;;;;;;;;;;;;;;;;;;;;;;;;;;;;;;;;;;;
12:05:19;17;83;9999;064;160;11;111111111111000000000000;000000000000000000000000;11101000;000;_;e;10;010010111000000000000000;____;07;035;012;010;027;040;056;0425758677;;;;;;;;;;;;;;;;;;;;;;;;;;;;;;;;;;;;;;;;;;;;;;;;;;
12:05:24;17;84;9999;058;275;11;111111111111000000000000;000000000000000000000000;11101000;000;_;e;10;000011110010000000000000;____;06;-16;015;003;-18;007;075;0425760227;;;;;;;;;;;;;;;;;;;;;;;;;;;;;;;;;;;;;;;;;;;;;;;;;;
12:05:26;17;85;9999;054;163;11;111111111111000000000000;000000000000000000000000;11101000;000;_;e;10;000000001000000000000000;____;09;021;028;002;021;021;004;0425761663;;;;;;;;;;;;;;;;;;;;;;;;;;;;;;;;;;;;;;;;;;;;;;;;;;
12:05:28;17;86;9999;081;132;11;111111111111000000000000;000000000000000000000000;11101000;000;_;e;10;100000001000000000000000;____;09;024;055;031;019;028;029;0425761664;;;;;;;;;;;;;;;;;;;;;;;;;;;;;;;;;;;;;;;;;;;;;;;;;;
12:05:33;17;87;9999;046;244;11;111111111111000000000000;000000000000000000000000;11101000;000;_;e;10;000001000000000000000000;____;06;-08;055;037;-08;-08;002;0425761665;;;;;;;;;;;;;;;;;;;;;;;;;;;;;;;;;;;;;;;;;;;;;;;;;;
12:05:35;17;88;9999;077;160;11;111111111111000000000000;000000000000000000000000;11101000;000;_;e;10;000100001001000000000000;____;12;023;067;004;019;025;027;0425760228;;;;;;;;;;;;;;;;;;;;;;;;;;;;;;;;;;;;;;;;;;;;;;;;;;
12:05:39;17;89;9999;072;131;00;111111111111000000000000;000000000000000000000000;11101000;000;_;e;10;000110001000000000000000;____;05;026;027;031;026;030;063;0425761666;;;;;;;;;;;;;;;;;;;;;;;;;;;;;;;;;;;;;;;;;;;;;;;;;;
12:05:42;17;90;9999;086;235;11;111111111111000000000000;000000000000000000000000;11101000;000;_;e;10;110100000000000000000000;____;01;028;065;007;023;028;044;0425760230;;;;;;;;;;;;;;;;;;;;;;;;;;;;;;;;;;;;;;;;;;;;;;;;;;
12:05:46;17;91;9999;056;338;11;111111111111000000000000;000000000000000000000000;11101000;000;_;e;10;010000000000000000000000;____;02;001;081;014;001;001;004;0425761667;;;;;;;;;;;;;;;;;;;;;;;;;;;;;;;;;;;;;;;;;;;;;;;;;;
12:05:49;17;92;9999;054;236;11;111111111111000000000000;000000000000000000000000;11010000;000;_;;;;;;;;;;;;;;;;;;;;;;;;;;;;;;;;;;;;;;;;;;;;;;;;;;;;;;;;;;;;;;
12:05:51;17;93;9999;071;175;11;111111111111000000000000;000000000000000000000000;11101000;000;_;e;10;000110001000000000000000;____;09;043;061;010;024;043;023;0425760231;;;;;;;;;;;;;;;;;;;;;;;;;;;;;;;;;;;;;;;;;;;;;;;;;;
12:05:53;17;94;9999;046;159;11;111111111111000000000000;000000000000000000000000;11101000;000;_;e;10;000011111100000000000000;____;05;-06;022;012;-14;016;077;0425761668;;;;;;;;;;;;;;;;;;;;;;;;;;;;;;;;;;;;;;;;;;;;;;;;;;
12:05:56;17;95;9999;058;195;07;111111111111000000000000;000000000000000000000000;11101000;000;_;e;10;000000100000000000000000;____;07;-04;009;007;-04;-04;002;0425761669;;;;;;;;;;;;;;;;;;;;;;;;;;;;;;;;;;;;;;;;;;;;;;;;;;
12:05:58;17;96;9999;059;182;11;111111111111000000000000;000000000000000000000000;11101000;000;_;e;10;000001100000000000000000;____;07;-05;011;016;-13;-05;009;0425761670;;;;;;;;;;;;;;;;;;;;;;;;;;;;;;;;;;;;;;;;;;;;;;;;;;
12:06:00;17;97;9999;038;160;11;111111111111000000000000;000000000000000000000000;11101000;000;_;e;10;000010100000000000000000;____;07;-13;012;018;-13;-09;027;0425761671;;;;;;;;;;;;;;;;;;;;;;;;;;;;;;;;;;;;;;;;;;;;;;;;;;
12:06:05;17;98;9999;050;214;00;111111111111000000000000;000000000000000000000000;11101000;000;_;e;10;000110100100000000000000;____;04;018;035;013;013;023;032;0425761672;;;;;;;;;;;;;;;;;;;;;;;;;;;;;;;;;;;;;;;;;;;;;;;;;;
12:06:07;17;99;9999;080;254;11;111111111111000000000000;000000000000000000000000;11101000;000;_;e;10;000000000100000000000000;____;10;-08;033;029;-08;-08;007;0425761673;;;;;;;;;;;;;;;;;;;;;;;;;;;;;;;;;;;;;;;;;;;;;;;;;;
12:06:09;17;01;9999;076;139;11;111111111111000000000000;000000000000000000000000;11101000;000;_;e;10;000001001000000000000000;____;09;027;060;034;027;028;035;0425761674;;;;;;;;;;;;;;;;;;;;;;;;;;;;;;;;;;;;;;;;;;;;;;;;;;
12:06:11;17;02;9999;079;105;11;111111111111000000000000;000000000000000000000000;11101000;000;_;e;10;100000000001000000000000;____;01;033;065;008;032;034;020;0425760232;;;;;;;;;;;;;;;;;;;;;;;;;;;;;;;;;;;;;;;;;;;;;;;;;;
12:06:17;17;03;9999;062;255;11;111111111111000000000000;000000000000000000000000;11101000;000;_;e;10;000000001010000000000000;____;09;019;016;028;019;024;005;0425761675;;;;;;;;;;;;;;;;;;;;;;;;;;;;;;;;;;;;;;;;;;;;;;;;;;
13:34:47;17;04;9999;055;999;11;111111111111000000000000;000000000000000000000000;11101000;000;_;e;10;000111011001000000000000;____;09;029;063;007;020;035;088;0425757884;;;;;;;;;;;;;;;;;;;;;;;;;;;;;;;;;;;;;;;;;;;;;;;;;;
13:34:49;17;05;9999;061;205;11;111111111111000000000000;000000000000000000000000;11101000;000;_;e;10;000001000001000000000000;____;06;-18;068;000;-19;-05;030;0425760909;;;;;;;;;;;;;;;;;;;;;;;;;;;;;;;;;;;;;;;;;;;;;;;;;;
13:34:51;17;06;9999;051;146;11;111111111111000000000000;000000000000000000000000;11101000;000;_;e;10;001111001000000000000000;____;04;015;030;011;010;016;048;0425757885;;;;;;;;;;;;;;;;;;;;;;;;;;;;;;;;;;;;;;;;;;;;;;;;;;
13:34:53;17;07;9999;072;197;11;111111111111000000000000;000000000000000000000000;11101000;000;_;e;10;110000000000000000000000;____;02;001;089;008;001;005;020;0425760910;;;;;;;;;;;;;;;;;;;;;;;;;;;;;;;;;;;;;;;;;;;;;;;;;;
13:34:56;17;08;9999;057;154;05;111111111111000000000000;000000000000000000000000;11101000;000;_;e;10;000110101000000000000000;____;07;-16;033;013;-16;004;026;0425760911;;;;;;;;;;;;;;;;;;;;;;;;;;;;;;;;;;;;;;;;;;;;;;;;;;
13:34:59;17;09;9999;075;139;03;111111111111000000000000;000000000000000000000000;11101000;000;_;e;10;000010100000000000000000;____;07;019;031;016;017;028;019;0425757886;;;;;;;;;;;;;;;;;;;;;;;;;;;;;;;;;;;;;;;;;;;;;;;;;;
13:35:02;17;10;9999;065;176;11;111111111111000000000000;000000000000000000000000;11101000;000;_;e;10;000000001000000000000000;____;09;-18;061;028;-18;-18;004;0425760912;;;;;;;;;;;;;;;;;;;;;;;;;;;;;;;;;;;;;;;;;;;;;;;;;;
13:35:05;17;11;9999;073;357;11;111111111111000000000000;000000000000000000000000;11010000;000;_;;;;;;;;;;;;;;;;;;;;;;;;;;;;;;;;;;;;;;;;;;;;;;;;;;;;;;;;;;;;;;
13:35:08;17;12;9999;049;247;11;111111111111000000000000;000000000000000000000000;11101000;000;_;e;10;000011000000000000000000;____;05;-06;023;021;-08;-06;023;0425757890;;;;;;;;;;;;;;;;;;;;;;;;;;;;;;;;;;;;;;;;;;;;;;;;;;
13:35:10;17;13;9999;080;155;11;111111111111000000000000;000000000000000000000000;11101000;000;_;e;10;000111011000000000000000;____;08;022;000;028;016;032;035;0425757889;;;;;;;;;;;;;;;;;;;;;;;;;;;;;;;;;;;;;;;;;;;;;;;;;;
13:43:02;17;14;9999;048;999;11;111111111111000000000000;000000000000000000000000;11001000;000;_;e;10;110111001010000000000000;____;09;035;044;013;013;035;035;0425758958;-03;071;005;-03;002;016;0425730058;;;;;;;;;;;;;;;;;;;;;;;;;;;;;;;;;;;;;;;;;;;
13:43:04;17;15;9999;057;146;11;111111111111000000000000;000000000000000000000000;11101000;000;_;e;10;000011101010000000000000;____;11;039;019;004;-02;039;034;0425758959;;;;;;;;;;;;;;;;;;;;;;;;;;;;;;;;;;;;;;;;;;;;;;;;;;
13:43:07;17;16;9999;058;156;00;111111111111000000000000;000000000000000000000000;11101000;000;_;e;10;100111001100000000000000;____;09;006;024;034;001;009;054;0425758960;;;;;;;;;;;;;;;;;;;;;;;;;;;;;;;;;;;;;;;;;;;;;;;;;;
13:43:10;17;17;9999;043;228;11;111111111111000000000000;000000000000000000000000;11101000;000;_;e;10;000011110000000000000000;____;07;-11;014;012;-11;-04;094;0425758962;;;;;;;;;;;;;;;;;;;;;;;;;;;;;;;;;;;;;;;;;;;;;;;;;;
13:43:13;17;18;9999;073;351;11;111111111111000000000000;000000000000000000000000;11101000;000;_;e;10;000110110010000000000000;____;07;036;007;005;034;042;049;0425758961;;;;;;;;;;;;;;;;;;;;;;;;;;;;;;;;;;;;;;;;;;;;;;;;;;
13:43:16;17;19;9999;047;229;11;111111111111000000000000;000000000000000000000000;11101000;000;_;e;10;000010000000000000000000;____;05;012;029;028;012;012;038;0425758963;;;;;;;;;;;;;;;;;;;;;;;;;;;;;;;;;;;;;;;;;;;;;;;;;;
13:43:18;17;20;9999;042;179;11;111111111111000000000000;000000000000000000000000;11101000;000;_;e;10;000110000000000000000000;____;05;-06;030;025;-08;-06;011;0309075147;;;;;;;;;;;;;;;;;;;;;;;;;;;;;;;;;;;;;;;;;;;;;;;;;;
13:43:20;17;21;9999;078;156;11;111111111111000000000000;000000000000000000000000;11101000;000;_;e;10;000111000000000000000000;____;06;011;028;028;-06;031;019;0425758965;;;;;;;;;;;;;;;;;;;;;;;;;;;;;;;;;;;;;;;;;;;;;;;;;;
13:43:23;17;22;9999;061;155;01;111111111111000000000000;000000000000000000000000;11101000;000;_;e;10;100101001000000000000000;____;01;027;053;008;023;028;043;0425758966;;;;;;;;;;;;;;;;;;;;;;;;;;;;;;;;;;;;;;;;;;;;;;;;;;
13:43:25;17;23;9999;069;170;11;111111111111000000000000;000000000000000000000000;11101000;000;_;e;10;110101001000000000000000;____;04;040;058;008;009;053;255;0425758968;;;;;;;;;;;;;;;;;;;;;;;;;;;;;;;;;;;;;;;;;;;;;;;;;;
13:43:27;17;24;9999;045;147;11;111111111111000000000000;000000000000000000000000;11101000;000;_;e;10;000111001000000000000000;____;06;-08;038;040;-09;007;026;0425758969;;;;;;;;;;;;;;;;;;;;;;;;;;;;;;;;;;;;;;;;;;;;;;;;;;
13:43:29;17;25;9999;080;209;11;111111111111000000000000;000000000000000000000000;11101000;000;_;e;10;000011001000000000000000;____;05;014;022;018;-07;018;017;0425758970;;;;;;;;;;;;;;;;;;;;;;;;;;;;;;;;;;;;;;;;;;;;;;;;;;
14:04:56;17;26;9999;050;999;11;111111111111000000000000;000000000000000000000000;11101000;000;_;e;10;000110001000000000000000;____;09;006;053;024;004;013;019;0425758976;;;;;;;;;;;;;;;;;;;;;;;;;;;;;;;;;;;;;;;;;;;;;;;;;;
14:04:58;17;27;9999;074;144;11;111111111111000000000000;000000000000000000000000;11010000;000;_;;;;;;;;;;;;;;;;;;;;;;;;;;;;;;;;;;;;;;;;;;;;;;;;;;;;;;;;;;;;;;
14:05:01;17;28;9999;082;235;11;111111111111000000000000;000000000000000000000000;11101000;000;_;e;10;000010000010000000000000;____;11;-07;022;004;-08;018;019;0425758978;;;;;;;;;;;;;;;;;;;;;;;;;;;;;;;;;;;;;;;;;;;;;;;;;;
14:34:27;17;29;9999;049;999;11;111111111111000000000000;000000000000000000000000;11101000;000;_;e;10;000010110010000000000000;____;05;019;011;003;011;020;074;0425761031;;;;;;;;;;;;;;;;;;;;;;;;;;;;;;;;;;;;;;;;;;;;;;;;;;
14:34:33;17;30;9999;063;611;11;111111111111000000000000;000000000000000000000000;11010000;000;_;;;;;;;;;;;;;;;;;;;;;;;;;;;;;;;;;;;;;;;;;;;;;;;;;;;;;;;;;;;;;;
14:34:36;17;31;9999;064;246;11;111111111111000000000000;000000000000000000000000;11101000;000;_;e;10;000110000000000000000000;____;04;-02;022;026;-03;-02;009;0425761035;;;;;;;;;;;;;;;;;;;;;;;;;;;;;;;;;;;;;;;;;;;;;;;;;;
14:34:38;17;32;9999;039;132;11;111111111111000000000000;000000000000000000000000;11101000;000;_;e;10;000011000000000000000000;____;06;-11;005;029;-11;000;021;0425761034;;;;;;;;;;;;;;;;;;;;;;;;;;;;;;;;;;;;;;;;;;;;;;;;;;
14:34:40;17;33;9999;064;165;11;111111111111000000000000;000000000000000000000000;11101000;000;_;e;10;100010111010000000000000;____;09;036;020;008;032;038;078;0425761037;;;;;;;;;;;;;;;;;;;;;;;;;;;;;;;;;;;;;;;;;;;;;;;;;;
14:34:45;17;34;9999;063;257;11;111111111111000000000000;000000000000000000000000;11101000;000;_;e;10;000010100000000000000000;____;07;015;002;006;014;018;043;0425761039;;;;;;;;;;;;;;;;;;;;;;;;;;;;;;;;;;;;;;;;;;;;;;;;;;
14:34:50;17;35;9999;068;403;11;111111111111000000000000;000000000000000000000000;11101000;000;_;e;10;000011101110000000000000;____;06;001;016;012;-03;025;057;0425761038;;;;;;;;;;;;;;;;;;;;;;;;;;;;;;;;;;;;;;;;;;;;;;;;;;
14:34:53;17;36;9999;080;237;11;111111111111000000000000;000000000000000000000000;11101000;000;_;e;10;000011110010000000000000;____;07;020;011;005;-08;028;050;0425761040;;;;;;;;;;;;;;;;;;;;;;;;;;;;;;;;;;;;;;;;;;;;;;;;;;
14:34:55;17;37;9999;068;146;11;111111111111000000000000;000000000000000000000000;11101000;000;_;e;10;000010111100000000000000;____;07;026;008;018;017;031;051;0316160549;;;;;;;;;;;;;;;;;;;;;;;;;;;;;;;;;;;;;;;;;;;;;;;;;;
14:34:58;17;38;9999;063;165;05;111111111111000000000000;000000000000000000000000;11010000;000;_;;;;;;;;;;;;;;;;;;;;;;;;;;;;;;;;;;;;;;;;;;;;;;;;;;;;;;;;;;;;;;
14:35:00;17;39;9999;058;177;11;111111111111000000000000;000000000000000000000000;11101000;000;_;e;10;000110000000000000000000;____;04;034;030;019;-03;034;009;0316160550;;;;;;;;;;;;;;;;;;;;;;;;;;;;;;;;;;;;;;;;;;;;;;;;;;
14:35:02;17;40;9999;050;162;11;111111111111000000000000;000000000000000000000000;11010000;000;_;;;;;;;;;;;;;;;;;;;;;;;;;;;;;;;;;;;;;;;;;;;;;;;;;;;;;;;;;;;;;;
14:35:06;17;41;9999;077;207;00;111111111111000000000000;000000000000000000000000;11101000;000;_;e;10;000011100000000000000000;____;06;003;015;019;003;006;042;0316160552;;;;;;;;;;;;;;;;;;;;;;;;;;;;;;;;;;;;;;;;;;;;;;;;;;
14:35:09;17;42;9999;056;235;11;111111111111000000000000;000000000000000000000000;11101000;000;_;e;10;001111001100000000000000;____;09;015;045;034;011;018;115;0316160553;;;;;;;;;;;;;;;;;;;;;;;;;;;;;;;;;;;;;;;;;;;;;;;;;;
14:35:14;17;43;9999;061;472;11;111111111111000000000000;000000000000000000000000;11101000;000;_;e;10;000000000001000000000000;____;12;038;043;004;038;038;005;0316160554;;;;;;;;;;;;;;;;;;;;;;;;;;;;;;;;;;;;;;;;;;;;;;;;;;
14:35:16;17;44;9999;053;148;11;111111111111000000000000;000000000000000000000000;11101000;000;_;e;10;000011010010000000000000;____;06;-20;017;000;-20;012;053;0316160555;;;;;;;;;;;;;;;;;;;;;;;;;;;;;;;;;;;;;;;;;;;;;;;;;;
14:35:18;17;45;9999;052;149;11;111111111111000000000000;000000000000000000000000;11101000;000;_;e;10;000001000001000000000000;____;12;-14;050;004;-15;-02;019;0316160556;;;;;;;;;;;;;;;;;;;;;;;;;;;;;;;;;;;;;;;;;;;;;;;;;;
14:35:24;17;46;9999;061;663;11;111111111111000000000000;000000000000000000000000;11010000;000;_;;;;;;;;;;;;;;;;;;;;;;;;;;;;;;;;;;;;;;;;;;;;;;;;;;;;;;;;;;;;;;
16:04:29;17;47;9999;079;999;11;111111111111000000000000;000000000000000000000000;11101000;000;_;e;10;000101001000000000000000;____;09;057;068;017;031;060;054;0555602266;;;;;;;;;;;;;;;;;;;;;;;;;;;;;;;;;;;;;;;;;;;;;;;;;;
16:04:32;17;48;9999;079;200;11;111111111111000000000000;000000000000000000000000;11101000;000;_;e;10;110000000000000000000000;____;01;013;101;010;009;038;040;0425765200;;;;;;;;;;;;;;;;;;;;;;;;;;;;;;;;;;;;;;;;;;;;;;;;;;
16:04:34;17;49;9999;077;148;11;111111111111000000000000;000000000000000000000000;11101000;000;_;e;10;000100000000000000000000;____;04;-03;049;015;-08;-03;004;0425765201;;;;;;;;;;;;;;;;;;;;;;;;;;;;;;;;;;;;;;;;;;;;;;;;;;
16:04:36;17;50;9999;048;145;11;111111111111000000000000;000000000000000000000000;11101000;000;_;e;10;000111111000000000000000;____;07;-01;017;004;-13;000;024;0425765202;;;;;;;;;;;;;;;;;;;;;;;;;;;;;;;;;;;;;;;;;;;;;;;;;;
16:04:38;17;51;9999;054;195;11;111111111111000000000000;000000000000000000000000;11101000;000;_;e;10;000100000001000000000000;____;12;032;068;004;021;032;007;0425765203;;;;;;;;;;;;;;;;;;;;;;;;;;;;;;;;;;;;;;;;;;;;;;;;;;
16:04:41;17;52;9999;081;251;11;111111111111000000000000;000000000000000000000000;11101000;000;_;e;10;000111001100000000000000;____;05;014;047;033;009;019;101;0425765204;;;;;;;;;;;;;;;;;;;;;;;;;;;;;;;;;;;;;;;;;;;;;;;;;;
16:04:44;17;53;9999;074;270;11;111111111111000000000000;000000000000000000000000;11101000;000;_;e;10;000101001000000000000000;____;09;026;075;030;020;027;050;0425765206;;;;;;;;;;;;;;;;;;;;;;;;;;;;;;;;;;;;;;;;;;;;;;;;;;
16:04:47;17;54;9999;052;155;02;111111111111000000000000;000000000000000000000000;11101000;000;_;e;10;001111001100000000000000;____;06;-01;043;032;-05;018;062;0425765207;;;;;;;;;;;;;;;;;;;;;;;;;;;;;;;;;;;;;;;;;;;;;;;;;;
16:04:49;17;55;9999;050;200;11;111111111111000000000000;000000000000000000000000;11101000;000;_;e;10;110100000000000000000000;____;04;-13;095;006;-19;-11;049;0425765205;;;;;;;;;;;;;;;;;;;;;;;;;;;;;;;;;;;;;;;;;;;;;;;;;;
16:04:55;17;56;9999;047;331;00;111111111111000000000000;000000000000000000000000;11101000;000;_;e;10;000011110000000000000000;____;07;-13;026;006;-14;-12;035;0425765208;;;;;;;;;;;;;;;;;;;;;;;;;;;;;;;;;;;;;;;;;;;;;;;;;;
16:04:58;17;57;9999;051;233;11;111111111111000000000000;000000000000000000000000;11101000;000;_;e;10;100000000000000000000000;____;01;036;073;005;004;036;008;0425765209;;;;;;;;;;;;;;;;;;;;;;;;;;;;;;;;;;;;;;;;;;;;;;;;;;
16:05:02;17;58;9999;071;382;11;111111111111000000000000;000000000000000000000000;11101000;000;_;e;10;000001100000000000000000;____;07;028;008;006;027;030;027;0425765210;;;;;;;;;;;;;;;;;;;;;;;;;;;;;;;;;;;;;;;;;;;;;;;;;;
16:05:05;17;59;9999;060;233;11;111111111111000000000000;000000000000000000000000;11101000;000;_;e;10;000110000000000000000000;____;04;002;058;022;002;004;011;0425765211;;;;;;;;;;;;;;;;;;;;;;;;;;;;;;;;;;;;;;;;;;;;;;;;;;
16:34:42;17;60;9999;074;999;11;111111111111000000000000;000000000000000000000000;11101000;000;_;e;10;000000110000000000000000;____;07;013;-01;008;013;013;028;0425758893;;;;;;;;;;;;;;;;;;;;;;;;;;;;;;;;;;;;;;;;;;;;;;;;;;
16:34:44;17;61;9999;047;162;11;111111111111000000000000;000000000000000000000000;11010000;000;_;;;;;;;;;;;;;;;;;;;;;;;;;;;;;;;;;;;;;;;;;;;;;;;;;;;;;;;;;;;;;;
16:34:47;17;62;9999;082;160;09;111111111111000000000000;000000000000000000000000;11101000;000;_;e;10;000001001000000000000000;____;09;040;058;000;024;040;008;0425758895;;;;;;;;;;;;;;;;;;;;;;;;;;;;;;;;;;;;;;;;;;;;;;;;;;
16:34:49;17;63;9999;061;161;11;111111111111000000000000;000000000000000000000000;11101000;000;_;e;10;110000001100000000000000;____;02;-03;075;011;-03;054;025;0425758896;;;;;;;;;;;;;;;;;;;;;;;;;;;;;;;;;;;;;;;;;;;;;;;;;;
16:34:54;17;64;9999;055;137;00;111111111111000000000000;000000000000000000000000;11010000;000;_;;;;;;;;;;;;;;;;;;;;;;;;;;;;;;;;;;;;;;;;;;;;;;;;;;;;;;;;;;;;;;
16:34:56;17;65;9999;059;213;11;111111111111000000000000;000000000000000000000000;11101000;000;_;e;10;000001000010000000000000;____;11;-07;021;004;-09;-07;017;0425761717;;;;;;;;;;;;;;;;;;;;;;;;;;;;;;;;;;;;;;;;;;;;;;;;;;
16:35:00;17;66;9999;069;381;11;111111111111000000000000;000000000000000000000000;11101000;000;_;e;10;000000000001000000000000;____;12;027;056;004;027;027;011;0425761719;;;;;;;;;;;;;;;;;;;;;;;;;;;;;;;;;;;;;;;;;;;;;;;;;;
16:35:03;17;67;9999;083;238;11;111111111111000000000000;000000000000000000000000;11101000;000;_;e;10;100100000000000000000000;____;01;004;070;028;-17;018;039;0425761716;;;;;;;;;;;;;;;;;;;;;;;;;;;;;;;;;;;;;;;;;;;;;;;;;;
16:35:05;17;68;9999;056;140;11;111111111111000000000000;000000000000000000000000;11101000;000;_;e;10;000110000000000000000000;____;05;-02;031;025;-02;000;008;0425761718;;;;;;;;;;;;;;;;;;;;;;;;;;;;;;;;;;;;;;;;;;;;;;;;;;
16:35:07;17;69;9999;050;162;11;111111111111000000000000;000000000000000000000000;11010000;000;_;;;;;;;;;;;;;;;;;;;;;;;;;;;;;;;;;;;;;;;;;;;;;;;;;;;;;;;;;;;;;;
16:35:10;17;70;9999;056;177;04;111111111111000000000000;000000000000000000000000;11101000;000;_;e;10;000001000001000000000000;____;12;028;048;004;015;028;009;0425761720;;;;;;;;;;;;;;;;;;;;;;;;;;;;;;;;;;;;;;;;;;;;;;;;;;
16:35:13;17;71;9999;078;181;11;111111111111000000000000;000000000000000000000000;11101000;000;_;e;10;100100000001000000000000;____;04;027;055;000;027;031;015;0425761715;;;;;;;;;;;;;;;;;;;;;;;;;;;;;;;;;;;;;;;;;;;;;;;;;;
17:34:43;17;72;9999;041;999;11;111111111111000000000000;000000000000000000000000;11101000;000;_;e;10;000111100000000000000000;____;05;-05;033;018;-09;010;043;0425760264;;;;;;;;;;;;;;;;;;;;;;;;;;;;;;;;;;;;;;;;;;;;;;;;;;
17:34:45;17;73;9999;080;165;11;111111111111000000000000;000000000000000000000000;11101000;000;_;e;10;100111001000000000000000;____;04;017;034;024;-10;019;031;0425760265;;;;;;;;;;;;;;;;;;;;;;;;;;;;;;;;;;;;;;;;;;;;;;;;;;
17:34:47;17;74;9999;062;164;11;111111111111000000000000;000000000000000000000000;11101000;000;_;e;10;000110000000000000000000;____;04;-03;071;023;-09;-03;006;0425766300;;;;;;;;;;;;;;;;;;;;;;;;;;;;;;;;;;;;;;;;;;;;;;;;;;
17:34:49;17;75;9999;058;148;11;111111111111000000000000;000000000000000000000000;11101000;000;_;e;10;110100000000000000000000;____;04;-16;097;027;-16;-09;055;0425766301;;;;;;;;;;;;;;;;;;;;;;;;;;;;;;;;;;;;;;;;;;;;;;;;;;
17:34:51;17;76;9999;052;164;11;111111111111000000000000;000000000000000000000000;11101000;000;_;e;10;000010000001000000000000;____;12;035;059;004;017;035;041;0425760266;;;;;;;;;;;;;;;;;;;;;;;;;;;;;;;;;;;;;;;;;;;;;;;;;;
17:34:54;17;77;9999;048;257;11;111111111111000000000000;000000000000000000000000;11010000;000;_;;;;;;;;;;;;;;;;;;;;;;;;;;;;;;;;;;;;;;;;;;;;;;;;;;;;;;;;;;;;;;
17:34:59;17;78;9999;074;552;11;111111111111000000000000;000000000000000000000000;11101000;000;_;e;10;000111001100000000000000;____;06;005;032;018;004;015;060;0425766303;;;;;;;;;;;;;;;;;;;;;;;;;;;;;;;;;;;;;;;;;;;;;;;;;;
17:35:01;17;79;9999;075;147;11;111111111111000000000000;000000000000000000000000;11101000;000;_;e;10;000111000000000000000000;____;05;045;058;009;019;045;023;0425766304;;;;;;;;;;;;;;;;;;;;;;;;;;;;;;;;;;;;;;;;;;;;;;;;;;
17:35:04;17;80;9999;065;179;01;111111111111000000000000;000000000000000000000000;11101000;000;_;e;10;000010000000000000000000;____;05;027;043;018;027;028;037;0425760267;;;;;;;;;;;;;;;;;;;;;;;;;;;;;;;;;;;;;;;;;;;;;;;;;;
17:35:07;17;81;9999;080;161;11;111111111111000000000000;000000000000000000000000;11101000;000;_;e;10;110100000000000000000000;____;04;000;087;002;-01;003;040;0425766305;;;;;;;;;;;;;;;;;;;;;;;;;;;;;;;;;;;;;;;;;;;;;;;;;;
18:04:18;17;82;9999;076;999;11;111111111111000000000000;000000000000000000000000;11101000;000;_;e;10;000011000000000000000000;____;06;009;021;042;009;012;023;0425734586;;;;;;;;;;;;;;;;;;;;;;;;;;;;;;;;;;;;;;;;;;;;;;;;;;
18:04:21;17;83;9999;074;284;11;111111111111000000000000;000000000000000000000000;11101000;000;_;e;10;000000001010000000000000;____;09;054;023;008;049;054;027;0425755101;;;;;;;;;;;;;;;;;;;;;;;;;;;;;;;;;;;;;;;;;;;;;;;;;;
18:04:24;17;84;9999;044;171;11;111111111111000000000000;000000000000000000000000;11101000;000;_;e;10;000111001000000000000000;____;09;-03;035;028;-07;000;110;0425755102;;;;;;;;;;;;;;;;;;;;;;;;;;;;;;;;;;;;;;;;;;;;;;;;;;
18:04:26;17;85;9999;046;186;11;111111111111000000000000;000000000000000000000000;11101000;000;_;e;10;000111001100000000000000;____;06;-13;041;029;-13;-01;055;0425754908;;;;;;;;;;;;;;;;;;;;;;;;;;;;;;;;;;;;;;;;;;;;;;;;;;
18:04:28;17;86;9999;044;167;11;111111111111000000000000;000000000000000000000000;11101000;000;_;e;10;000001001000000000000000;____;06;-12;056;026;-15;-12;011;0425754907;;;;;;;;;;;;;;;;;;;;;;;;;;;;;;;;;;;;;;;;;;;;;;;;;;
18:04:30;17;87;9999;071;177;11;111111111111000000000000;000000000000000000000000;11101000;000;_;e;10;000010000000000000000000;____;05;-07;023;020;-07;-07;003;0425754904;;;;;;;;;;;;;;;;;;;;;;;;;;;;;;;;;;;;;;;;;;;;;;;;;;
18:04:32;17;88;9999;061;153;11;111111111111000000000000;000000000000000000000000;11010000;000;_;;;;;;;;;;;;;;;;;;;;;;;;;;;;;;;;;;;;;;;;;;;;;;;;;;;;;;;;;;;;;;
18:04:34;17;89;9999;089;162;11;111111111111000000000000;000000000000000000000000;11101000;000;_;e;10;100001001100000000000000;____;06;045;058;032;039;051;035;0425766500;;;;;;;;;;;;;;;;;;;;;;;;;;;;;;;;;;;;;;;;;;;;;;;;;;
18:04:39;17;90;9999;077;329;11;111111111111000000000000;000000000000000000000000;11101000;000;_;e;10;100010001101000000000000;____;12;033;052;004;028;035;018;0425766501;;;;;;;;;;;;;;;;;;;;;;;;;;;;;;;;;;;;;;;;;;;;;;;;;;
18:04:41;17;91;9999;043;150;11;111111111111000000000000;000000000000000000000000;11101000;000;_;e;10;000100000000000000000000;____;04;-03;064;002;-03;-03;002;0425766502;;;;;;;;;;;;;;;;;;;;;;;;;;;;;;;;;;;;;;;;;;;;;;;;;;
18:04:43;17;92;9999;076;141;11;111111111111000000000000;000000000000000000000000;11101000;000;_;e;10;000011000000000000000000;____;05;021;032;030;020;023;031;0425765018;;;;;;;;;;;;;;;;;;;;;;;;;;;;;;;;;;;;;;;;;;;;;;;;;;
18:04:47;17;93;9999;057;233;01;111111111111000000000000;000000000000000000000000;11101000;000;_;e;10;000111001000000000000000;____;05;025;047;011;025;027;089;0425766503;;;;;;;;;;;;;;;;;;;;;;;;;;;;;;;;;;;;;;;;;;;;;;;;;;
18:04:49;17;94;9999;072;185;11;111111111111000000000000;000000000000000000000000;11010000;000;_;;;;;;;;;;;;;;;;;;;;;;;;;;;;;;;;;;;;;;;;;;;;;;;;;;;;;;;;;;;;;;
18:04:51;17;95;9999;058;156;11;111111111111000000000000;000000000000000000000000;11101000;000;_;e;10;000111101000000000000000;____;05;038;016;009;029;039;084;0425766506;;;;;;;;;;;;;;;;;;;;;;;;;;;;;;;;;;;;;;;;;;;;;;;;;;
18:04:56;17;96;9999;054;174;00;111111111111000000000000;000000000000000000000000;11101000;000;_;e;10;000111001010000000000000;____;09;040;020;006;029;047;104;0425766505;;;;;;;;;;;;;;;;;;;;;;;;;;;;;;;;;;;;;;;;;;;;;;;;;;
18:04:59;17;97;9999;085;240;11;111111111111000000000000;000000000000000000000000;11101000;000;_;e;10;000001100000000000000000;____;06;013;019;020;010;015;057;0425766507;;;;;;;;;;;;;;;;;;;;;;;;;;;;;;;;;;;;;;;;;;;;;;;;;;
18:05:01;17;98;9999;056;151;11;111111111111000000000000;000000000000000000000000;11101000;000;_;e;10;000110000001000000000000;____;12;-20;057;004;-20;-17;017;0425766509;;;;;;;;;;;;;;;;;;;;;;;;;;;;;;;;;;;;;;;;;;;;;;;;;;
18:05:05;17;99;9999;072;120;00;111111111111000000000000;000000000000000000000000;11101000;000;_;e;10;000000010000000000000000;____;08;007;007;008;007;007;005;0425766511;;;;;;;;;;;;;;;;;;;;;;;;;;;;;;;;;;;;;;;;;;;;;;;;;;
18:05:08;17;01;9999;085;241;11;111111111111000000000000;000000000000000000000000;11101000;000;_;e;10;001111001100000000000000;____;04;016;046;026;015;047;047;0425765019;;;;;;;;;;;;;;;;;;;;;;;;;;;;;;;;;;;;;;;;;;;;;;;;;;
18:05:10;17;02;9999;078;138;11;111111111111000000000000;000000000000000000000000;11101000;000;_;e;10;000010001000000000000000;____;09;042;048;007;019;042;009;0425765020;;;;;;;;;;;;;;;;;;;;;;;;;;;;;;;;;;;;;;;;;;;;;;;;;;
18:05:13;17;03;9999;059;071;00;111111111111000000000000;000000000000000000000000;11101000;000;_;e;10;100010001100000000000000;____;05;-20;041;028;-20;-14;019;0425766512;;;;;;;;;;;;;;;;;;;;;;;;;;;;;;;;;;;;;;;;;;;;;;;;;;
18:05:15;17;04;9999;082;183;11;111111111111000000000000;000000000000000000000000;11101000;000;_;e;10;000111001100000000000000;____;04;014;054;025;-12;021;255;0425766513;;;;;;;;;;;;;;;;;;;;;;;;;;;;;;;;;;;;;;;;;;;;;;;;;;
18:05:17;17;05;9999;059;170;11;111111111111000000000000;000000000000000000000000;11101000;000;_;e;10;000110000001000000000000;____;04;-15;071;010;-16;-10;043;0425765025;;;;;;;;;;;;;;;;;;;;;;;;;;;;;;;;;;;;;;;;;;;;;;;;;;
18:05:22;17;06;9999;082;165;00;111111111111000000000000;000000000000000000000000;11101000;000;_;e;10;000111001100000000000000;____;04;029;041;036;004;030;101;0425765026;;;;;;;;;;;;;;;;;;;;;;;;;;;;;;;;;;;;;;;;;;;;;;;;;;
18:05:25;17;07;9999;059;236;11;111111111111000000000000;000000000000000000000000;11101000;000;_;e;10;110100000000000000000000;____;04;-19;049;002;-19;-09;051;0425765022;;;;;;;;;;;;;;;;;;;;;;;;;;;;;;;;;;;;;;;;;;;;;;;;;;
18:05:27;17;08;9999;045;173;11;111111111111000000000000;000000000000000000000000;11101000;000;_;e;10;000000110000000000000000;____;07;-05;-01;010;-06;-04;041;0425766517;;;;;;;;;;;;;;;;;;;;;;;;;;;;;;;;;;;;;;;;;;;;;;;;;;
18:05:31;17;09;9999;056;132;00;111111111111000000000000;000000000000000000000000;11101000;000;_;e;10;000000000001000000000000;____;12;-09;048;004;-09;-09;003;0425765023;;;;;;;;;;;;;;;;;;;;;;;;;;;;;;;;;;;;;;;;;;;;;;;;;;
18:05:34;17;10;9999;055;239;11;111111111111000000000000;000000000000000000000000;11101000;000;_;e;10;000010110000000000000000;____;07;016;008;012;014;021;066;0425765028;;;;;;;;;;;;;;;;;;;;;;;;;;;;;;;;;;;;;;;;;;;;;;;;;;
18:05:38;17;11;9999;076;363;11;111111111111000000000000;000000000000000000000000;11101000;000;_;e;10;100111101000000000000000;____;06;006;029;023;001;009;086;0425765027;;;;;;;;;;;;;;;;;;;;;;;;;;;;;;;;;;;;;;;;;;;;;;;;;;
18:05:41;17;12;9999;049;240;11;111111111111000000000000;000000000000000000000000;11101000;000;_;e;10;000001110010000000000000;____;06;-15;027;000;-18;-13;075;0425766516;;;;;;;;;;;;;;;;;;;;;;;;;;;;;;;;;;;;;;;;;;;;;;;;;;
18:05:43;17;13;9999;073;161;11;111111111111000000000000;000000000000000000000000;11101000;000;_;e;10;110101000000000000000000;____;01;029;061;008;020;030;040;0425766518;;;;;;;;;;;;;;;;;;;;;;;;;;;;;;;;;;;;;;;;;;;;;;;;;;
18:05:46;17;14;9999;079;163;02;111111111111000000000000;000000000000000000000000;11101000;000;_;e;10;110101001000000000000000;____;01;017;068;014;013;022;060;0425765021;;;;;;;;;;;;;;;;;;;;;;;;;;;;;;;;;;;;;;;;;;;;;;;;;;
18:05:48;17;15;9999;067;151;11;111111111111000000000000;000000000000000000000000;11101000;000;_;e;10;000000110000000000000000;____;07;012;-01;010;010;033;029;0425766515;;;;;;;;;;;;;;;;;;;;;;;;;;;;;;;;;;;;;;;;;;;;;;;;;;
18:05:53;17;16;9999;077;152;02;111111111111000000000000;000000000000000000000000;11101000;000;_;e;10;000110000000000000000000;____;04;013;053;026;013;042;012;0425765029;;;;;;;;;;;;;;;;;;;;;;;;;;;;;;;;;;;;;;;;;;;;;;;;;;
18:05:55;17;17;9999;073;181;11;111111111111000000000000;000000000000000000000000;11101000;000;_;e;10;000001000000000000000000;____;06;-17;025;003;-17;-17;014;0425765030;;;;;;;;;;;;;;;;;;;;;;;;;;;;;;;;;;;;;;;;;;;;;;;;;;
18:05:59;17;18;9999;079;338;11;111111111111000000000000;000000000000000000000000;11101000;000;_;e;10;000111001000000000000000;____;06;020;074;002;-11;020;065;0425765031;;;;;;;;;;;;;;;;;;;;;;;;;;;;;;;;;;;;;;;;;;;;;;;;;;
18:06:02;17;19;9999;051;240;11;111111111111000000000000;000000000000000000000000;11010000;000;_;;;;;;;;;;;;;;;;;;;;;;;;;;;;;;;;;;;;;;;;;;;;;;;;;;;;;;;;;;;;;;
18:06:03;17;20;9999;056;144;11;111111111111000000000000;000000000000000000000000;11101000;000;_;e;10;000001000010000000000000;____;11;019;011;004;010;019;014;0425766521;;;;;;;;;;;;;;;;;;;;;;;;;;;;;;;;;;;;;;;;;;;;;;;;;;
18:06:06;17;21;9999;037;161;08;111111111111000000000000;000000000000000000000000;11101000;000;_;e;10;000010110010000000000000;____;07;-01;002;007;-03;007;021;0425766520;;;;;;;;;;;;;;;;;;;;;;;;;;;;;;;;;;;;;;;;;;;;;;;;;;
18:06:09;17;22;9999;074;193;11;111111111111000000000000;000000000000000000000000;11101000;000;_;e;10;000100000000000000000000;____;04;010;044;030;010;070;018;0425765032;;;;;;;;;;;;;;;;;;;;;;;;;;;;;;;;;;;;;;;;;;;;;;;;;;
18:06:11;17;23;9999;059;164;11;111111111111000000000000;000000000000000000000000;11101000;000;_;e;10;100100000001000000000000;____;01;002;049;006;-03;002;019;0425766508;;;;;;;;;;;;;;;;;;;;;;;;;;;;;;;;;;;;;;;;;;;;;;;;;;
18:06:15;17;24;9999;059;193;00;111111111111000000000000;000000000000000000000000;11101000;000;_;e;10;000111001001000000000000;____;05;017;051;011;000;022;069;0425765034;;;;;;;;;;;;;;;;;;;;;;;;;;;;;;;;;;;;;;;;;;;;;;;;;;
18:06:18;17;25;9999;062;244;11;111111111111000000000000;000000000000000000000000;11101000;000;_;e;10;100100000000000000000000;____;01;-07;079;022;-07;-07;015;0425765033;;;;;;;;;;;;;;;;;;;;;;;;;;;;;;;;;;;;;;;;;;;;;;;;;;
18:06:20;17;26;9999;065;151;11;111111111111000000000000;000000000000000000000000;11101000;000;_;e;10;100101001000000000000000;____;01;032;074;007;029;035;051;0425766522;;;;;;;;;;;;;;;;;;;;;;;;;;;;;;;;;;;;;;;;;;;;;;;;;;
18:06:24;17;27;9999;074;139;00;111111111111000000000000;000000000000000000000000;11101000;000;_;e;10;000010000000000000000000;____;05;-08;061;036;-08;-08;003;0425765035;;;;;;;;;;;;;;;;;;;;;;;;;;;;;;;;;;;;;;;;;;;;;;;;;;
18:06:27;17;28;9999;085;236;11;111111111111000000000000;000000000000000000000000;11101000;000;_;e;10;110101001001000000000000;____;01;-05;080;013;-08;-02;043;0425765036;;;;;;;;;;;;;;;;;;;;;;;;;;;;;;;;;;;;;;;;;;;;;;;;;;
18:06:29;17;29;9999;048;152;11;111111111111000000000000;000000000000000000000000;11101000;000;_;e;10;001111001101000000000000;____;12;034;060;004;-11;034;049;0425766523;;;;;;;;;;;;;;;;;;;;;;;;;;;;;;;;;;;;;;;;;;;;;;;;;;
18:35:02;17;30;9999;073;999;11;111111111111000000000000;000000000000000000000000;11101000;000;_;e;10;000011010010000000000000;____;06;-18;023;007;-18;015;063;0425767200;;;;;;;;;;;;;;;;;;;;;;;;;;;;;;;;;;;;;;;;;;;;;;;;;;
18:35:04;17;31;9999;047;157;11;111111111111000000000000;000000000000000000000000;11101000;000;_;e;10;000011101010000000000000;____;05;011;027;009;006;011;039;0425767201;;;;;;;;;;;;;;;;;;;;;;;;;;;;;;;;;;;;;;;;;;;;;;;;;;
18:35:06;17;32;9999;040;187;11;111111111111000000000000;000000000000000000000000;11010000;000;_;;;;;;;;;;;;;;;;;;;;;;;;;;;;;;;;;;;;;;;;;;;;;;;;;;;;;;;;;;;;;;
19:04:29;17;33;9999;080;999;11;111111111111000000000000;000000000000000000000000;11101000;000;_;e;10;110010000000000000000000;____;01;018;091;006;012;047;042;0425761985;;;;;;;;;;;;;;;;;;;;;;;;;;;;;;;;;;;;;;;;;;;;;;;;;;
19:04:31;17;34;9999;066;141;11;111111111111000000000000;000000000000000000000000;11101000;000;_;e;10;100010101000000000000000;____;01;015;097;005;015;033;027;0425761986;;;;;;;;;;;;;;;;;;;;;;;;;;;;;;;;;;;;;;;;;;;;;;;;;;
19:04:33;17;35;9999;083;150;11;111111111111000000000000;000000000000000000000000;11001000;000;_;e;10;000011000001000000000000;____;12;028;061;004;007;028;022;0050123641;040;065;007;020;040;010;0425761981;;;;;;;;;;;;;;;;;;;;;;;;;;;;;;;;;;;;;;;;;;;
19:04:37;17;36;9999;043;159;05;111111111111000000000000;000000000000000000000000;11101000;000;_;e;10;000011000100000000000000;____;05;-11;048;040;-13;-08;030;0425761980;;;;;;;;;;;;;;;;;;;;;;;;;;;;;;;;;;;;;;;;;;;;;;;;;;
19:04:39;17;37;9999;078;154;04;111111111111000000000000;000000000000000000000000;11101000;000;_;e;10;110100000000000000000000;____;04;-03;062;000;-04;-01;035;0425761988;;;;;;;;;;;;;;;;;;;;;;;;;;;;;;;;;;;;;;;;;;;;;;;;;;
19:04:42;17;38;9999;083;150;11;111111111111000000000000;000000000000000000000000;11101000;000;_;e;10;000010000000000000000000;____;05;020;045;029;020;020;004;0425761989;;;;;;;;;;;;;;;;;;;;;;;;;;;;;;;;;;;;;;;;;;;;;;;;;;
19:04:46;17;39;9999;077;415;11;111111111111000000000000;000000000000000000000000;11101000;000;_;e;10;110100000000000000000000;____;04;002;091;008;002;009;044;0425761987;;;;;;;;;;;;;;;;;;;;;;;;;;;;;;;;;;;;;;;;;;;;;;;;;;
19:04:49;17;40;9999;055;237;11;111111111111000000000000;000000000000000000000000;11101000;000;_;e;10;000000000100000000000000;____;10;-04;056;031;-04;-04;006;0425761991;;;;;;;;;;;;;;;;;;;;;;;;;;;;;;;;;;;;;;;;;;;;;;;;;;
19:04:51;17;41;9999;075;156;11;111111111111000000000000;000000000000000000000000;11101000;000;_;e;10;110100000000000000000000;____;01;004;080;012;000;005;038;0425761990;;;;;;;;;;;;;;;;;;;;;;;;;;;;;;;;;;;;;;;;;;;;;;;;;;
19:04:54;17;42;9999;039;167;03;111111111111000000000000;000000000000000000000000;11101000;000;_;e;10;000001110000000000000000;____;07;-13;025;003;-13;-03;025;0425761992;;;;;;;;;;;;;;;;;;;;;;;;;;;;;;;;;;;;;;;;;;;;;;;;;;
19:04:57;17;43;9999;065;218;11;111111111111000000000000;000000000000000000000000;11101000;000;_;e;10;000011001100000000000000;____;09;040;031;023;013;040;044;0425761993;;;;;;;;;;;;;;;;;;;;;;;;;;;;;;;;;;;;;;;;;;;;;;;;;;
19:04:59;17;44;9999;057;155;11;111111111111000000000000;000000000000000000000000;11101000;000;_;e;10;000110001001000000000000;____;09;032;044;008;014;034;091;0425761994;;;;;;;;;;;;;;;;;;;;;;;;;;;;;;;;;;;;;;;;;;;;;;;;;;
19:05:14;17;45;9999;081;999;11;111111111111000000000000;000000000000000000000000;11101000;000;_;e;10;110000000000000000000000;____;02;026;096;018;026;032;027;0425761995;;;;;;;;;;;;;;;;;;;;;;;;;;;;;;;;;;;;;;;;;;;;;;;;;;
19:05:17;17;46;9999;076;236;11;111111111111000000000000;000000000000000000000000;11101000;000;_;e;10;000001001000000000000000;____;09;029;066;007;-03;033;018;0425761996;;;;;;;;;;;;;;;;;;;;;;;;;;;;;;;;;;;;;;;;;;;;;;;;;;
19:05:19;17;47;9999;068;167;11;111111111111000000000000;000000000000000000000000;11101000;000;_;e;10;000000000001000000000000;____;12;-14;076;004;-14;-14;002;0425755101;;;;;;;;;;;;;;;;;;;;;;;;;;;;;;;;;;;;;;;;;;;;;;;;;;
19:05:21;17;48;9999;052;146;11;111111111111000000000000;000000000000000000000000;11101000;000;_;e;10;000111001000000000000000;____;09;002;052;028;001;007;112;0425755102;;;;;;;;;;;;;;;;;;;;;;;;;;;;;;;;;;;;;;;;;;;;;;;;;;
19:05:24;17;49;9999;073;202;01;111111111111000000000000;000000000000000000000000;11101000;000;_;e;10;110100000000000000000000;____;01;-05;090;022;-09;-04;050;0425761998;;;;;;;;;;;;;;;;;;;;;;;;;;;;;;;;;;;;;;;;;;;;;;;;;;
19:05:26;17;50;9999;082;147;11;111111111111000000000000;000000000000000000000000;11101000;000;_;e;10;000111001100000000000000;____;05;008;052;038;005;028;032;0425761997;;;;;;;;;;;;;;;;;;;;;;;;;;;;;;;;;;;;;;;;;;;;;;;;;;
19:05:29;17;51;9999;061;153;01;111111111111000000000000;000000000000000000000000;11101000;000;_;e;10;000110101001000000000000;____;05;033;043;012;017;033;054;0425761984;;;;;;;;;;;;;;;;;;;;;;;;;;;;;;;;;;;;;;;;;;;;;;;;;;
19:05:32;17;52;9999;062;198;11;111111111111000000000000;000000000000000000000000;11101000;000;_;e;10;000111001001000000000000;____;09;049;061;004;015;052;042;0425761983;;;;;;;;;;;;;;;;;;;;;;;;;;;;;;;;;;;;;;;;;;;;;;;;;;
19:05:36;17;53;9999;071;387;11;111111111111000000000000;000000000000000000000000;11101000;000;_;e;10;110100001011000000000000;____;01;016;066;006;002;016;030;0425761999;;;;;;;;;;;;;;;;;;;;;;;;;;;;;;;;;;;;;;;;;;;;;;;;;;
19:05:39;17;54;9999;062;229;11;111111111111000000000000;000000000000000000000000;11101000;000;_;e;10;100001001101000000000000;____;01;011;079;009;-14;012;021;0425761059;;;;;;;;;;;;;;;;;;;;;;;;;;;;;;;;;;;;;;;;;;;;;;;;;;
19:05:41;17;55;9999;073;151;11;111111111111000000000000;000000000000000000000000;11101000;000;_;e;10;001111001100000000000000;____;04;012;073;036;007;018;075;0425761060;;;;;;;;;;;;;;;;;;;;;;;;;;;;;;;;;;;;;;;;;;;;;;;;;;
19:05:43;17;56;9999;059;173;11;111111111111000000000000;000000000000000000000000;11101000;000;_;e;10;000111001000000000000000;____;09;034;044;022;032;034;052;0425761061;;;;;;;;;;;;;;;;;;;;;;;;;;;;;;;;;;;;;;;;;;;;;;;;;;
19:05:45;17;57;9999;044;179;11;111111111111000000000000;000000000000000000000000;11101000;000;_;e;10;000011000001000000000000;____;12;050;064;004;-04;050;080;0425761062;;;;;;;;;;;;;;;;;;;;;;;;;;;;;;;;;;;;;;;;;;;;;;;;;;
19:05:48;17;58;9999;067;279;11;111111111111000000000000;000000000000000000000000;11101000;000;_;e;10;110100101001000000000000;____;01;052;077;011;003;053;035;0425761065;;;;;;;;;;;;;;;;;;;;;;;;;;;;;;;;;;;;;;;;;;;;;;;;;;
19:05:51;17;59;9999;046;157;01;111111111111000000000000;000000000000000000000000;11101000;000;_;e;10;000110001001000000000000;____;12;022;067;004;007;026;026;0425761063;;;;;;;;;;;;;;;;;;;;;;;;;;;;;;;;;;;;;;;;;;;;;;;;;;
19:05:55;17;60;9999;060;234;08;111111111111000000000000;000000000000000000000000;11101000;000;_;e;10;000101001001000000000000;____;09;033;069;009;022;035;061;0425761066;;;;;;;;;;;;;;;;;;;;;;;;;;;;;;;;;;;;;;;;;;;;;;;;;;
19:05:57;17;61;9999;061;202;11;111111111111000000000000;000000000000000000000000;11101000;000;_;e;10;010001000000000000000000;____;06;051;063;021;-14;053;009;0425761067;;;;;;;;;;;;;;;;;;;;;;;;;;;;;;;;;;;;;;;;;;;;;;;;;;
19:34:33;17;62;9999;060;999;11;111111111111000000000000;000000000000000000000000;11101000;000;_;e;10;000001000000000000000000;____;06;-20;039;012;-20;006;032;0316164400;;;;;;;;;;;;;;;;;;;;;;;;;;;;;;;;;;;;;;;;;;;;;;;;;;
19:34:35;17;63;9999;061;143;11;111111111111000000000000;000000000000000000000000;11101000;000;_;e;10;110110001100000000000000;____;10;027;070;026;011;034;036;0316164401;;;;;;;;;;;;;;;;;;;;;;;;;;;;;;;;;;;;;;;;;;;;;;;;;;
19:34:39;17;64;9999;070;156;00;111111111111000000000000;000000000000000000000000;11101000;000;_;e;10;101001001000000000000000;____;01;022;073;014;008;024;055;0316164402;;;;;;;;;;;;;;;;;;;;;;;;;;;;;;;;;;;;;;;;;;;;;;;;;;
19:34:42;17;65;9999;045;233;11;111111111111000000000000;000000000000000000000000;11101000;000;_;e;10;000110000000000000000000;____;05;-10;049;027;-10;-05;011;0316164403;;;;;;;;;;;;;;;;;;;;;;;;;;;;;;;;;;;;;;;;;;;;;;;;;;
19:34:44;17;66;9999;082;190;11;111111111111000000000000;000000000000000000000000;11101000;000;_;e;10;000110000000000000000000;____;05;028;047;026;028;028;005;0316164404;;;;;;;;;;;;;;;;;;;;;;;;;;;;;;;;;;;;;;;;;;;;;;;;;;
19:34:46;17;67;9999;058;102;11;111111111111000000000000;000000000000000000000000;11101000;000;_;e;10;000110101100000000000000;____;04;-03;056;024;-04;-01;110;0316164405;;;;;;;;;;;;;;;;;;;;;;;;;;;;;;;;;;;;;;;;;;;;;;;;;;
19:34:48;17;68;9999;061;195;11;111111111111000000000000;000000000000000000000000;11101000;000;_;e;10;000000000001000000000000;____;12;-19;060;004;-19;-19;026;0316162840;;;;;;;;;;;;;;;;;;;;;;;;;;;;;;;;;;;;;;;;;;;;;;;;;;
19:34:51;17;69;9999;080;151;01;111111111111000000000000;000000000000000000000000;11101000;000;_;e;10;110100001000000000000000;____;01;028;099;011;018;030;034;0316162841;;;;;;;;;;;;;;;;;;;;;;;;;;;;;;;;;;;;;;;;;;;;;;;;;;
19:34:53;17;70;9999;062;159;11;111111111111000000000000;000000000000000000000000;11101000;000;_;e;10;000111111001000000000000;____;05;033;046;019;002;038;093;0316162842;;;;;;;;;;;;;;;;;;;;;;;;;;;;;;;;;;;;;;;;;;;;;;;;;;
19:35:01;17;71;9999;074;774;11;111111111111000000000000;000000000000000000000000;11101000;000;_;e;10;000111001000000000000000;____;04;021;055;019;001;025;042;0316162843;;;;;;;;;;;;;;;;;;;;;;;;;;;;;;;;;;;;;;;;;;;;;;;;;;
19:35:04;17;72;9999;057;242;11;111111111111000000000000;000000000000000000000000;11101000;000;_;e;10;000011000101000000000000;____;06;-20;050;003;-20;-16;037;0316162845;;;;;;;;;;;;;;;;;;;;;;;;;;;;;;;;;;;;;;;;;;;;;;;;;;
19:35:06;17;73;9999;054;178;11;111111111111000000000000;000000000000000000000000;11101000;000;_;e;10;000000000001000000000000;____;12;-13;064;004;-13;-13;004;0316162846;;;;;;;;;;;;;;;;;;;;;;;;;;;;;;;;;;;;;;;;;;;;;;;;;;
19:35:08;17;74;9999;076;177;11;111111111111000000000000;000000000000000000000000;11101000;000;_;e;10;000101000001000000000000;____;04;010;083;003;-11;015;045;0316162844;;;;;;;;;;;;;;;;;;;;;;;;;;;;;;;;;;;;;;;;;;;;;;;;;;
20:04:19;17;75;9999;057;999;11;111111111111000000000000;000000000000000000000000;11101000;000;_;e;10;100110001001000000000000;____;04;004;048;004;-02;016;025;0425760946;;;;;;;;;;;;;;;;;;;;;;;;;;;;;;;;;;;;;;;;;;;;;;;;;;
20:04:20;17;76;9999;045;142;11;111111111111000000000000;000000000000000000000000;11101000;000;_;e;10;000010110000000000000000;____;08;000;001;009;000;006;033;0425769100;;;;;;;;;;;;;;;;;;;;;;;;;;;;;;;;;;;;;;;;;;;;;;;;;;
20:04:22;17;77;9999;045;151;11;111111111111000000000000;000000000000000000000000;11101000;000;_;e;10;000011000000000000000000;____;06;005;083;015;002;006;040;0425769101;;;;;;;;;;;;;;;;;;;;;;;;;;;;;;;;;;;;;;;;;;;;;;;;;;
20:04:25;17;78;9999;049;166;08;111111111111000000000000;000000000000000000000000;11101000;000;_;e;10;110110000000000000000000;____;02;-08;070;008;-08;-03;045;0425769103;;;;;;;;;;;;;;;;;;;;;;;;;;;;;;;;;;;;;;;;;;;;;;;;;;
20:04:28;17;79;9999;074;178;11;111111111111000000000000;000000000000000000000000;11101000;000;_;e;10;000111001101000000000000;____;09;048;052;006;031;048;043;0425769104;;;;;;;;;;;;;;;;;;;;;;;;;;;;;;;;;;;;;;;;;;;;;;;;;;
20:04:30;17;80;9999;051;157;11;111111111111000000000000;000000000000000000000000;11101000;000;_;e;10;000100000000000000000000;____;04;012;040;032;009;012;005;0425739290;;;;;;;;;;;;;;;;;;;;;;;;;;;;;;;;;;;;;;;;;;;;;;;;;;
20:04:32;17;81;9999;055;084;04;111111111111000000000000;000000000000000000000000;11101000;000;_;e;10;000011111000000000000000;____;05;023;019;015;000;023;062;0425769105;;;;;;;;;;;;;;;;;;;;;;;;;;;;;;;;;;;;;;;;;;;;;;;;;;
20:04:35;17;82;9999;062;234;11;111111111111000000000000;000000000000000000000000;11101000;000;_;e;10;000000111010000000000000;____;08;019;016;006;000;020;031;0425769107;;;;;;;;;;;;;;;;;;;;;;;;;;;;;;;;;;;;;;;;;;;;;;;;;;
20:04:39;17;83;9999;063;162;11;111111111111000000000000;000000000000000000000000;11101000;000;_;e;10;100110000000000000000000;____;01;073;056;004;019;073;068;0425769108;;;;;;;;;;;;;;;;;;;;;;;;;;;;;;;;;;;;;;;;;;;;;;;;;;
20:04:40;17;84;9999;081;046;11;111111111111000000000000;000000000000000000000000;11101000;000;_;e;10;000001001100000000000000;____;06;013;042;027;013;032;043;0425760947;;;;;;;;;;;;;;;;;;;;;;;;;;;;;;;;;;;;;;;;;;;;;;;;;;
20:04:44;17;85;9999;060;150;10;111111111111000000000000;000000000000000000000000;11101000;000;_;e;10;100001000000000000000000;____;01;018;057;012;006;018;010;0425769110;;;;;;;;;;;;;;;;;;;;;;;;;;;;;;;;;;;;;;;;;;;;;;;;;;
20:04:45;17;86;9999;050;128;11;111111111111000000000000;000000000000000000000000;11101000;000;_;e;10;000101001100000000000000;____;09;014;038;038;014;026;068;0425760948;;;;;;;;;;;;;;;;;;;;;;;;;;;;;;;;;;;;;;;;;;;;;;;;;;
20:04:51;17;87;9999;081;354;11;111111111111000000000000;000000000000000000000000;11101000;000;_;e;10;010110000100000000000000;____;04;016;046;032;015;042;077;0425760949;;;;;;;;;;;;;;;;;;;;;;;;;;;;;;;;;;;;;;;;;;;;;;;;;;
20:04:55;17;88;9999;043;334;11;111111111111000000000000;000000000000000000000000;11101000;000;_;e;10;000000000010000000000000;____;11;017;039;004;007;017;025;0425760950;;;;;;;;;;;;;;;;;;;;;;;;;;;;;;;;;;;;;;;;;;;;;;;;;;
20:04:57;17;89;9999;067;228;11;111111111111000000000000;000000000000000000000000;11101000;000;_;e;10;000001110000000000000000;____;07;-06;014;011;-07;001;049;0425760951;;;;;;;;;;;;;;;;;;;;;;;;;;;;;;;;;;;;;;;;;;;;;;;;;;
20:04:59;17;90;9999;074;185;11;111111111111000000000000;000000000000000000000000;11101000;000;_;e;10;000111100100000000000000;____;06;-07;030;019;-09;-02;055;0425769111;;;;;;;;;;;;;;;;;;;;;;;;;;;;;;;;;;;;;;;;;;;;;;;;;;
20:05:02;17;91;9999;050;241;11;111111111111000000000000;000000000000000000000000;11101000;000;_;e;10;000011100000000000000000;____;05;011;005;022;-09;011;017;0425760952;;;;;;;;;;;;;;;;;;;;;;;;;;;;;;;;;;;;;;;;;;;;;;;;;;
20:05:05;17;92;9999;065;201;11;111111111111000000000000;000000000000000000000000;11101000;000;_;e;10;000111001100000000000000;____;06;-04;032;025;-04;014;046;0425760954;;;;;;;;;;;;;;;;;;;;;;;;;;;;;;;;;;;;;;;;;;;;;;;;;;
20:05:07;17;93;9999;039;143;11;111111111111000000000000;000000000000000000000000;11101000;000;_;e;10;000011110000000000000000;____;06;-06;006;012;-20;003;040;0425760953;;;;;;;;;;;;;;;;;;;;;;;;;;;;;;;;;;;;;;;;;;;;;;;;;;
20:05:10;17;94;9999;056;192;02;111111111111000000000000;000000000000000000000000;11101000;000;_;e;10;000110110000000000000000;____;08;019;002;007;019;023;040;0425760955;;;;;;;;;;;;;;;;;;;;;;;;;;;;;;;;;;;;;;;;;;;;;;;;;;
20:05:12;17;95;9999;045;194;11;111111111111000000000000;000000000000000000000000;11101000;000;_;e;10;000011110010000000000000;____;08;008;019;006;007;057;062;0425760956;;;;;;;;;;;;;;;;;;;;;;;;;;;;;;;;;;;;;;;;;;;;;;;;;;
20:05:14;17;96;9999;060;158;11;111111111111000000000000;000000000000000000000000;11101000;000;_;e;10;000000100000000000000000;____;07;002;011;019;002;002;002;0425760959;;;;;;;;;;;;;;;;;;;;;;;;;;;;;;;;;;;;;;;;;;;;;;;;;;
20:05:16;17;97;9999;081;191;11;111111111111000000000000;000000000000000000000000;11101000;000;_;e;10;000001000000000000000000;____;06;045;037;025;045;045;003;0425760961;;;;;;;;;;;;;;;;;;;;;;;;;;;;;;;;;;;;;;;;;;;;;;;;;;
20:05:21;17;98;9999;086;240;11;111111111111000000000000;000000000000000000000000;11101000;000;_;e;10;000010101010000000000000;____;09;057;021;017;049;057;048;0425760962;;;;;;;;;;;;;;;;;;;;;;;;;;;;;;;;;;;;;;;;;;;;;;;;;;
20:05:23;17;99;9999;076;135;11;111111111111000000000000;000000000000000000000000;11101000;000;_;e;10;000110001000000000000000;____;05;024;039;028;024;029;091;0425760960;;;;;;;;;;;;;;;;;;;;;;;;;;;;;;;;;;;;;;;;;;;;;;;;;;
20:05:25;17;01;9999;055;123;11;111111111111000000000000;000000000000000000000000;11101000;000;_;e;10;000110000000000000000000;____;04;002;058;032;001;023;009;0425760963;;;;;;;;;;;;;;;;;;;;;;;;;;;;;;;;;;;;;;;;;;;;;;;;;;
21:04:05;17;02;9999;049;999;11;111111111111000000000000;000000000000000000000000;11101000;000;_;e;10;100000001100000000000000;____;01;012;081;020;005;023;036;0316164406;;;;;;;;;;;;;;;;;;;;;;;;;;;;;;;;;;;;;;;;;;;;;;;;;;
21:04:07;17;03;9999;069;159;11;111111111111000000000000;000000000000000000000000;11101000;000;_;e;10;000111001100000000000000;____;09;020;035;034;018;024;102;0316164407;;;;;;;;;;;;;;;;;;;;;;;;;;;;;;;;;;;;;;;;;;;;;;;;;;
21:04:09;17;04;9999;083;154;11;111111111111000000000000;000000000000000000000000;11101000;000;_;e;10;001111001100000000000000;____;06;007;037;028;007;011;064;0316164408;;;;;;;;;;;;;;;;;;;;;;;;;;;;;;;;;;;;;;;;;;;;;;;;;;
21:04:12;17;05;9999;055;153;11;111111111111000000000000;000000000000000000000000;11101000;000;_;e;10;100110001000000000000000;____;05;028;040;009;008;028;061;0316164409;;;;;;;;;;;;;;;;;;;;;;;;;;;;;;;;;;;;;;;;;;;;;;;;;;
21:04:16;17;06;9999;064;380;11;111111111111000000000000;000000000000000000000000;11101000;000;_;e;10;000110001011000000000000;____;12;-13;045;004;-14;015;016;0316164410;;;;;;;;;;;;;;;;;;;;;;;;;;;;;;;;;;;;;;;;;;;;;;;;;;
21:04:18;17;07;9999;054;182;11;111111111111000000000000;000000000000000000000000;11101000;000;_;e;10;110000000000000000000000;____;02;-05;100;004;-05;000;041;0316164412;;;;;;;;;;;;;;;;;;;;;;;;;;;;;;;;;;;;;;;;;;;;;;;;;;
21:04:20;17;08;9999;060;177;11;111111111111000000000000;000000000000000000000000;11101000;000;_;e;10;110101000000000000000000;____;01;020;097;009;015;021;041;0316164411;;;;;;;;;;;;;;;;;;;;;;;;;;;;;;;;;;;;;;;;;;;;;;;;;;
21:04:22;17;09;9999;066;155;11;111111111111000000000000;000000000000000000000000;11101000;000;_;e;10;000111101100000000000000;____;06;-10;038;023;-15;010;047;0316164413;;;;;;;;;;;;;;;;;;;;;;;;;;;;;;;;;;;;;;;;;;;;;;;;;;
21:04:25;17;10;9999;078;166;02;111111111111000000000000;000000000000000000000000;11101000;000;_;e;10;000000110000000000000000;____;08;013;022;007;013;016;004;0316164415;;;;;;;;;;;;;;;;;;;;;;;;;;;;;;;;;;;;;;;;;;;;;;;;;;
21:04:27;17;11;9999;076;158;11;111111111111000000000000;000000000000000000000000;11101000;000;_;e;10;110000001100000000000000;____;01;019;103;008;013;033;041;0425765128;;;;;;;;;;;;;;;;;;;;;;;;;;;;;;;;;;;;;;;;;;;;;;;;;;
21:04:32;17;12;9999;045;146;04;111111111111000000000000;000000000000000000000000;11101000;000;_;e;10;000000001000000000000000;____;09;015;058;021;015;015;003;0316164414;;;;;;;;;;;;;;;;;;;;;;;;;;;;;;;;;;;;;;;;;;;;;;;;;;
21:04:34;17;13;9999;053;212;11;111111111111000000000000;000000000000000000000000;11101000;000;_;e;10;100001001001000000000000;____;09;026;067;007;016;033;044;0316164416;;;;;;;;;;;;;;;;;;;;;;;;;;;;;;;;;;;;;;;;;;;;;;;;;;
21:04:40;17;14;9999;047;356;11;111111111111000000000000;000000000000000000000000;11101000;000;_;e;10;000110000000000000000000;____;04;026;052;025;026;029;021;0316164418;;;;;;;;;;;;;;;;;;;;;;;;;;;;;;;;;;;;;;;;;;;;;;;;;;
21:04:43;17;15;9999;060;345;11;111111111111000000000000;000000000000000000000000;11101000;000;_;e;10;000010101000000000000000;____;05;028;047;019;016;028;058;0316164400;;;;;;;;;;;;;;;;;;;;;;;;;;;;;;;;;;;;;;;;;;;;;;;;;;
21:04:46;17;16;9999;056;238;11;111111111111000000000000;000000000000000000000000;11101000;000;_;e;10;100000000000000000000000;____;01;007;096;019;007;007;004;0316164401;;;;;;;;;;;;;;;;;;;;;;;;;;;;;;;;;;;;;;;;;;;;;;;;;;
21:04:48;17;17;9999;065;165;11;111111111111000000000000;000000000000000000000000;11101000;000;_;e;10;110100000000000000000000;____;01;-02;094;013;-05;003;030;0316164402;;;;;;;;;;;;;;;;;;;;;;;;;;;;;;;;;;;;;;;;;;;;;;;;;;
21:04:51;17;18;9999;058;160;03;111111111111000000000000;000000000000000000000000;11101000;000;_;e;10;100000000000000000000000;____;01;013;097;005;013;014;012;0316164403;;;;;;;;;;;;;;;;;;;;;;;;;;;;;;;;;;;;;;;;;;;;;;;;;;
21:04:53;17;19;9999;080;174;11;111111111111000000000000;000000000000000000000000;11101000;000;_;e;10;000000001100000000000000;____;09;036;054;024;027;036;015;0316164404;;;;;;;;;;;;;;;;;;;;;;;;;;;;;;;;;;;;;;;;;;;;;;;;;;
21:04:57;17;20;9999;045;160;02;111111111111000000000000;000000000000000000000000;11101000;000;_;e;10;000110001100000000000000;____;05;-07;053;028;-10;-02;069;0316164405;;;;;;;;;;;;;;;;;;;;;;;;;;;;;;;;;;;;;;;;;;;;;;;;;;
21:04:59;17;21;9999;072;203;11;111111111111000000000000;000000000000000000000000;11101000;000;_;e;10;100000000010000000000000;____;11;-17;046;004;-17;-03;007;0316164419;;;;;;;;;;;;;;;;;;;;;;;;;;;;;;;;;;;;;;;;;;;;;;;;;;
21:05:03;17;22;9999;073;347;11;111111111111000000000000;000000000000000000000000;11101000;000;_;e;10;000111001010000000000000;____;05;039;034;011;003;039;059;0425765257;;;;;;;;;;;;;;;;;;;;;;;;;;;;;;;;;;;;;;;;;;;;;;;;;;
21:05:06;17;23;9999;079;239;11;111111111111000000000000;000000000000000000000000;11101000;000;_;e;10;001111001000000000000000;____;04;028;057;048;020;028;084;0316164420;;;;;;;;;;;;;;;;;;;;;;;;;;;;;;;;;;;;;;;;;;;;;;;;;;
21:05:08;17;24;9999;054;156;11;111111111111000000000000;000000000000000000000000;11101000;000;_;e;10;110100000000000000000000;____;01;007;099;006;-06;008;045;0425765258;;;;;;;;;;;;;;;;;;;;;;;;;;;;;;;;;;;;;;;;;;;;;;;;;;
21:05:11;17;25;9999;079;155;00;111111111111000000000000;000000000000000000000000;11101000;000;_;e;10;000001000000000000000000;____;06;012;060;025;005;012;003;0425765129;;;;;;;;;;;;;;;;;;;;;;;;;;;;;;;;;;;;;;;;;;;;;;;;;;
21:05:13;17;26;9999;073;168;11;111111111111000000000000;000000000000000000000000;11010000;000;_;;;;;;;;;;;;;;;;;;;;;;;;;;;;;;;;;;;;;;;;;;;;;;;;;;;;;;;;;;;;;;
21:05:15;17;27;9999;076;157;11;111111111111000000000000;000000000000000000000000;11101000;000;_;e;10;100100001000000000000000;____;01;029;078;020;011;030;032;0316164422;;;;;;;;;;;;;;;;;;;;;;;;;;;;;;;;;;;;;;;;;;;;;;;;;;
21:05:17;17;28;9999;059;154;11;111111111111000000000000;000000000000000000000000;11010000;000;_;;;;;;;;;;;;;;;;;;;;;;;;;;;;;;;;;;;;;;;;;;;;;;;;;;;;;;;;;;;;;;
21:05:20;17;29;9999;072;226;11;111111111111000000000000;000000000000000000000000;11101000;000;_;e;10;000011101100000000000000;____;09;046;025;010;010;048;029;0425765262;;;;;;;;;;;;;;;;;;;;;;;;;;;;;;;;;;;;;;;;;;;;;;;;;;
21:05:23;17;30;9999;059;149;03;111111111111000000000000;000000000000000000000000;11101000;000;_;e;10;000011000010000000000000;____;06;032;040;005;031;037;072;0425765146;;;;;;;;;;;;;;;;;;;;;;;;;;;;;;;;;;;;;;;;;;;;;;;;;;
21:05:29;17;31;9999;040;233;00;111111111111000000000000;000000000000000000000000;11101000;000;_;e;10;000000111010000000000000;____;11;-02;005;004;-08;-01;030;0425761794;;;;;;;;;;;;;;;;;;;;;;;;;;;;;;;;;;;;;;;;;;;;;;;;;;
21:05:31;17;32;9999;056;248;11;111111111111000000000000;000000000000000000000000;11101000;000;_;e;10;000011110010000000000000;____;07;-13;017;010;-13;004;090;0425765261;;;;;;;;;;;;;;;;;;;;;;;;;;;;;;;;;;;;;;;;;;;;;;;;;;
21:05:34;17;33;9999;058;219;11;111111111111000000000000;000000000000000000000000;11101000;000;_;e;10;000000001100000000000000;____;10;000;038;022;-01;000;007;0425761795;;;;;;;;;;;;;;;;;;;;;;;;;;;;;;;;;;;;;;;;;;;;;;;;;;
21:05:35;17;34;9999;066;063;11;111111111111000000000000;000000000000000000000000;11010000;000;_;;;;;;;;;;;;;;;;;;;;;;;;;;;;;;;;;;;;;;;;;;;;;;;;;;;;;;;;;;;;;;
21:05:38;17;35;9999;067;171;02;111111111111000000000000;000000000000000000000000;11101000;000;_;e;10;100000000001000000000000;____;01;009;053;008;-03;011;036;0316164424;;;;;;;;;;;;;;;;;;;;;;;;;;;;;;;;;;;;;;;;;;;;;;;;;;
21:05:40;17;36;9999;069;165;11;111111111111000000000000;000000000000000000000000;11101000;000;_;e;10;000001110000000000000000;____;07;-17;018;011;-18;-14;030;0425765263;;;;;;;;;;;;;;;;;;;;;;;;;;;;;;;;;;;;;;;;;;;;;;;;;;
21:05:42;17;37;9999;073;157;11;111111111111000000000000;000000000000000000000000;11101000;000;_;e;10;000000001100000000000000;____;09;-02;048;027;-02;000;006;0425761796;;;;;;;;;;;;;;;;;;;;;;;;;;;;;;;;;;;;;;;;;;;;;;;;;;
21:05:48;17;38;9999;057;202;00;111111111111000000000000;000000000000000000000000;11101000;000;_;e;10;010111000000000000000000;____;06;-17;073;013;-18;019;040;0425765131;;;;;;;;;;;;;;;;;;;;;;;;;;;;;;;;;;;;;;;;;;;;;;;;;;
21:05:50;17;39;9999;055;258;11;111111111111000000000000;000000000000000000000000;11101000;000;_;e;10;000001000000000000000000;____;06;-20;054;005;-20;-19;022;0425765132;;;;;;;;;;;;;;;;;;;;;;;;;;;;;;;;;;;;;;;;;;;;;;;;;;
21:05:52;17;40;9999;073;157;11;111111111111000000000000;000000000000000000000000;11101000;000;_;e;10;000111001000000000000000;____;09;030;040;024;003;030;069;0425765130;;;;;;;;;;;;;;;;;;;;;;;;;;;;;;;;;;;;;;;;;;;;;;;;;;
21:05:57;17;41;9999;079;126;00;111111111111000000000000;000000000000000000000000;11001000;000;_;e;10;100111001101000000000000;____;05;053;056;006;011;056;052;0425765133;025;092;005;-02;034;008;0298889592;;;;;;;;;;;;;;;;;;;;;;;;;;;;;;;;;;;;;;;;;;;
21:06:00;17;42;9999;056;233;11;111111111111000000000000;000000000000000000000000;11010000;000;_;;;;;;;;;;;;;;;;;;;;;;;;;;;;;;;;;;;;;;;;;;;;;;;;;;;;;;;;;;;;;;
21:06:01;17;43;9999;062;151;11;111111111111000000000000;000000000000000000000000;11101000;000;_;e;10;100000001100000000000000;____;01;027;090;008;-13;027;010;0425765136;;;;;;;;;;;;;;;;;;;;;;;;;;;;;;;;;;;;;;;;;;;;;;;;;;
21:06:06;17;44;9999;062;144;01;111111111111000000000000;000000000000000000000000;11101000;000;_;e;10;000111001000000000000000;____;05;-02;059;033;-05;002;099;0425765137;;;;;;;;;;;;;;;;;;;;;;;;;;;;;;;;;;;;;;;;;;;;;;;;;;
21:06:09;17;45;9999;053;238;11;111111111111000000000000;000000000000000000000000;11101000;000;_;e;10;001011110010000000000000;____;06;-12;043;000;-13;001;054;0425765138;;;;;;;;;;;;;;;;;;;;;;;;;;;;;;;;;;;;;;;;;;;;;;;;;;
21:06:10;17;46;9999;053;153;11;111111111111000000000000;000000000000000000000000;11101000;000;_;e;10;100001000001000000000000;____;01;-19;078;008;-20;007;019;0425765135;;;;;;;;;;;;;;;;;;;;;;;;;;;;;;;;;;;;;;;;;;;;;;;;;;
21:06:13;17;47;9999;047;150;05;111111111111000000000000;000000000000000000000000;11101000;000;_;e;10;000000001001000000000000;____;12;020;049;004;019;021;019;0425765139;;;;;;;;;;;;;;;;;;;;;;;;;;;;;;;;;;;;;;;;;;;;;;;;;;
21:06:16;17;48;9999;040;235;11;111111111111000000000000;000000000000000000000000;11101000;000;_;e;10;110101001001000000000000;____;12;010;069;004;-11;019;075;0425765140;;;;;;;;;;;;;;;;;;;;;;;;;;;;;;;;;;;;;;;;;;;;;;;;;;
21:06:19;17;49;9999;045;234;11;111111111111000000000000;000000000000000000000000;11101000;000;_;e;10;000111001000000000000000;____;09;012;051;033;007;014;076;0425765260;;;;;;;;;;;;;;;;;;;;;;;;;;;;;;;;;;;;;;;;;;;;;;;;;;
21:06:21;17;50;9999;058;238;11;111111111111000000000000;000000000000000000000000;11101000;000;_;e;10;000111001100000000000000;____;04;-20;072;022;-20;-13;047;0425765142;;;;;;;;;;;;;;;;;;;;;;;;;;;;;;;;;;;;;;;;;;;;;;;;;;
21:06:23;17;51;9999;076;172;11;111111111111000000000000;000000000000000000000000;11101000;000;_;e;10;000001100000000000000000;____;07;-17;021;019;-17;-17;034;0425765141;;;;;;;;;;;;;;;;;;;;;;;;;;;;;;;;;;;;;;;;;;;;;;;;;;
21:06:25;17;52;9999;041;143;11;111111111111000000000000;000000000000000000000000;11010000;000;_;;;;;;;;;;;;;;;;;;;;;;;;;;;;;;;;;;;;;;;;;;;;;;;;;;;;;;;;;;;;;;
21:06:28;17;53;9999;062;205;11;111111111111000000000000;000000000000000000000000;11101000;000;_;e;10;000000110000000000000000;____;08;-19;037;008;-19;-17;028;0425765145;;;;;;;;;;;;;;;;;;;;;;;;;;;;;;;;;;;;;;;;;;;;;;;;;;
21:34:16;17;54;9999;077;999;11;111111111111000000000000;000000000000000000000000;11101000;000;_;e;10;000010001000000000000000;____;05;033;023;022;033;037;035;0425769000;;;;;;;;;;;;;;;;;;;;;;;;;;;;;;;;;;;;;;;;;;;;;;;;;;
21:34:19;17;55;9999;077;241;11;111111111111000000000000;000000000000000000000000;11101000;000;_;e;10;000110000000000000000000;____;05;028;057;014;027;030;012;0425762901;;;;;;;;;;;;;;;;;;;;;;;;;;;;;;;;;;;;;;;;;;;;;;;;;;
21:34:22;17;56;9999;073;195;11;111111111111000000000000;000000000000000000000000;11101000;000;_;e;10;000110000000000000000000;____;04;040;028;019;035;040;012;0425769200;;;;;;;;;;;;;;;;;;;;;;;;;;;;;;;;;;;;;;;;;;;;;;;;;;
21:34:25;17;57;9999;073;231;11;111111111111000000000000;000000000000000000000000;11101000;000;_;e;10;000110001100000000000000;____;04;013;065;027;012;016;012;0425769001;;;;;;;;;;;;;;;;;;;;;;;;;;;;;;;;;;;;;;;;;;;;;;;;;;
21:34:27;17;58;9999;063;169;11;111111111111000000000000;000000000000000000000000;11101000;000;_;e;10;000010000000000000000000;____;05;-20;038;010;-20;-20;002;0425769201;;;;;;;;;;;;;;;;;;;;;;;;;;;;;;;;;;;;;;;;;;;;;;;;;;
21:34:29;17;59;9999;076;176;11;111111111111000000000000;000000000000000000000000;11101000;000;_;e;10;000111001000000000000000;____;09;006;056;025;002;007;046;0425769002;;;;;;;;;;;;;;;;;;;;;;;;;;;;;;;;;;;;;;;;;;;;;;;;;;
21:34:31;17;60;9999;080;151;11;111111111111000000000000;000000000000000000000000;11101000;000;_;e;10;000101001000000000000000;____;09;030;059;035;028;032;041;0425769003;;;;;;;;;;;;;;;;;;;;;;;;;;;;;;;;;;;;;;;;;;;;;;;;;;
21:34:34;17;61;9999;083;150;01;111111111111000000000000;000000000000000000000000;11101000;000;_;e;10;000010100000000000000000;____;05;008;028;029;004;008;019;0425769004;;;;;;;;;;;;;;;;;;;;;;;;;;;;;;;;;;;;;;;;;;;;;;;;;;
21:34:36;17;62;9999;067;149;11;111111111111000000000000;000000000000000000000000;11101000;000;_;e;10;100000000000000000000000;____;01;-03;092;023;-03;-03;005;0425769005;;;;;;;;;;;;;;;;;;;;;;;;;;;;;;;;;;;;;;;;;;;;;;;;;;
21:34:40;17;63;9999;044;169;04;111111111111000000000000;000000000000000000000000;11101000;000;_;e;10;000111001000000000000000;____;09;009;051;029;008;010;082;0425769202;;;;;;;;;;;;;;;;;;;;;;;;;;;;;;;;;;;;;;;;;;;;;;;;;;
21:34:42;17;64;9999;075;200;11;111111111111000000000000;000000000000000000000000;11101000;000;_;e;10;000100000000000000000000;____;04;040;074;009;028;047;062;0425769203;;;;;;;;;;;;;;;;;;;;;;;;;;;;;;;;;;;;;;;;;;;;;;;;;;
21:34:45;17;65;9999;044;241;11;111111111111000000000000;000000000000000000000000;11101000;000;_;e;10;000111001000000000000000;____;04;003;032;032;-03;004;034;0425769204;;;;;;;;;;;;;;;;;;;;;;;;;;;;;;;;;;;;;;;;;;;;;;;;;;
21:34:47;17;66;9999;066;229;11;111111111111000000000000;000000000000000000000000;11101000;000;_;e;10;000011110000000000000000;____;07;013;037;005;007;016;039;0425769205;;;;;;;;;;;;;;;;;;;;;;;;;;;;;;;;;;;;;;;;;;;;;;;;;;
21:34:51;17;67;9999;052;164;09;111111111111000000000000;000000000000000000000000;11101000;000;_;e;10;000000000100000000000000;____;10;-09;079;002;-09;-09;004;0425769206;;;;;;;;;;;;;;;;;;;;;;;;;;;;;;;;;;;;;;;;;;;;;;;;;;
21:34:54;17;68;9999;050;146;00;111111111111000000000000;000000000000000000000000;11101000;000;_;e;10;000111101010000000000000;____;05;019;026;006;008;021;079;0425769207;;;;;;;;;;;;;;;;;;;;;;;;;;;;;;;;;;;;;;;;;;;;;;;;;;
21:34:56;17;69;9999;077;191;11;111111111111000000000000;000000000000000000000000;11101000;000;_;e;10;000000000100000000000000;____;10;-12;050;016;-12;-12;003;0425769006;;;;;;;;;;;;;;;;;;;;;;;;;;;;;;;;;;;;;;;;;;;;;;;;;;
21:34:58;17;70;9999;051;155;11;111111111111000000000000;000000000000000000000000;11101000;000;_;e;10;110110000000000000000000;____;04;-09;088;022;-17;-09;046;0425769208;;;;;;;;;;;;;;;;;;;;;;;;;;;;;;;;;;;;;;;;;;;;;;;;;;
21:35:01;17;71;9999;082;188;11;111111111111000000000000;000000000000000000000000;11101000;000;_;e;10;110101000000000000000000;____;04;004;074;020;001;005;011;0425769007;;;;;;;;;;;;;;;;;;;;;;;;;;;;;;;;;;;;;;;;;;;;;;;;;;
21:35:06;17;72;9999;084;242;11;111111111111000000000000;000000000000000000000000;11101000;000;_;e;10;000011000000000000000000;____;05;-09;061;021;-09;-06;010;0425769008;;;;;;;;;;;;;;;;;;;;;;;;;;;;;;;;;;;;;;;;;;;;;;;;;;
21:35:08;17;73;9999;049;151;11;111111111111000000000000;000000000000000000000000;11101000;000;_;e;10;000000001100000000000000;____;10;-19;047;020;-19;-06;013;0425769009;;;;;;;;;;;;;;;;;;;;;;;;;;;;;;;;;;;;;;;;;;;;;;;;;;
21:35:13;17;74;9999;057;130;00;111111111111000000000000;000000000000000000000000;11101000;000;_;e;10;000110001001000000000000;____;09;032;056;010;016;032;015;0425760286;;;;;;;;;;;;;;;;;;;;;;;;;;;;;;;;;;;;;;;;;;;;;;;;;;
21:35:15;17;75;9999;054;236;11;111111111111000000000000;000000000000000000000000;11101000;000;_;e;10;001111001000000000000000;____;05;-20;055;025;-20;008;044;0425769010;;;;;;;;;;;;;;;;;;;;;;;;;;;;;;;;;;;;;;;;;;;;;;;;;;
21:35:17;17;76;9999;077;166;11;111111111111000000000000;000000000000000000000000;11101000;000;_;e;10;000110001100000000000000;____;04;011;060;035;010;015;067;0425760287;;;;;;;;;;;;;;;;;;;;;;;;;;;;;;;;;;;;;;;;;;;;;;;;;;
21:35:19;17;77;9999;075;131;11;111111111111000000000000;000000000000000000000000;11101000;000;_;e;10;110110001000000000000000;____;04;018;078;033;-19;047;043;0425760288;;;;;;;;;;;;;;;;;;;;;;;;;;;;;;;;;;;;;;;;;;;;;;;;;;
21:35:24;17;78;9999;054;245;11;111111111111000000000000;000000000000000000000000;11101000;000;_;e;10;110100001000000000000000;____;09;030;063;016;014;032;050;0425760293;;;;;;;;;;;;;;;;;;;;;;;;;;;;;;;;;;;;;;;;;;;;;;;;;;
21:35:26;17;79;9999;081;157;11;111111111111000000000000;000000000000000000000000;11010000;000;_;;;;;;;;;;;;;;;;;;;;;;;;;;;;;;;;;;;;;;;;;;;;;;;;;;;;;;;;;;;;;;
21:35:30;17;80;9999;057;129;00;111111111111000000000000;000000000000000000000000;11101000;000;_;e;10;000111001001000000000000;____;09;038;061;009;033;041;109;0425760294;;;;;;;;;;;;;;;;;;;;;;;;;;;;;;;;;;;;;;;;;;;;;;;;;;
21:35:33;17;81;9999;068;244;11;111111111111000000000000;000000000000000000000000;11101000;000;_;e;10;000011100000000000000000;____;07;022;039;005;008;025;024;0425769011;;;;;;;;;;;;;;;;;;;;;;;;;;;;;;;;;;;;;;;;;;;;;;;;;;
21:35:35;17;82;9999;044;144;11;111111111111000000000000;000000000000000000000000;11101000;000;_;e;10;000000110000000000000000;____;08;008;032;004;004;008;034;0425760295;;;;;;;;;;;;;;;;;;;;;;;;;;;;;;;;;;;;;;;;;;;;;;;;;;
21:35:37;17;83;9999;054;164;11;111111111111000000000000;000000000000000000000000;11101000;000;_;e;10;100111001000000000000000;____;09;023;074;010;003;026;056;0425760296;;;;;;;;;;;;;;;;;;;;;;;;;;;;;;;;;;;;;;;;;;;;;;;;;;
22:04:52;17;84;9999;063;999;11;111111111111000000000000;000000000000000000000000;11010000;000;_;;;;;;;;;;;;;;;;;;;;;;;;;;;;;;;;;;;;;;;;;;;;;;;;;;;;;;;;;;;;;;
22:05:00;17;85;9999;068;756;11;111111111111000000000000;000000000000000000000000;11010000;000;_;;;;;;;;;;;;;;;;;;;;;;;;;;;;;;;;;;;;;;;;;;;;;;;;;;;;;;;;;;;;;;
22:05:02;17;86;9999;079;155;11;111111111111000000000000;000000000000000000000000;11101000;000;_;e;10;000001000000000000000000;____;06;-08;047;010;-08;-08;003;0425762901;;;;;;;;;;;;;;;;;;;;;;;;;;;;;;;;;;;;;;;;;;;;;;;;;;
