RDT400 Server V3.30
Site: 
System: Barcode scanner PLC02 (Sick); System type: OPS
Date: 02-01-2025  00:00:44
Date    ;ID;CT;IDX ;TLE;TGA;V ;DEVICE LIST             ;ERROR LIST              ;OUTPUT  ;ENR;R;CODE1 ID;LENGTH;READ LIST;RES;CLV ID;XPOS;YPOS;ZPOS;XMIN;XMAX;CS;CODE CONTENT;XPOS;YPOS;ZPOS;XMIN;XMAX;CS;CODE CONTENT;CODE2 ID;LENGTH;READ LIST;RES;CLV ID;XPOS;YPOS;ZPOS;XMIN;XMAX;CS;CODE CONTENT;XPOS;YPOS;ZPOS;XMIN;XMAX;CS;CODE CONTENT;CODE3 ID;LENGTH;READ LIST;RES;CLV ID;XPOS;YPOS;ZPOS;XMIN;XMAX;CS;CODE CONTENT;XPOS;YPOS;ZPOS;XMIN;XMAX;CS;CODE CONTENT;INFO1;INFO2;CUSTOM1;CUSTOM2;
04:24:21;12;44;9999;073;999;09;111111111111000000000000;000000000000000000000000;11101000;000;_;e;10;001111001100000000000000;____;10;062;078;015;060;066;195;0425743750;;;;;;;;;;;;;;;;;;;;;;;;;;;;;;;;;;;;;;;;;;;;;;;;;;
04:30:32;12;45;9999;074;999;09;111111111111000000000000;000000000000000000000000;11101000;000;_;e;10;001111001100000000000000;____;05;048;061;030;046;051;132;0425743032;;;;;;;;;;;;;;;;;;;;;;;;;;;;;;;;;;;;;;;;;;;;;;;;;;
04:39:49;12;46;9999;075;999;09;111111111111000000000000;000000000000000000000000;11101000;000;_;e;10;000010000100000000000000;____;10;021;067;013;020;022;035;0425742857;;;;;;;;;;;;;;;;;;;;;;;;;;;;;;;;;;;;;;;;;;;;;;;;;;
04:56:24;12;47;9999;070;999;09;111111111111000000000000;000000000000000000000000;11101000;000;_;e;10;111000000000000000000000;____;01;034;095;012;034;035;062;0425743035;;;;;;;;;;;;;;;;;;;;;;;;;;;;;;;;;;;;;;;;;;;;;;;;;;
05:08:25;12;48;9999;063;999;09;111111111111000000000000;000000000000000000000000;11101000;000;_;e;10;001111001100000000000000;____;10;-03;080;008;-05;006;146;0425742865;;;;;;;;;;;;;;;;;;;;;;;;;;;;;;;;;;;;;;;;;;;;;;;;;;
05:09:19;12;49;9999;073;999;09;111111111111000000000000;000000000000000000000000;11101000;000;_;e;10;000000000100000000000000;____;10;013;063;022;013;014;043;0425743868;;;;;;;;;;;;;;;;;;;;;;;;;;;;;;;;;;;;;;;;;;;;;;;;;;
05:09:40;12;50;9999;068;999;08;111111111111000000000000;000000000000000000000000;11101000;000;_;e;10;000000001101000000000000;____;09;069;069;012;036;069;021;0425742866;;;;;;;;;;;;;;;;;;;;;;;;;;;;;;;;;;;;;;;;;;;;;;;;;;
05:10:02;12;51;9999;076;999;09;111111111111000000000000;000000000000000000000000;11101000;000;_;e;10;111100000000000000000000;____;03;049;089;047;026;053;055;0425743039;;;;;;;;;;;;;;;;;;;;;;;;;;;;;;;;;;;;;;;;;;;;;;;;;;
05:11:09;12;52;9999;055;999;09;111111111111000000000000;000000000000000000000000;11101000;000;_;e;10;001111000111000000000000;____;10;-03;062;000;-07;-01;154;0425742867;;;;;;;;;;;;;;;;;;;;;;;;;;;;;;;;;;;;;;;;;;;;;;;;;;
05:14:55;12;53;9999;076;999;09;111111111111000000000000;000000000000000000000000;11101000;000;_;e;10;010000001100000000000000;____;02;045;098;011;045;051;042;0425631785;;;;;;;;;;;;;;;;;;;;;;;;;;;;;;;;;;;;;;;;;;;;;;;;;;
05:15:12;12;54;9999;075;999;09;111111111111000000000000;000000000000000000000000;11101000;000;_;e;10;001000001100000000000000;____;09;035;065;046;021;035;036;0425738987;;;;;;;;;;;;;;;;;;;;;;;;;;;;;;;;;;;;;;;;;;;;;;;;;;
05:16:54;12;55;9999;078;999;09;111111111111000000000000;000000000000000000000000;11101000;000;_;e;10;001111000000000000000000;____;04;040;062;040;031;041;068;0425738989;;;;;;;;;;;;;;;;;;;;;;;;;;;;;;;;;;;;;;;;;;;;;;;;;;
05:19:01;12;56;9999;056;999;09;111111111111000000000000;000000000000000000000000;11101000;000;_;e;10;011101101100000000000000;____;03;021;077;043;021;030;056;0425743758;;;;;;;;;;;;;;;;;;;;;;;;;;;;;;;;;;;;;;;;;;;;;;;;;;
05:21:30;12;57;9999;060;999;09;111111111111000000000000;000000000000000000000000;11101000;000;_;e;10;100100000100000000000000;____;01;035;100;012;008;035;059;0425738991;;;;;;;;;;;;;;;;;;;;;;;;;;;;;;;;;;;;;;;;;;;;;;;;;;
05:34:25;12;58;9999;074;999;09;111111111111000000000000;000000000000000000000000;11101000;000;_;e;10;101101001100000000000000;____;04;040;087;023;014;044;086;0425738999;;;;;;;;;;;;;;;;;;;;;;;;;;;;;;;;;;;;;;;;;;;;;;;;;;
05:38:49;12;59;9999;057;999;08;111111111111000000000000;000000000000000000000000;11101000;000;_;e;10;001000001001000000000000;____;09;060;065;009;054;060;045;0425723586;;;;;;;;;;;;;;;;;;;;;;;;;;;;;;;;;;;;;;;;;;;;;;;;;;
05:40:00;12;60;9999;075;999;09;111111111111000000000000;000000000000000000000000;11101000;000;_;e;10;101110101100000000000000;____;05;039;057;030;038;044;118;0425743051;;;;;;;;;;;;;;;;;;;;;;;;;;;;;;;;;;;;;;;;;;;;;;;;;;
05:40:44;12;61;9999;075;999;09;111111111111000000000000;000000000000000000000000;11101000;000;_;e;10;001110001100000000000000;____;03;055;071;039;054;057;038;0425742872;;;;;;;;;;;;;;;;;;;;;;;;;;;;;;;;;;;;;;;;;;;;;;;;;;
05:41:26;12;62;9999;074;999;09;111111111111000000000000;000000000000000000000000;11101000;000;_;e;10;111100000000000000000000;____;01;046;090;026;044;051;063;0425742873;;;;;;;;;;;;;;;;;;;;;;;;;;;;;;;;;;;;;;;;;;;;;;;;;;
05:46:40;12;63;9999;075;999;09;111111111111000000000000;000000000000000000000000;11101000;000;_;e;10;001111000100000000000000;____;05;033;070;026;033;038;090;0425743773;;;;;;;;;;;;;;;;;;;;;;;;;;;;;;;;;;;;;;;;;;;;;;;;;;
05:47:06;12;64;9999;063;999;09;111111111111000000000000;000000000000000000000000;11101000;000;_;e;10;000001001000000000000000;____;06;038;086;039;033;038;016;0425631799;;;;;;;;;;;;;;;;;;;;;;;;;;;;;;;;;;;;;;;;;;;;;;;;;;
05:47:30;12;65;9999;065;999;09;111111111111000000000000;000000000000000000000000;11101000;000;_;e;10;110110000101000000000000;____;10;007;085;005;006;030;127;0425700594;;;;;;;;;;;;;;;;;;;;;;;;;;;;;;;;;;;;;;;;;;;;;;;;;;
05:47:40;12;66;9999;078;764;09;111111111111000000000000;000000000000000000000000;11101000;000;_;e;10;111000001001000000000000;____;01;043;102;012;009;045;054;0425741384;;;;;;;;;;;;;;;;;;;;;;;;;;;;;;;;;;;;;;;;;;;;;;;;;;
05:48:04;12;67;9999;055;999;09;111111111111000000000000;000000000000000000000000;11101000;000;_;e;10;000000001101000000000000;____;12;004;080;004;004;030;038;0425700593;;;;;;;;;;;;;;;;;;;;;;;;;;;;;;;;;;;;;;;;;;;;;;;;;;
05:48:48;12;68;9999;074;999;09;111111111111000000000000;000000000000000000000000;11101000;000;_;e;10;100110001000000000000000;____;09;071;040;015;064;071;023;0425741385;;;;;;;;;;;;;;;;;;;;;;;;;;;;;;;;;;;;;;;;;;;;;;;;;;
05:49:08;12;69;9999;074;999;09;111111111111000000000000;000000000000000000000000;11101000;000;_;e;10;000000001100000000000000;____;10;030;065;040;028;038;049;0425743052;;;;;;;;;;;;;;;;;;;;;;;;;;;;;;;;;;;;;;;;;;;;;;;;;;
05:50:00;12;70;9999;079;999;08;111111111111000000000000;000000000000000000000000;11101000;000;_;e;10;110000001100000000000000;____;01;046;101;009;018;048;050;0425743496;;;;;;;;;;;;;;;;;;;;;;;;;;;;;;;;;;;;;;;;;;;;;;;;;;
05:50:12;12;71;9999;079;969;09;111111111111000000000000;000000000000000000000000;11101000;000;_;e;10;010000000100000000000000;____;10;044;096;029;044;044;017;0425743876;;;;;;;;;;;;;;;;;;;;;;;;;;;;;;;;;;;;;;;;;;;;;;;;;;
05:50:20;12;72;9999;074;622;09;111111111111000000000000;000000000000000000000000;11101000;000;_;e;10;111100001100000000000000;____;03;042;072;028;041;057;074;0425743877;;;;;;;;;;;;;;;;;;;;;;;;;;;;;;;;;;;;;;;;;;;;;;;;;;
05:50:24;12;73;9999;055;268;09;111111111111000000000000;000000000000000000000000;11101000;000;_;e;10;100100101100000000000000;____;10;-01;082;012;-01;026;069;0425723596;;;;;;;;;;;;;;;;;;;;;;;;;;;;;;;;;;;;;;;;;;;;;;;;;;
05:52:36;12;74;9999;089;999;09;111111111111000000000000;000000000000000000000000;11101000;000;_;e;10;110000000000000000000000;____;01;063;088;013;062;063;041;0425742980;;;;;;;;;;;;;;;;;;;;;;;;;;;;;;;;;;;;;;;;;;;;;;;;;;
05:53:06;12;75;9999;055;999;09;111111111111000000000000;000000000000000000000000;11101000;000;_;e;10;000010101010000000000000;____;05;039;050;005;039;043;085;0425741388;;;;;;;;;;;;;;;;;;;;;;;;;;;;;;;;;;;;;;;;;;;;;;;;;;
05:54:22;12;76;9999;070;999;09;111111111111000000000000;000000000000000000000000;11101000;000;_;e;10;110000000001000000000000;____;02;036;100;014;016;037;046;0425743776;;;;;;;;;;;;;;;;;;;;;;;;;;;;;;;;;;;;;;;;;;;;;;;;;;
05:54:36;12;77;9999;065;999;09;111111111111000000000000;000000000000000000000000;11101000;000;_;e;10;001111000100000000000000;____;06;033;065;044;031;035;145;0425743055;;;;;;;;;;;;;;;;;;;;;;;;;;;;;;;;;;;;;;;;;;;;;;;;;;
05:54:47;12;78;9999;058;878;09;111111111111000000000000;000000000000000000000000;11101000;000;_;e;10;110000000000000000000000;____;02;033;103;009;032;046;019;0425742981;;;;;;;;;;;;;;;;;;;;;;;;;;;;;;;;;;;;;;;;;;;;;;;;;;
05:57:43;12;79;9999;070;999;09;111111111111000000000000;000000000000000000000000;11101000;000;_;e;10;000011110000000000000000;____;07;051;040;019;047;062;064;0425743878;;;;;;;;;;;;;;;;;;;;;;;;;;;;;;;;;;;;;;;;;;;;;;;;;;
05:58:20;12;80;9999;044;999;09;111111111111000000000000;000000000000000000000000;11101000;000;_;e;10;001001001100000000000000;____;09;017;069;023;004;039;011;0425743779;;;;;;;;;;;;;;;;;;;;;;;;;;;;;;;;;;;;;;;;;;;;;;;;;;
05:58:47;12;81;9999;074;999;09;111111111111000000000000;000000000000000000000000;11101000;000;_;e;10;011111001000000000000000;____;03;044;091;022;035;050;073;0425742876;;;;;;;;;;;;;;;;;;;;;;;;;;;;;;;;;;;;;;;;;;;;;;;;;;
05:59:21;12;82;9999;050;999;09;111111111111000000000000;000000000000000000000000;11101000;000;_;e;10;110000010000000000000000;____;02;-06;090;014;-06;000;059;0425742877;;;;;;;;;;;;;;;;;;;;;;;;;;;;;;;;;;;;;;;;;;;;;;;;;;
06:00:44;12;83;9999;060;999;09;111111111111000000000000;000000000000000000000000;11101000;000;_;e;10;000000000001000000000000;____;12;006;082;004;006;007;017;0425742878;;;;;;;;;;;;;;;;;;;;;;;;;;;;;;;;;;;;;;;;;;;;;;;;;;
06:01:24;12;84;9999;059;999;09;111111111111000000000000;000000000000000000000000;11101000;000;_;e;10;110000010000000000000000;____;02;-02;079;010;-04;000;041;0425743783;;;;;;;;;;;;;;;;;;;;;;;;;;;;;;;;;;;;;;;;;;;;;;;;;;
06:01:44;12;85;9999;052;999;09;111111111111000000000000;000000000000000000000000;11101000;000;_;e;10;010000001100000000000000;____;10;-01;084;021;-01;031;037;0425742879;;;;;;;;;;;;;;;;;;;;;;;;;;;;;;;;;;;;;;;;;;;;;;;;;;
06:04:22;12;86;9999;056;999;09;111111111111000000000000;000000000000000000000000;11101000;000;_;e;10;001101001001000000000000;____;09;067;068;011;062;067;063;0425743063;;;;;;;;;;;;;;;;;;;;;;;;;;;;;;;;;;;;;;;;;;;;;;;;;;
06:08:32;12;87;9999;060;999;09;111111111111000000000000;000000000000000000000000;11101000;000;_;e;10;111000000000000000000000;____;01;032;103;010;031;034;069;0425751405;;;;;;;;;;;;;;;;;;;;;;;;;;;;;;;;;;;;;;;;;;;;;;;;;;
06:09:49;12;88;9999;066;999;09;111111111111000000000000;000000000000000000000000;11101000;000;_;e;10;111110000100000000000000;____;01;036;100;026;025;041;087;0425743064;;;;;;;;;;;;;;;;;;;;;;;;;;;;;;;;;;;;;;;;;;;;;;;;;;
06:12:52;12;89;9999;057;999;09;111111111111000000000000;000000000000000000000000;11101000;000;_;e;10;101111001101000000000000;____;10;-07;085;008;-13;031;162;0425751408;;;;;;;;;;;;;;;;;;;;;;;;;;;;;;;;;;;;;;;;;;;;;;;;;;
06:13:22;12;90;9999;080;999;09;111111111111000000000000;000000000000000000000000;11101000;000;_;e;10;001111101100000000000000;____;04;046;069;046;018;047;066;0425751801;;;;;;;;;;;;;;;;;;;;;;;;;;;;;;;;;;;;;;;;;;;;;;;;;;
06:14:58;12;91;9999;071;999;09;111111111111000000000000;000000000000000000000000;11101000;000;_;e;10;111010000100000000000000;____;01;042;095;028;017;046;061;0425743787;;;;;;;;;;;;;;;;;;;;;;;;;;;;;;;;;;;;;;;;;;;;;;;;;;
06:15:04;12;92;9999;079;439;08;111111111111000000000000;000000000000000000000000;11101000;000;_;e;10;110000000001000000000000;____;02;042;098;015;037;044;035;0425742880;;;;;;;;;;;;;;;;;;;;;;;;;;;;;;;;;;;;;;;;;;;;;;;;;;
06:16:28;12;93;9999;054;999;09;111111111111000000000000;000000000000000000000000;11101000;000;_;e;10;100000000000000000000000;____;01;015;098;008;015;015;006;0216767876;;;;;;;;;;;;;;;;;;;;;;;;;;;;;;;;;;;;;;;;;;;;;;;;;;
06:18:10;12;94;9999;062;999;09;111111111111000000000000;000000000000000000000000;11101000;000;_;e;10;000000001100000000000000;____;10;006;075;015;006;013;051;0425751802;;;;;;;;;;;;;;;;;;;;;;;;;;;;;;;;;;;;;;;;;;;;;;;;;;
06:20:09;12;95;9999;075;999;08;111111111111000000000000;000000000000000000000000;11101000;000;_;e;10;100000001000000000000000;____;09;073;070;025;039;073;011;0425743883;;;;;;;;;;;;;;;;;;;;;;;;;;;;;;;;;;;;;;;;;;;;;;;;;;
06:21:21;12;96;9999;054;999;09;111111111111000000000000;000000000000000000000000;11101000;000;_;e;10;010000001101000000000000;____;02;031;102;003;026;034;030;0425751415;;;;;;;;;;;;;;;;;;;;;;;;;;;;;;;;;;;;;;;;;;;;;;;;;;
06:21:42;12;97;9999;063;999;09;111111111111000000000000;000000000000000000000000;11101000;000;_;e;10;111000000000000000000000;____;01;044;090;009;035;045;057;0425751805;;;;;;;;;;;;;;;;;;;;;;;;;;;;;;;;;;;;;;;;;;;;;;;;;;
06:24:58;12;98;9999;006;999;09;111111111111000000000000;000000000000000000000000;11101000;000;_;e;10;000010000000000000000000;____;05;011;081;005;010;011;012;0425751807;;;;;;;;;;;;;;;;;;;;;;;;;;;;;;;;;;;;;;;;;;;;;;;;;;
06:24:59;12;99;9999;062;012;09;111111111111000000000000;000000000000000000000000;11101000;000;_;e;10;001111001100000000000000;____;10;000;079;008;-04;017;125;0425751807;;;;;;;;;;;;;;;;;;;;;;;;;;;;;;;;;;;;;;;;;;;;;;;;;;
06:25:15;12;01;9999;075;999;09;111111111111000000000000;000000000000000000000000;11101000;000;_;e;10;001011100100000000000000;____;07;049;046;036;047;052;109;0425742881;;;;;;;;;;;;;;;;;;;;;;;;;;;;;;;;;;;;;;;;;;;;;;;;;;
06:26:52;12;02;9999;060;999;09;111111111111000000000000;000000000000000000000000;11101000;000;_;e;10;100000001101000000000000;____;12;000;067;004;-09;024;032;0425752400;;;;;;;;;;;;;;;;;;;;;;;;;;;;;;;;;;;;;;;;;;;;;;;;;;
06:27:01;12;03;9999;064;744;09;111111111111000000000000;000000000000000000000000;11101000;000;_;e;10;101111000100000000000000;____;10;001;078;006;-05;023;133;0425743887;;;;;;;;;;;;;;;;;;;;;;;;;;;;;;;;;;;;;;;;;;;;;;;;;;
06:28:27;12;04;9999;075;999;09;111111111111000000000000;000000000000000000000000;11101000;000;_;e;10;001001101000000000000000;____;09;085;076;018;051;085;080;0425751418;;;;;;;;;;;;;;;;;;;;;;;;;;;;;;;;;;;;;;;;;;;;;;;;;;
06:30:56;12;05;9999;055;999;09;111111111111000000000000;000000000000000000000000;11101000;000;_;e;10;001101001100000000000000;____;09;054;073;027;028;054;082;0425751421;;;;;;;;;;;;;;;;;;;;;;;;;;;;;;;;;;;;;;;;;;;;;;;;;;
06:32:41;12;06;9999;074;999;09;111111111111000000000000;000000000000000000000000;11101000;000;_;e;10;000011101000000000000000;____;05;054;056;017;021;056;051;0425751813;;;;;;;;;;;;;;;;;;;;;;;;;;;;;;;;;;;;;;;;;;;;;;;;;;
06:32:55;12;07;9999;075;999;09;111111111111000000000000;000000000000000000000000;11101000;000;_;e;10;000011000000000000000000;____;05;043;087;031;043;045;009;0425741969;;;;;;;;;;;;;;;;;;;;;;;;;;;;;;;;;;;;;;;;;;;;;;;;;;
06:34:28;12;08;9999;077;999;09;111111111111000000000000;000000000000000000000000;11010000;000;_;;;;;;;;;;;;;;;;;;;;;;;;;;;;;;;;;;;;;;;;;;;;;;;;;;;;;;;;;;;;;;
06:34:53;12;09;9999;054;999;09;111111111111000000000000;000000000000000000000000;11101000;000;_;e;10;100000001100000000000000;____;01;042;091;005;042;055;031;0425743890;;;;;;;;;;;;;;;;;;;;;;;;;;;;;;;;;;;;;;;;;;;;;;;;;;
06:37:52;12;10;9999;075;999;09;111111111111000000000000;000000000000000000000000;11101000;000;_;e;10;001110000100000000000000;____;05;029;073;043;029;035;043;0425751426;;;;;;;;;;;;;;;;;;;;;;;;;;;;;;;;;;;;;;;;;;;;;;;;;;
06:39:21;12;11;9999;074;999;09;111111111111000000000000;000000000000000000000000;11101000;000;_;e;10;111100110000000000000000;____;04;041;066;041;022;045;107;0425743895;;;;;;;;;;;;;;;;;;;;;;;;;;;;;;;;;;;;;;;;;;;;;;;;;;
06:40:50;12;12;9999;075;999;09;111111111111000000000000;000000000000000000000000;11101000;000;_;e;10;111000001100000000000000;____;02;048;086;022;018;075;058;0425743338;;;;;;;;;;;;;;;;;;;;;;;;;;;;;;;;;;;;;;;;;;;;;;;;;;
06:42:53;12;13;9999;059;999;09;111111111111000000000000;000000000000000000000000;11101000;000;_;e;10;000000010011000000000000;____;11;038;059;004;028;038;020;0425751431;;;;;;;;;;;;;;;;;;;;;;;;;;;;;;;;;;;;;;;;;;;;;;;;;;
06:43:23;12;14;9999;075;999;09;111111111111000000000000;000000000000000000000000;11101000;000;_;e;10;111100000000000000000000;____;04;041;090;031;033;048;080;0425751433;;;;;;;;;;;;;;;;;;;;;;;;;;;;;;;;;;;;;;;;;;;;;;;;;;
06:43:43;12;15;9999;077;999;09;111111111111000000000000;000000000000000000000000;11101000;000;_;e;10;011100001000000000000000;____;04;042;088;031;027;045;095;0425751434;;;;;;;;;;;;;;;;;;;;;;;;;;;;;;;;;;;;;;;;;;;;;;;;;;
06:44:48;12;16;9999;056;999;09;111111111111000000000000;000000000000000000000000;11101000;000;_;e;10;011111001101000000000000;____;10;-04;068;013;-07;027;136;0425751818;;;;;;;;;;;;;;;;;;;;;;;;;;;;;;;;;;;;;;;;;;;;;;;;;;
06:48:20;12;17;9999;065;999;09;111111111111000000000000;000000000000000000000000;11101000;000;_;e;10;000011101100000000000000;____;05;030;043;012;020;033;105;0425751436;;;;;;;;;;;;;;;;;;;;;;;;;;;;;;;;;;;;;;;;;;;;;;;;;;
06:48:36;12;18;9999;076;999;09;111111111111000000000000;000000000000000000000000;11101000;000;_;e;10;110000000000000000000000;____;01;035;100;016;034;035;064;0425752419;;;;;;;;;;;;;;;;;;;;;;;;;;;;;;;;;;;;;;;;;;;;;;;;;;
06:49:37;12;19;9999;059;999;09;111111111111000000000000;000000000000000000000000;11101000;000;_;e;10;000011101000000000000000;____;07;040;057;014;036;062;052;0425752422;;;;;;;;;;;;;;;;;;;;;;;;;;;;;;;;;;;;;;;;;;;;;;;;;;
06:50:15;12;20;9999;059;999;09;111111111111000000000000;000000000000000000000000;11101000;000;_;e;10;001110001000000000000000;____;09;060;077;007;043;060;051;0425752423;;;;;;;;;;;;;;;;;;;;;;;;;;;;;;;;;;;;;;;;;;;;;;;;;;
06:51:18;12;21;9999;089;999;09;111111111111000000000000;000000000000000000000000;11101000;000;_;e;10;111111001000000000000000;____;02;068;084;024;009;068;058;0425741973;;;;;;;;;;;;;;;;;;;;;;;;;;;;;;;;;;;;;;;;;;;;;;;;;;
06:53:00;12;22;9999;078;999;09;111111111111000000000000;000000000000000000000000;11101000;000;_;e;10;001111001100000000000000;____;06;042;057;036;022;046;050;0425743342;;;;;;;;;;;;;;;;;;;;;;;;;;;;;;;;;;;;;;;;;;;;;;;;;;
06:53:14;12;23;9999;075;999;09;111111111111000000000000;000000000000000000000000;11101000;000;_;e;10;110000000000000000000000;____;02;039;099;014;039;043;040;0425752701;;;;;;;;;;;;;;;;;;;;;;;;;;;;;;;;;;;;;;;;;;;;;;;;;;
06:53:47;12;24;9999;061;999;09;111111111111000000000000;000000000000000000000000;11101000;000;_;e;10;100110011100000000000000;____;05;035;058;024;035;059;123;0425741974;;;;;;;;;;;;;;;;;;;;;;;;;;;;;;;;;;;;;;;;;;;;;;;;;;
06:55:47;12;25;9999;075;999;09;111111111111000000000000;000000000000000000000000;11101000;000;_;e;10;111100001100000000000000;____;04;048;091;028;015;050;081;0425743346;;;;;;;;;;;;;;;;;;;;;;;;;;;;;;;;;;;;;;;;;;;;;;;;;;
06:56:12;12;26;9999;056;999;09;111111111111000000000000;000000000000000000000000;11101000;000;_;e;10;010100000101000000000000;____;10;000;081;004;-03;002;056;0425752702;;;;;;;;;;;;;;;;;;;;;;;;;;;;;;;;;;;;;;;;;;;;;;;;;;
06:56:36;12;27;9999;044;999;09;111111111111000000000000;000000000000000000000000;11101000;000;_;e;10;001001001100000000000000;____;09;047;061;027;039;050;064;0425751442;;;;;;;;;;;;;;;;;;;;;;;;;;;;;;;;;;;;;;;;;;;;;;;;;;
06:57:41;12;28;9999;069;999;09;111111111111000000000000;000000000000000000000000;11101000;000;_;e;10;000111001100000000000000;____;04;054;037;011;032;055;092;0425752703;;;;;;;;;;;;;;;;;;;;;;;;;;;;;;;;;;;;;;;;;;;;;;;;;;
07:03:25;12;29;9999;068;999;08;111111111111000000000000;000000000000000000000000;11101000;000;_;e;10;010000000000000000000000;____;02;045;103;004;044;046;016;0425751823;;;;;;;;;;;;;;;;;;;;;;;;;;;;;;;;;;;;;;;;;;;;;;;;;;
07:10:16;12;30;9999;063;999;09;111111111111000000000000;000000000000000000000000;11101000;000;_;e;10;001000001100000000000000;____;10;-06;081;032;-06;018;074;0425752433;;;;;;;;;;;;;;;;;;;;;;;;;;;;;;;;;;;;;;;;;;;;;;;;;;
07:23:32;12;31;9999;049;999;09;111111111111000000000000;000000000000000000000000;11101000;000;_;e;10;001110100111000000000000;____;04;-06;064;015;-10;023;099;0425743359;;;;;;;;;;;;;;;;;;;;;;;;;;;;;;;;;;;;;;;;;;;;;;;;;;
07:26:29;12;32;9999;055;999;09;111111111111000000000000;000000000000000000000000;11101000;000;_;e;10;101110101101000000000000;____;10;-08;075;006;-08;034;131;0425752006;;;;;;;;;;;;;;;;;;;;;;;;;;;;;;;;;;;;;;;;;;;;;;;;;;
07:47:50;12;33;9999;056;999;09;111111111111000000000000;000000000000000000000000;11101000;000;_;e;10;010000001100000000000000;____;10;-05;078;015;-07;027;020;0425743362;;;;;;;;;;;;;;;;;;;;;;;;;;;;;;;;;;;;;;;;;;;;;;;;;;
07:49:09;12;34;9999;064;999;09;111111111111000000000000;000000000000000000000000;11101000;000;_;e;10;110000000000000000000000;____;01;028;101;014;027;029;062;0425752624;;;;;;;;;;;;;;;;;;;;;;;;;;;;;;;;;;;;;;;;;;;;;;;;;;
07:49:42;12;35;9999;052;999;09;111111111111000000000000;000000000000000000000000;11101000;000;_;e;10;000010001100000000000000;____;10;000;084;019;-06;004;052;0425752012;;;;;;;;;;;;;;;;;;;;;;;;;;;;;;;;;;;;;;;;;;;;;;;;;;
07:50:50;12;36;9999;079;999;08;111111111111000000000000;000000000000000000000000;11101000;000;_;e;10;000000000100000000000000;____;10;006;083;005;006;006;004;0425752626;;;;;;;;;;;;;;;;;;;;;;;;;;;;;;;;;;;;;;;;;;;;;;;;;;
07:51:58;12;37;9999;065;999;09;111111111111000000000000;000000000000000000000000;11101000;000;_;e;10;110000000000000000000000;____;02;036;100;014;036;038;056;0425752013;;;;;;;;;;;;;;;;;;;;;;;;;;;;;;;;;;;;;;;;;;;;;;;;;;
07:53:19;12;38;9999;068;999;09;111111111111000000000000;000000000000000000000000;11101000;000;_;e;10;110000000000000000000000;____;01;035;100;018;034;035;045;0425752631;;;;;;;;;;;;;;;;;;;;;;;;;;;;;;;;;;;;;;;;;;;;;;;;;;
07:55:39;12;39;9999;056;999;09;111111111111000000000000;000000000000000000000000;11101000;000;_;e;10;000000110010000000000000;____;07;035;048;011;034;036;031;0425752017;;;;;;;;;;;;;;;;;;;;;;;;;;;;;;;;;;;;;;;;;;;;;;;;;;
07:56:30;12;40;9999;058;999;09;111111111111000000000000;000000000000000000000000;11101000;000;_;e;10;000000000001000000000000;____;12;025;071;004;025;025;003;0425752019;;;;;;;;;;;;;;;;;;;;;;;;;;;;;;;;;;;;;;;;;;;;;;;;;;
08:03:56;12;41;9999;050;999;09;111111111111000000000000;000000000000000000000000;11101000;000;_;e;10;000011001100000000000000;____;10;001;077;010;-01;007;037;0425752024;;;;;;;;;;;;;;;;;;;;;;;;;;;;;;;;;;;;;;;;;;;;;;;;;;
08:04:43;12;42;9999;076;999;09;111111111111000000000000;000000000000000000000000;11101000;000;_;e;10;001010001100000000000000;____;05;017;064;036;006;021;080;0425752642;;;;;;;;;;;;;;;;;;;;;;;;;;;;;;;;;;;;;;;;;;;;;;;;;;
08:07:07;12;43;9999;075;999;09;111111111111000000000000;000000000000000000000000;11101000;000;_;e;10;001110001100000000000000;____;10;073;065;018;060;075;076;0425752649;;;;;;;;;;;;;;;;;;;;;;;;;;;;;;;;;;;;;;;;;;;;;;;;;;
08:07:37;12;44;9999;075;999;09;111111111111000000000000;000000000000000000000000;11101000;000;_;e;10;000011110000000000000000;____;07;040;044;016;026;041;073;0425752026;;;;;;;;;;;;;;;;;;;;;;;;;;;;;;;;;;;;;;;;;;;;;;;;;;
08:14:12;12;45;9999;059;999;09;111111111111000000000000;000000000000000000000000;11101000;000;_;e;10;000000001100000000000000;____;10;001;083;016;001;013;026;0425752656;;;;;;;;;;;;;;;;;;;;;;;;;;;;;;;;;;;;;;;;;;;;;;;;;;
08:27:22;12;46;9999;076;999;09;111111111111000000000000;000000000000000000000000;11101000;000;_;e;10;001111001100000000000000;____;09;037;061;039;036;042;170;0425753240;;;;;;;;;;;;;;;;;;;;;;;;;;;;;;;;;;;;;;;;;;;;;;;;;;
08:35:41;12;47;9999;075;999;09;111111111111000000000000;000000000000000000000000;11101000;000;_;e;10;000111001100000000000000;____;06;034;062;026;024;039;025;0425753248;;;;;;;;;;;;;;;;;;;;;;;;;;;;;;;;;;;;;;;;;;;;;;;;;;
08:48:27;12;48;9999;046;999;09;111111111111000000000000;000000000000000000000000;11010000;000;_;;;;;;;;;;;;;;;;;;;;;;;;;;;;;;;;;;;;;;;;;;;;;;;;;;;;;;;;;;;;;;
09:15:02;12;49;9999;055;999;09;111111111111000000000000;000000000000000000000000;11101000;000;_;e;10;001001001100000000000000;____;09;-03;072;020;-05;016;080;0425751527;;;;;;;;;;;;;;;;;;;;;;;;;;;;;;;;;;;;;;;;;;;;;;;;;;
09:29:51;12;50;9999;076;999;09;111111111111000000000000;000000000000000000000000;11101000;000;_;e;10;001111000100000000000000;____;05;019;060;009;018;024;115;0425752059;;;;;;;;;;;;;;;;;;;;;;;;;;;;;;;;;;;;;;;;;;;;;;;;;;
09:32:01;12;51;9999;055;999;09;111111111111000000000000;000000000000000000000000;11101000;000;_;e;10;001111000101000000000000;____;10;-05;083;008;-13;023;139;0425751533;;;;;;;;;;;;;;;;;;;;;;;;;;;;;;;;;;;;;;;;;;;;;;;;;;
09:55:28;12;52;9999;078;999;09;111111111111000000000000;000000000000000000000000;11101000;000;_;e;10;000001110010000000000000;____;07;008;049;016;006;011;036;0425751538;;;;;;;;;;;;;;;;;;;;;;;;;;;;;;;;;;;;;;;;;;;;;;;;;;
10:01:48;12;53;9999;071;999;08;111111111111000000000000;000000000000000000000000;11101000;000;_;e;10;111010000100000000000000;____;02;041;093;024;010;056;041;0425751539;;;;;;;;;;;;;;;;;;;;;;;;;;;;;;;;;;;;;;;;;;;;;;;;;;
10:38:35;12;54;9999;064;999;09;111111111111000000000000;000000000000000000000000;11101000;000;_;e;10;000000001100000000000000;____;10;024;085;025;024;027;008;0425751848;;;;;;;;;;;;;;;;;;;;;;;;;;;;;;;;;;;;;;;;;;;;;;;;;;
10:57:52;12;55;9999;064;999;08;111111111111000000000000;000000000000000000000000;11101000;000;_;e;10;110000000000000000000000;____;01;034;100;014;034;035;059;0425752121;;;;;;;;;;;;;;;;;;;;;;;;;;;;;;;;;;;;;;;;;;;;;;;;;;
10:58:49;12;56;9999;052;999;09;111111111111000000000000;000000000000000000000000;11101000;000;_;e;10;000000000100000000000000;____;10;-02;079;021;-02;004;031;0425751861;;;;;;;;;;;;;;;;;;;;;;;;;;;;;;;;;;;;;;;;;;;;;;;;;;
11:06:32;12;57;9999;072;999;09;111111111111000000000000;000000000000000000000000;11101000;000;_;e;10;110000001100000000000000;____;01;044;101;010;042;058;048;0425751869;;;;;;;;;;;;;;;;;;;;;;;;;;;;;;;;;;;;;;;;;;;;;;;;;;
11:12:42;12;58;9999;074;999;09;111111111111000000000000;000000000000000000000000;11101000;000;_;e;10;010000000000000000000000;____;02;-05;091;011;-05;-05;005;0425751708;;;;;;;;;;;;;;;;;;;;;;;;;;;;;;;;;;;;;;;;;;;;;;;;;;
11:34:58;12;59;9999;040;999;09;111111111111000000000000;000000000000000000000000;11101000;000;_;e;10;001100001101000000000000;____;09;045;074;013;033;051;054;0425752130;;;;;;;;;;;;;;;;;;;;;;;;;;;;;;;;;;;;;;;;;;;;;;;;;;
11:41:30;12;60;9999;061;999;09;111111111111000000000000;000000000000000000000000;11101000;000;_;e;10;101100001101000000000000;____;03;006;085;020;-02;028;094;0425752061;;;;;;;;;;;;;;;;;;;;;;;;;;;;;;;;;;;;;;;;;;;;;;;;;;
12:15:33;12;61;9999;075;999;09;111111111111000000000000;000000000000000000000000;11101000;000;_;e;10;001111001100000000000000;____;09;051;064;036;047;069;104;0425751723;;;;;;;;;;;;;;;;;;;;;;;;;;;;;;;;;;;;;;;;;;;;;;;;;;
12:20:28;12;62;9999;073;999;08;111111111111000000000000;000000000000000000000000;11101000;000;_;e;10;001111001000000000000000;____;04;041;071;046;034;043;060;0425752080;;;;;;;;;;;;;;;;;;;;;;;;;;;;;;;;;;;;;;;;;;;;;;;;;;
12:22:57;12;63;9999;062;999;08;111111111111000000000000;000000000000000000000000;11101000;000;_;e;10;001110001100000000000000;____;03;032;082;044;031;035;060;0425752081;;;;;;;;;;;;;;;;;;;;;;;;;;;;;;;;;;;;;;;;;;;;;;;;;;
12:32:05;12;64;9999;074;999;08;111111111111000000000000;000000000000000000000000;11101000;000;_;e;10;000011111100000000000000;____;06;037;063;046;015;042;088;0425751725;;;;;;;;;;;;;;;;;;;;;;;;;;;;;;;;;;;;;;;;;;;;;;;;;;
12:32:38;12;65;9999;062;999;09;111111111111000000000000;000000000000000000000000;11101000;000;_;e;10;110100000001000000000000;____;01;035;098;014;035;038;068;0425751727;;;;;;;;;;;;;;;;;;;;;;;;;;;;;;;;;;;;;;;;;;;;;;;;;;
12:38:22;12;66;9999;058;999;09;111111111111000000000000;000000000000000000000000;11101000;000;_;e;10;000000000001000000000000;____;12;-02;075;004;-02;-02;017;0425743392;;;;;;;;;;;;;;;;;;;;;;;;;;;;;;;;;;;;;;;;;;;;;;;;;;
12:42:32;12;67;9999;077;999;08;111111111111000000000000;000000000000000000000000;11101000;000;_;e;10;111000000000000000000000;____;01;034;101;013;020;036;067;0425751730;;;;;;;;;;;;;;;;;;;;;;;;;;;;;;;;;;;;;;;;;;;;;;;;;;
12:44:28;12;68;9999;065;999;09;111111111111000000000000;000000000000000000000000;11101000;000;_;e;10;110000000000000000000000;____;01;035;101;014;033;036;067;0425743075;;;;;;;;;;;;;;;;;;;;;;;;;;;;;;;;;;;;;;;;;;;;;;;;;;
12:49:02;12;69;9999;064;999;09;111111111111000000000000;000000000000000000000000;11101000;000;_;e;10;001111001101000000000000;____;10;-01;076;008;-09;024;147;0425751731;;;;;;;;;;;;;;;;;;;;;;;;;;;;;;;;;;;;;;;;;;;;;;;;;;
12:49:17;12;70;9999;075;999;09;111111111111000000000000;000000000000000000000000;11101000;000;_;e;10;001100001000000000000000;____;03;041;080;029;040;043;045;0425752099;;;;;;;;;;;;;;;;;;;;;;;;;;;;;;;;;;;;;;;;;;;;;;;;;;
12:58:58;12;71;9999;060;999;09;111111111111000000000000;000000000000000000000000;11101000;000;_;e;10;000111110100000000000000;____;04;045;044;020;041;049;093;0425743398;;;;;;;;;;;;;;;;;;;;;;;;;;;;;;;;;;;;;;;;;;;;;;;;;;
13:01:27;12;72;9999;075;999;09;111111111111000000000000;000000000000000000000000;11001000;000;_;e;10;000011000011000000000000;____;06;045;047;002;030;046;064;0425751732;047;066;004;023;047;032;0050119462;;;;;;;;;;;;;;;;;;;;;;;;;;;;;;;;;;;;;;;;;;;
13:05:44;12;73;9999;056;999;09;111111111111000000000000;000000000000000000000000;11101000;000;_;e;10;001001110000000000000000;____;06;029;067;021;021;030;016;0425751733;;;;;;;;;;;;;;;;;;;;;;;;;;;;;;;;;;;;;;;;;;;;;;;;;;
13:21:33;12;74;9999;075;999;09;111111111111000000000000;000000000000000000000000;11001000;000;_;e;10;001111000111000000000000;____;03;051;087;017;047;060;075;0425752806;045;062;004;022;045;035;0050119460;;;;;;;;;;;;;;;;;;;;;;;;;;;;;;;;;;;;;;;;;;;
13:22:58;12;75;9999;075;999;09;111111111111000000000000;000000000000000000000000;11101000;000;_;e;10;001101001100000000000000;____;04;046;073;046;038;049;052;0425752807;;;;;;;;;;;;;;;;;;;;;;;;;;;;;;;;;;;;;;;;;;;;;;;;;;
13:31:02;12;76;9999;058;999;09;111111111111000000000000;000000000000000000000000;11101000;000;_;e;10;000000000101000000000000;____;12;003;080;004;002;012;032;0425743094;;;;;;;;;;;;;;;;;;;;;;;;;;;;;;;;;;;;;;;;;;;;;;;;;;
13:39:03;12;77;9999;068;999;09;111111111111000000000000;000000000000000000000000;11101000;000;_;e;10;111110000101000000000000;____;10;-04;088;007;-12;005;164;0425751463;;;;;;;;;;;;;;;;;;;;;;;;;;;;;;;;;;;;;;;;;;;;;;;;;;
13:47:19;12;78;9999;079;999;09;111111111111000000000000;000000000000000000000000;11101000;000;_;e;10;011111001100000000000000;____;06;045;067;031;029;047;110;0425751465;;;;;;;;;;;;;;;;;;;;;;;;;;;;;;;;;;;;;;;;;;;;;;;;;;
13:48:05;12;79;9999;075;999;09;111111111111000000000000;000000000000000000000000;11101000;000;_;e;10;001111111100000000000000;____;09;048;064;037;018;048;185;0425741990;;;;;;;;;;;;;;;;;;;;;;;;;;;;;;;;;;;;;;;;;;;;;;;;;;
14:13:24;12;80;9999;075;999;09;111111111111000000000000;000000000000000000000000;11101000;000;_;e;10;000111001100000000000000;____;04;047;058;023;030;047;055;0425753286;;;;;;;;;;;;;;;;;;;;;;;;;;;;;;;;;;;;;;;;;;;;;;;;;;
14:15:11;12;81;9999;075;999;09;111111111111000000000000;000000000000000000000000;11101000;000;_;e;10;001111001100000000000000;____;06;048;059;015;046;050;116;0425753287;;;;;;;;;;;;;;;;;;;;;;;;;;;;;;;;;;;;;;;;;;;;;;;;;;
14:17:35;12;82;9999;074;999;09;111111111111000000000000;000000000000000000000000;11101000;000;_;e;10;111111001100000000000000;____;04;049;090;018;044;057;159;0425751480;;;;;;;;;;;;;;;;;;;;;;;;;;;;;;;;;;;;;;;;;;;;;;;;;;
14:19:17;12;83;9999;053;999;09;111111111111000000000000;000000000000000000000000;11101000;000;_;e;10;110000000000000000000000;____;01;027;101;008;026;030;036;0425751483;;;;;;;;;;;;;;;;;;;;;;;;;;;;;;;;;;;;;;;;;;;;;;;;;;
14:26:59;12;84;9999;075;999;09;111111111111000000000000;000000000000000000000000;11101000;000;_;e;10;000011100100000000000000;____;05;037;057;035;037;040;105;0425752819;;;;;;;;;;;;;;;;;;;;;;;;;;;;;;;;;;;;;;;;;;;;;;;;;;
14:47:53;12;85;9999;068;999;09;111111111111000000000000;000000000000000000000000;11101000;000;_;e;10;000111111010000000000000;____;07;051;042;026;048;063;105;0425753292;;;;;;;;;;;;;;;;;;;;;;;;;;;;;;;;;;;;;;;;;;;;;;;;;;
15:18:07;12;86;9999;074;999;09;111111111111000000000000;000000000000000000000000;11101000;000;_;e;10;000011111100000000000000;____;06;040;056;032;040;045;071;0425751876;;;;;;;;;;;;;;;;;;;;;;;;;;;;;;;;;;;;;;;;;;;;;;;;;;
15:28:16;12;87;9999;077;999;09;111111111111000000000000;000000000000000000000000;11101000;000;_;e;10;000110101100000000000000;____;05;044;046;023;019;047;099;0425752143;;;;;;;;;;;;;;;;;;;;;;;;;;;;;;;;;;;;;;;;;;;;;;;;;;
15:31:45;12;88;9999;080;999;08;111111111111000000000000;000000000000000000000000;11101000;000;_;e;10;001110001100000000000000;____;10;037;076;050;017;039;149;0425752144;;;;;;;;;;;;;;;;;;;;;;;;;;;;;;;;;;;;;;;;;;;;;;;;;;
15:42:00;12;89;9999;077;999;09;111111111111000000000000;000000000000000000000000;11101000;000;_;e;10;001111001100000000000000;____;06;040;056;038;022;046;139;0425752149;;;;;;;;;;;;;;;;;;;;;;;;;;;;;;;;;;;;;;;;;;;;;;;;;;
15:44:46;12;90;9999;056;999;09;111111111111000000000000;000000000000000000000000;11101000;000;_;e;10;001000000001000000000000;____;03;041;098;028;027;041;011;0425752145;;;;;;;;;;;;;;;;;;;;;;;;;;;;;;;;;;;;;;;;;;;;;;;;;;
16:30:59;12;91;9999;064;999;09;111111111111000000000000;000000000000000000000000;11101000;000;_;e;10;111000000000000000000000;____;01;028;099;014;028;032;052;0425751753;;;;;;;;;;;;;;;;;;;;;;;;;;;;;;;;;;;;;;;;;;;;;;;;;;
16:38:35;12;92;9999;078;999;09;111111111111000000000000;000000000000000000000000;11101000;000;_;e;10;000000000100000000000000;____;10;000;080;005;000;000;023;0425752172;;;;;;;;;;;;;;;;;;;;;;;;;;;;;;;;;;;;;;;;;;;;;;;;;;
16:41:34;12;93;9999;086;999;08;111111111111000000000000;000000000000000000000000;11010000;000;_;;;;;;;;;;;;;;;;;;;;;;;;;;;;;;;;;;;;;;;;;;;;;;;;;;;;;;;;;;;;;;
16:46:26;12;94;9999;056;999;09;111111111111000000000000;000000000000000000000000;11101000;000;_;e;10;110000000000000000000000;____;01;028;101;009;026;031;053;0425752179;;;;;;;;;;;;;;;;;;;;;;;;;;;;;;;;;;;;;;;;;;;;;;;;;;
16:48:21;12;95;9999;076;999;09;111111111111000000000000;000000000000000000000000;11101000;000;_;e;10;110000000001000000000000;____;01;036;101;015;019;037;067;0425752180;;;;;;;;;;;;;;;;;;;;;;;;;;;;;;;;;;;;;;;;;;;;;;;;;;
16:50:54;12;96;9999;051;999;09;111111111111000000000000;000000000000000000000000;11101000;000;_;e;10;100000000100000000000000;____;01;-06;097;020;-07;-06;022;0425752181;;;;;;;;;;;;;;;;;;;;;;;;;;;;;;;;;;;;;;;;;;;;;;;;;;
17:03:24;12;97;9999;074;999;08;111111111111000000000000;000000000000000000000000;11101000;000;_;e;10;110100000000000000000000;____;04;024;073;033;020;027;060;0425752718;;;;;;;;;;;;;;;;;;;;;;;;;;;;;;;;;;;;;;;;;;;;;;;;;;
17:05:42;12;98;9999;075;999;09;111111111111000000000000;000000000000000000000000;11101000;000;_;e;10;001111001100000000000000;____;10;044;068;035;042;046;173;0425752719;;;;;;;;;;;;;;;;;;;;;;;;;;;;;;;;;;;;;;;;;;;;;;;;;;
17:13:07;12;99;9999;066;999;09;111111111111000000000000;000000000000000000000000;11101000;000;_;e;10;111011011100000000000000;____;01;028;097;021;-10;034;111;0425752186;;;;;;;;;;;;;;;;;;;;;;;;;;;;;;;;;;;;;;;;;;;;;;;;;;
17:13:20;12;01;9999;075;999;09;111111111111000000000000;000000000000000000000000;11101000;000;_;e;10;001111001100000000000000;____;10;006;073;024;006;035;156;0425752184;;;;;;;;;;;;;;;;;;;;;;;;;;;;;;;;;;;;;;;;;;;;;;;;;;
17:17:52;12;02;9999;068;999;08;111111111111000000000000;000000000000000000000000;11101000;000;_;e;10;110000000000000000000000;____;02;036;099;014;036;040;061;0425752187;;;;;;;;;;;;;;;;;;;;;;;;;;;;;;;;;;;;;;;;;;;;;;;;;;
17:23:36;12;03;9999;079;999;09;111111111111000000000000;000000000000000000000000;11101000;000;_;e;10;111000001000000000000000;____;09;045;097;027;022;046;025;0425752190;;;;;;;;;;;;;;;;;;;;;;;;;;;;;;;;;;;;;;;;;;;;;;;;;;
17:24:44;12;04;9999;081;999;09;111111111111000000000000;000000000000000000000000;11101000;000;_;e;10;101000001000000000000000;____;01;047;100;022;012;050;063;0425752191;;;;;;;;;;;;;;;;;;;;;;;;;;;;;;;;;;;;;;;;;;;;;;;;;;
17:26:09;12;05;9999;066;999;09;111111111111000000000000;000000000000000000000000;11101000;000;_;e;10;111110001100000000000000;____;05;025;099;026;025;030;087;0425752193;;;;;;;;;;;;;;;;;;;;;;;;;;;;;;;;;;;;;;;;;;;;;;;;;;
17:26:52;12;06;9999;097;999;09;111111111111000000000000;000000000000000000000000;11101000;000;_;e;10;011111001100000000000000;____;03;067;086;023;054;068;162;0425752688;;;;;;;;;;;;;;;;;;;;;;;;;;;;;;;;;;;;;;;;;;;;;;;;;;
17:27:13;12;07;9999;060;999;09;111111111111000000000000;000000000000000000000000;11101000;000;_;e;10;000111001101000000000000;____;10;062;075;027;061;065;093;0425751778;;;;;;;;;;;;;;;;;;;;;;;;;;;;;;;;;;;;;;;;;;;;;;;;;;
17:27:17;12;08;9999;073;303;09;111111111111000000000000;000000000000000000000000;11101000;000;_;e;10;110100000000000000000000;____;01;040;100;020;023;040;062;0425752195;;;;;;;;;;;;;;;;;;;;;;;;;;;;;;;;;;;;;;;;;;;;;;;;;;
17:34:09;12;09;9999;075;999;09;111111111111000000000000;000000000000000000000000;11101000;000;_;e;10;001111000100000000000000;____;05;042;069;029;020;045;085;0425752838;;;;;;;;;;;;;;;;;;;;;;;;;;;;;;;;;;;;;;;;;;;;;;;;;;
17:36:25;12;10;9999;074;999;09;111111111111000000000000;000000000000000000000000;11101000;000;_;e;10;001111001100000000000000;____;09;054;070;030;046;054;154;0425752840;;;;;;;;;;;;;;;;;;;;;;;;;;;;;;;;;;;;;;;;;;;;;;;;;;
17:41:52;12;11;9999;052;999;09;111111111111000000000000;000000000000000000000000;11101000;000;_;e;10;001110001000000000000000;____;04;039;067;038;030;039;097;0425751773;;;;;;;;;;;;;;;;;;;;;;;;;;;;;;;;;;;;;;;;;;;;;;;;;;
17:42:25;12;12;9999;055;999;09;111111111111000000000000;000000000000000000000000;11101000;000;_;e;10;001111001101000000000000;____;10;001;082;001;-06;020;096;0425751776;;;;;;;;;;;;;;;;;;;;;;;;;;;;;;;;;;;;;;;;;;;;;;;;;;
17:49:09;12;13;9999;075;999;09;111111111111000000000000;000000000000000000000000;11101000;000;_;e;10;001000000100000000000000;____;10;076;082;004;040;076;010;0425751567;;;;;;;;;;;;;;;;;;;;;;;;;;;;;;;;;;;;;;;;;;;;;;;;;;
17:53:11;12;14;9999;074;999;09;111111111111000000000000;000000000000000000000000;11101000;000;_;e;10;000011010000000000000000;____;06;043;052;017;034;048;033;0425752497;;;;;;;;;;;;;;;;;;;;;;;;;;;;;;;;;;;;;;;;;;;;;;;;;;
17:55:57;12;15;9999;075;999;09;111111111111000000000000;000000000000000000000000;11101000;000;_;e;10;001011111100000000000000;____;10;036;060;027;034;038;173;0425752499;;;;;;;;;;;;;;;;;;;;;;;;;;;;;;;;;;;;;;;;;;;;;;;;;;
17:56:01;12;16;9999;047;284;09;111111111111000000000000;000000000000000000000000;11101000;000;_;e;10;110000000000000000000000;____;01;033;102;010;031;034;065;0425757713;;;;;;;;;;;;;;;;;;;;;;;;;;;;;;;;;;;;;;;;;;;;;;;;;;
17:57:09;12;17;9999;056;999;09;111111111111000000000000;000000000000000000000000;11101000;000;_;e;10;000110001100000000000000;____;04;034;073;038;001;034;055;0425757716;;;;;;;;;;;;;;;;;;;;;;;;;;;;;;;;;;;;;;;;;;;;;;;;;;
18:15:37;12;18;9999;078;999;09;111111111111000000000000;000000000000000000000000;11101000;000;_;e;10;001010000100000000000000;____;05;020;047;009;010;020;029;0425757608;;;;;;;;;;;;;;;;;;;;;;;;;;;;;;;;;;;;;;;;;;;;;;;;;;
18:19:19;12;19;9999;054;999;09;111111111111000000000000;000000000000000000000000;11101000;000;_;e;10;110000000000000000000000;____;02;027;100;006;027;039;011;0425751575;;;;;;;;;;;;;;;;;;;;;;;;;;;;;;;;;;;;;;;;;;;;;;;;;;
18:43:14;12;20;9999;075;999;09;111111111111000000000000;000000000000000000000000;11101000;000;_;e;10;000011111000000000000000;____;05;049;051;030;036;052;067;0425752736;;;;;;;;;;;;;;;;;;;;;;;;;;;;;;;;;;;;;;;;;;;;;;;;;;
18:44:03;12;21;9999;074;999;09;111111111111000000000000;000000000000000000000000;11101000;000;_;e;10;000011001000000000000000;____;05;033;061;030;032;035;111;0425752737;;;;;;;;;;;;;;;;;;;;;;;;;;;;;;;;;;;;;;;;;;;;;;;;;;
19:04:03;12;22;9999;075;999;09;111111111111000000000000;000000000000000000000000;11101000;000;_;e;10;000100001000000000000000;____;09;010;055;016;008;012;030;0425757847;;;;;;;;;;;;;;;;;;;;;;;;;;;;;;;;;;;;;;;;;;;;;;;;;;
19:18:36;12;23;9999;068;999;09;111111111111000000000000;000000000000000000000000;11101000;000;_;e;10;001101001101000000000000;____;10;-07;071;021;-17;000;133;0425752877;;;;;;;;;;;;;;;;;;;;;;;;;;;;;;;;;;;;;;;;;;;;;;;;;;
19:21:33;12;24;9999;061;999;09;111111111111000000000000;000000000000000000000000;11101000;000;_;e;10;001111001100000000000000;____;10;-03;079;010;-14;004;121;0425752879;;;;;;;;;;;;;;;;;;;;;;;;;;;;;;;;;;;;;;;;;;;;;;;;;;
19:23:02;12;25;9999;065;999;09;111111111111000000000000;000000000000000000000000;11101000;000;_;e;10;000100000101000000000000;____;10;009;076;017;009;040;078;0425752880;;;;;;;;;;;;;;;;;;;;;;;;;;;;;;;;;;;;;;;;;;;;;;;;;;
19:26:00;12;26;9999;075;999;09;111111111111000000000000;000000000000000000000000;11101000;000;_;e;10;001111000000000000000000;____;04;053;061;039;051;054;073;0425752882;;;;;;;;;;;;;;;;;;;;;;;;;;;;;;;;;;;;;;;;;;;;;;;;;;
19:43:43;12;27;9999;042;999;09;111111111111000000000000;000000000000000000000000;11010000;000;_;;;;;;;;;;;;;;;;;;;;;;;;;;;;;;;;;;;;;;;;;;;;;;;;;;;;;;;;;;;;;;
20:16:48;12;28;9999;078;999;09;111111111111000000000000;000000000000000000000000;11101000;000;_;e;10;000111001100000000000000;____;09;044;061;031;035;045;061;0425746801;;;;;;;;;;;;;;;;;;;;;;;;;;;;;;;;;;;;;;;;;;;;;;;;;;
20:20:55;12;29;9999;074;999;09;111111111111000000000000;000000000000000000000000;11101000;000;_;e;10;001111001100000000000000;____;10;040;069;048;037;041;166;0425758622;;;;;;;;;;;;;;;;;;;;;;;;;;;;;;;;;;;;;;;;;;;;;;;;;;
20:22:34;12;30;9999;075;999;09;111111111111000000000000;000000000000000000000000;11101000;000;_;e;10;001111001100000000000000;____;05;050;058;039;033;052;105;0425758624;;;;;;;;;;;;;;;;;;;;;;;;;;;;;;;;;;;;;;;;;;;;;;;;;;
20:37:52;12;31;9999;074;999;09;111111111111000000000000;000000000000000000000000;11101000;000;_;e;10;001111101000000000000000;____;03;039;067;042;024;042;089;0425758628;;;;;;;;;;;;;;;;;;;;;;;;;;;;;;;;;;;;;;;;;;;;;;;;;;
20:38:32;12;32;9999;049;999;08;111111111111000000000000;000000000000000000000000;11101000;000;_;e;10;010111110100000000000000;____;08;-04;069;025;-11;-01;138;0425746806;;;;;;;;;;;;;;;;;;;;;;;;;;;;;;;;;;;;;;;;;;;;;;;;;;
20:39:02;12;33;9999;075;999;09;111111111111000000000000;000000000000000000000000;11101000;000;_;e;10;001110001100000000000000;____;10;031;055;033;027;040;060;0425758904;;;;;;;;;;;;;;;;;;;;;;;;;;;;;;;;;;;;;;;;;;;;;;;;;;
20:43:17;12;34;9999;062;999;08;111111111111000000000000;000000000000000000000000;11101000;000;_;e;10;001111001101000000000000;____;10;-09;072;011;-11;019;124;0425758808;;;;;;;;;;;;;;;;;;;;;;;;;;;;;;;;;;;;;;;;;;;;;;;;;;
20:44:03;12;35;9999;053;999;09;111111111111000000000000;000000000000000000000000;11101000;000;_;e;10;001101011101000000000000;____;09;-05;072;025;-08;031;137;0425758906;;;;;;;;;;;;;;;;;;;;;;;;;;;;;;;;;;;;;;;;;;;;;;;;;;
20:47:44;12;36;9999;075;999;09;111111111111000000000000;000000000000000000000000;11101000;000;_;e;10;011100000100000000000000;____;03;032;078;030;029;034;092;0425751799;;;;;;;;;;;;;;;;;;;;;;;;;;;;;;;;;;;;;;;;;;;;;;;;;;
20:48:06;12;37;9999;074;999;09;111111111111000000000000;000000000000000000000000;11101000;000;_;e;10;001110001100000000000000;____;04;044;074;029;002;045;035;0425758630;;;;;;;;;;;;;;;;;;;;;;;;;;;;;;;;;;;;;;;;;;;;;;;;;;
20:51:20;12;38;9999;055;999;09;111111111111000000000000;000000000000000000000000;11101000;000;_;e;10;010000000000000000000000;____;02;038;099;013;037;038;056;0425758907;;;;;;;;;;;;;;;;;;;;;;;;;;;;;;;;;;;;;;;;;;;;;;;;;;
20:59:00;12;39;9999;057;999;09;111111111111000000000000;000000000000000000000000;11101000;000;_;e;10;110010000000000000000000;____;01;030;100;023;019;031;063;0425751583;;;;;;;;;;;;;;;;;;;;;;;;;;;;;;;;;;;;;;;;;;;;;;;;;;
20:59:26;12;40;9999;050;999;09;111111111111000000000000;000000000000000000000000;11101000;000;_;e;10;000000001000000000000000;____;09;053;078;008;053;054;028;0425758912;;;;;;;;;;;;;;;;;;;;;;;;;;;;;;;;;;;;;;;;;;;;;;;;;;
20:59:59;12;41;9999;046;999;09;111111111111000000000000;000000000000000000000000;11101000;000;_;e;10;001111001110000000000000;____;03;019;051;009;018;023;151;0425751584;;;;;;;;;;;;;;;;;;;;;;;;;;;;;;;;;;;;;;;;;;;;;;;;;;
21:04:39;12;42;9999;086;999;08;111111111111000000000000;000000000000000000000000;11001000;000;_;e;10;011110001101000000000000;____;03;057;091;025;042;074;097;0425746813;051;075;034;037;054;006;3898189903;;;;;;;;;;;;;;;;;;;;;;;;;;;;;;;;;;;;;;;;;;;
21:05:09;12;43;9999;077;999;09;111111111111000000000000;000000000000000000000000;11101000;000;_;e;10;110000000001000000000000;____;01;045;101;016;008;045;058;0425746814;;;;;;;;;;;;;;;;;;;;;;;;;;;;;;;;;;;;;;;;;;;;;;;;;;
21:10:44;12;44;9999;075;999;09;111111111111000000000000;000000000000000000000000;11101000;000;_;e;10;001010001000000000000000;____;05;034;051;018;028;036;029;0425752749;;;;;;;;;;;;;;;;;;;;;;;;;;;;;;;;;;;;;;;;;;;;;;;;;;
21:20:34;12;45;9999;065;999;08;111111111111000000000000;000000000000000000000000;11101000;000;_;e;10;111100000000000000000000;____;01;032;100;024;032;036;083;0425746821;;;;;;;;;;;;;;;;;;;;;;;;;;;;;;;;;;;;;;;;;;;;;;;;;;
21:22:07;12;46;9999;074;999;09;111111111111000000000000;000000000000000000000000;11101000;000;_;e;10;001100001100000000000000;____;04;040;076;028;035;045;058;0425752751;;;;;;;;;;;;;;;;;;;;;;;;;;;;;;;;;;;;;;;;;;;;;;;;;;
21:37:11;12;47;9999;052;999;09;111111111111000000000000;000000000000000000000000;11101000;000;_;e;10;000000001100000000000000;____;09;002;074;029;000;026;054;0425758637;;;;;;;;;;;;;;;;;;;;;;;;;;;;;;;;;;;;;;;;;;;;;;;;;;
21:45:21;12;48;9999;062;999;09;111111111111000000000000;000000000000000000000000;11101000;000;_;e;10;000000000100000000000000;____;10;-03;078;013;-03;-03;034;0425758821;;;;;;;;;;;;;;;;;;;;;;;;;;;;;;;;;;;;;;;;;;;;;;;;;;
21:46:16;12;49;9999;075;999;09;111111111111000000000000;000000000000000000000000;11101000;000;_;e;10;111110000000000000000000;____;04;047;085;021;022;047;074;0425758822;;;;;;;;;;;;;;;;;;;;;;;;;;;;;;;;;;;;;;;;;;;;;;;;;;
21:56:10;12;50;9999;068;999;09;111111111111000000000000;000000000000000000000000;11101000;000;_;e;10;111000000001000000000000;____;01;033;096;005;008;041;047;0425758928;;;;;;;;;;;;;;;;;;;;;;;;;;;;;;;;;;;;;;;;;;;;;;;;;;
21:57:52;12;51;9999;066;999;09;111111111111000000000000;000000000000000000000000;11101000;000;_;e;10;110000000000000000000000;____;01;032;098;013;032;033;066;0425746831;;;;;;;;;;;;;;;;;;;;;;;;;;;;;;;;;;;;;;;;;;;;;;;;;;
22:14:54;12;52;9999;055;999;09;111111111111000000000000;000000000000000000000000;11101000;000;_;e;10;001111001100000000000000;____;05;058;077;022;021;065;145;0425757743;;;;;;;;;;;;;;;;;;;;;;;;;;;;;;;;;;;;;;;;;;;;;;;;;;
22:20:54;12;53;9999;064;999;09;111111111111000000000000;000000000000000000000000;11101000;000;_;e;10;101001001001000000000000;____;01;059;082;004;045;065;123;0425752768;;;;;;;;;;;;;;;;;;;;;;;;;;;;;;;;;;;;;;;;;;;;;;;;;;
22:22:52;12;54;9999;070;999;09;111111111111000000000000;000000000000000000000000;11101000;000;_;e;10;010110000101000000000000;____;10;006;089;003;-09;014;067;0425759030;;;;;;;;;;;;;;;;;;;;;;;;;;;;;;;;;;;;;;;;;;;;;;;;;;
22:40:24;12;55;9999;074;999;09;111111111111000000000000;000000000000000000000000;11101000;000;_;e;10;001011001100000000000000;____;05;014;055;010;012;049;107;0425757748;;;;;;;;;;;;;;;;;;;;;;;;;;;;;;;;;;;;;;;;;;;;;;;;;;
23:03:56;12;56;9999;067;999;09;111111111111000000000000;000000000000000000000000;11101000;000;_;e;10;001101001101000000000000;____;09;-05;063;020;-11;023;065;0425752770;;;;;;;;;;;;;;;;;;;;;;;;;;;;;;;;;;;;;;;;;;;;;;;;;;
