RDT400 Server V3.30
Site: 
System: Barcode scanner PLC06_178 (Sick); System type: OPS
Date: 10-12-2024  00:00:57
Date    ;ID;CT;IDX ;TLE;TGA;V ;DEVICE LIST             ;ERROR LIST              ;OUTPUT  ;ENR;R;CODE1 ID;LENGTH;READ LIST;RES;CLV ID;XPOS;YPOS;ZPOS;XMIN;XMAX;CS;CODE CONTENT;XPOS;YPOS;ZPOS;XMIN;XMAX;CS;CODE CONTENT;CODE2 ID;LENGTH;READ LIST;RES;CLV ID;XPOS;YPOS;ZPOS;XMIN;XMAX;CS;CODE CONTENT;XPOS;YPOS;ZPOS;XMIN;XMAX;CS;CODE CONTENT;CODE3 ID;LENGTH;READ LIST;RES;CLV ID;XPOS;YPOS;ZPOS;XMIN;XMAX;CS;CODE CONTENT;XPOS;YPOS;ZPOS;XMIN;XMAX;CS;CODE CONTENT;INFO1;INFO2;CUSTOM1;CUSTOM2;
05:04:41;17;96;9999;080;999;11;111111111111000000000000;000000000000000000000000;11101000;000;_;e;10;000001100000000000000000;____;06;-19;020;007;-20;-19;022;0555649215;;;;;;;;;;;;;;;;;;;;;;;;;;;;;;;;;;;;;;;;;;;;;;;;;;
05:04:44;17;97;9999;079;264;11;111111111111000000000000;000000000000000000000000;11101000;000;_;e;10;100101001000000000000000;____;09;031;061;019;017;033;040;0425532200;;;;;;;;;;;;;;;;;;;;;;;;;;;;;;;;;;;;;;;;;;;;;;;;;;
05:04:47;17;98;9999;053;159;11;111111111111000000000000;000000000000000000000000;11101000;000;_;e;10;010000001110000000000000;____;09;-16;030;020;-16;-08;011;0425530334;;;;;;;;;;;;;;;;;;;;;;;;;;;;;;;;;;;;;;;;;;;;;;;;;;
05:04:50;17;99;9999;055;150;01;111111111111000000000000;000000000000000000000000;11101000;000;_;e;10;000000110000000000000000;____;08;-16;008;011;-16;011;009;0425530333;;;;;;;;;;;;;;;;;;;;;;;;;;;;;;;;;;;;;;;;;;;;;;;;;;
05:04:52;17;01;9999;079;186;11;111111111111000000000000;000000000000000000000000;11101000;000;_;e;10;100101001100000000000000;____;09;046;043;038;021;070;046;0425531104;;;;;;;;;;;;;;;;;;;;;;;;;;;;;;;;;;;;;;;;;;;;;;;;;;
05:04:54;17;02;9999;062;154;11;111111111111000000000000;000000000000000000000000;11101000;000;_;e;10;000001001001000000000000;____;09;025;055;009;024;029;042;0425530335;;;;;;;;;;;;;;;;;;;;;;;;;;;;;;;;;;;;;;;;;;;;;;;;;;
05:04:59;17;03;9999;078;174;00;111111111111000000000000;000000000000000000000000;11101000;000;_;e;10;010100001000000000000000;____;09;027;055;033;012;028;048;0425531106;;;;;;;;;;;;;;;;;;;;;;;;;;;;;;;;;;;;;;;;;;;;;;;;;;
05:05:01;17;04;9999;083;228;11;111111111111000000000000;000000000000000000000000;11101000;000;_;e;10;000011101000000000000000;____;05;022;025;023;021;036;033;0425531108;;;;;;;;;;;;;;;;;;;;;;;;;;;;;;;;;;;;;;;;;;;;;;;;;;
05:05:04;17;05;9999;075;156;11;111111111111000000000000;000000000000000000000000;11101000;000;_;e;10;100100000000000000000000;____;04;006;057;025;006;011;023;0425531109;;;;;;;;;;;;;;;;;;;;;;;;;;;;;;;;;;;;;;;;;;;;;;;;;;
05:05:06;17;06;9999;082;103;09;111111111111000000000000;000000000000000000000000;11101000;000;_;e;10;000111001100000000000000;____;06;010;056;023;008;011;035;0425531110;;;;;;;;;;;;;;;;;;;;;;;;;;;;;;;;;;;;;;;;;;;;;;;;;;
05:05:08;17;07;9999;058;164;11;111111111111000000000000;000000000000000000000000;11101000;000;_;e;10;000001000000000000000000;____;06;-12;019;027;-12;-12;003;0425530336;;;;;;;;;;;;;;;;;;;;;;;;;;;;;;;;;;;;;;;;;;;;;;;;;;
05:05:11;17;08;9999;072;165;01;111111111111000000000000;000000000000000000000000;11101000;000;_;e;10;000001000000000000000000;____;06;-20;024;009;-20;-20;012;0425531105;;;;;;;;;;;;;;;;;;;;;;;;;;;;;;;;;;;;;;;;;;;;;;;;;;
05:05:14;17;09;9999;063;167;11;111111111111000000000000;000000000000000000000000;11101000;000;_;e;10;000000110000000000000000;____;08;025;000;013;024;054;255;0425530337;;;;;;;;;;;;;;;;;;;;;;;;;;;;;;;;;;;;;;;;;;;;;;;;;;
05:05:18;17;10;9999;079;269;04;111111111111000000000000;000000000000000000000000;11101000;000;_;e;10;000001000000000000000000;____;06;032;024;031;032;032;004;0425530338;;;;;;;;;;;;;;;;;;;;;;;;;;;;;;;;;;;;;;;;;;;;;;;;;;
05:05:20;17;11;9999;062;186;11;111111111111000000000000;000000000000000000000000;11101000;000;_;e;10;000011110010000000000000;____;05;021;013;001;007;022;077;0425530339;;;;;;;;;;;;;;;;;;;;;;;;;;;;;;;;;;;;;;;;;;;;;;;;;;
05:34:31;17;12;9999;051;999;11;111111111111000000000000;000000000000000000000000;11101000;000;_;e;10;000111001000000000000000;____;04;021;040;009;-02;021;089;0425502236;;;;;;;;;;;;;;;;;;;;;;;;;;;;;;;;;;;;;;;;;;;;;;;;;;
05:34:33;17;13;9999;065;192;11;111111111111000000000000;000000000000000000000000;11101000;000;_;e;10;000111011000000000000000;____;06;-13;013;010;-13;022;052;0425530467;;;;;;;;;;;;;;;;;;;;;;;;;;;;;;;;;;;;;;;;;;;;;;;;;;
05:34:50;17;14;9999;075;999;11;111111111111000000000000;000000000000000000000000;11101000;000;_;e;10;110000000000000000000000;____;02;031;091;031;025;031;036;0425502237;;;;;;;;;;;;;;;;;;;;;;;;;;;;;;;;;;;;;;;;;;;;;;;;;;
05:34:52;17;15;9999;073;144;11;111111111111000000000000;000000000000000000000000;11101000;000;_;e;10;000011100000000000000000;____;06;-01;037;018;-02;002;029;0425530468;;;;;;;;;;;;;;;;;;;;;;;;;;;;;;;;;;;;;;;;;;;;;;;;;;
05:34:54;17;16;9999;075;168;11;111111111111000000000000;000000000000000000000000;11101000;000;_;e;10;000010101100000000000000;____;05;031;041;029;023;050;030;0425502238;;;;;;;;;;;;;;;;;;;;;;;;;;;;;;;;;;;;;;;;;;;;;;;;;;
05:34:58;17;17;9999;040;158;11;111111111111000000000000;000000000000000000000000;11101000;000;_;e;10;110100001000000000000000;____;09;031;059;016;-18;031;027;0425530469;;;;;;;;;;;;;;;;;;;;;;;;;;;;;;;;;;;;;;;;;;;;;;;;;;
05:34:59;17;18;9999;084;156;11;111111111111000000000000;000000000000000000000000;11101000;000;_;e;10;000111001000000000000000;____;05;026;040;027;025;029;062;0425502239;;;;;;;;;;;;;;;;;;;;;;;;;;;;;;;;;;;;;;;;;;;;;;;;;;
05:35:03;17;19;9999;068;333;11;111111111111000000000000;000000000000000000000000;11101000;000;_;e;10;000111001100000000000000;____;04;020;050;034;-06;030;059;0425530470;;;;;;;;;;;;;;;;;;;;;;;;;;;;;;;;;;;;;;;;;;;;;;;;;;
05:35:06;17;20;9999;073;250;11;111111111111000000000000;000000000000000000000000;11101000;000;_;e;10;000001110000000000000000;____;06;005;048;-01;-02;005;028;0425530471;;;;;;;;;;;;;;;;;;;;;;;;;;;;;;;;;;;;;;;;;;;;;;;;;;
05:35:08;17;21;9999;068;147;11;111111111111000000000000;000000000000000000000000;11101000;000;_;e;10;000111001000000000000000;____;06;020;052;032;016;020;076;0425502240;;;;;;;;;;;;;;;;;;;;;;;;;;;;;;;;;;;;;;;;;;;;;;;;;;
05:35:10;17;22;9999;071;167;11;111111111111000000000000;000000000000000000000000;11101000;000;_;e;10;000000001100000000000000;____;09;-06;046;020;-06;-05;005;0425502242;;;;;;;;;;;;;;;;;;;;;;;;;;;;;;;;;;;;;;;;;;;;;;;;;;
05:35:12;17;23;9999;054;144;11;111111111111000000000000;000000000000000000000000;11101000;000;_;e;10;010101000000000000000000;____;06;-20;053;010;-20;016;019;0425530473;;;;;;;;;;;;;;;;;;;;;;;;;;;;;;;;;;;;;;;;;;;;;;;;;;
05:35:14;17;24;9999;058;181;11;111111111111000000000000;000000000000000000000000;11101000;000;_;e;10;000001001100000000000000;____;09;038;059;010;009;038;037;0425530472;;;;;;;;;;;;;;;;;;;;;;;;;;;;;;;;;;;;;;;;;;;;;;;;;;
05:35:18;17;25;9999;069;170;07;111111111111000000000000;000000000000000000000000;11101000;000;_;e;10;000000001100000000000000;____;10;-03;072;026;-10;-03;007;0425502243;;;;;;;;;;;;;;;;;;;;;;;;;;;;;;;;;;;;;;;;;;;;;;;;;;
05:35:20;17;26;9999;057;148;11;111111111111000000000000;000000000000000000000000;11101000;000;_;e;10;000111001100000000000000;____;09;007;022;010;-17;025;018;0425502246;;;;;;;;;;;;;;;;;;;;;;;;;;;;;;;;;;;;;;;;;;;;;;;;;;
06:04:54;17;27;9999;080;999;11;111111111111000000000000;000000000000000000000000;11101000;000;_;e;10;001110001100000000000000;____;05;-01;036;042;-02;003;023;0425531600;;;;;;;;;;;;;;;;;;;;;;;;;;;;;;;;;;;;;;;;;;;;;;;;;;
06:04:57;17;28;9999;054;286;11;111111111111000000000000;000000000000000000000000;11101000;000;_;e;10;110100001000000000000000;____;04;013;050;018;011;016;034;0425532400;;;;;;;;;;;;;;;;;;;;;;;;;;;;;;;;;;;;;;;;;;;;;;;;;;
06:05:15;17;29;9999;076;999;11;111111111111000000000000;000000000000000000000000;11101000;000;_;e;10;000011000000000000000000;____;05;013;023;031;012;014;053;0425531601;;;;;;;;;;;;;;;;;;;;;;;;;;;;;;;;;;;;;;;;;;;;;;;;;;
06:05:18;17;30;9999;051;282;11;111111111111000000000000;000000000000000000000000;11101000;000;_;e;10;000001000011000000000000;____;12;-16;050;004;-20;-13;022;0425530556;;;;;;;;;;;;;;;;;;;;;;;;;;;;;;;;;;;;;;;;;;;;;;;;;;
06:05:20;17;31;9999;082;178;11;111111111111000000000000;000000000000000000000000;11101000;000;_;e;10;000000001000000000000000;____;09;035;030;025;035;035;002;0425530557;;;;;;;;;;;;;;;;;;;;;;;;;;;;;;;;;;;;;;;;;;;;;;;;;;
06:05:22;17;32;9999;080;155;11;111111111111000000000000;000000000000000000000000;11101000;000;_;e;10;000111000000000000000000;____;06;006;039;026;-18;022;014;0425530673;;;;;;;;;;;;;;;;;;;;;;;;;;;;;;;;;;;;;;;;;;;;;;;;;;
06:05:25;17;33;9999;060;141;05;111111111111000000000000;000000000000000000000000;11101000;000;_;e;10;000010111010000000000000;____;05;034;014;008;018;035;078;0425530558;;;;;;;;;;;;;;;;;;;;;;;;;;;;;;;;;;;;;;;;;;;;;;;;;;
06:05:28;17;34;9999;062;192;11;111111111111000000000000;000000000000000000000000;11001000;000;_;e;10;000111001000000000000000;____;04;-10;051;023;-15;029;037;0425530674;-08;053;027;-08;-08;018;0425530425;;;;;;;;;;;;;;;;;;;;;;;;;;;;;;;;;;;;;;;;;;;
06:05:30;17;35;9999;046;162;11;111111111111000000000000;000000000000000000000000;11101000;000;_;e;10;000111001000000000000000;____;09;016;044;025;-06;017;066;0425530675;;;;;;;;;;;;;;;;;;;;;;;;;;;;;;;;;;;;;;;;;;;;;;;;;;
06:05:34;17;36;9999;075;181;00;111111111111000000000000;000000000000000000000000;11101000;000;_;e;10;000001110000000000000000;____;06;002;002;030;002;008;066;0425530676;;;;;;;;;;;;;;;;;;;;;;;;;;;;;;;;;;;;;;;;;;;;;;;;;;
06:05:37;17;37;9999;056;226;11;111111111111000000000000;000000000000000000000000;11010000;000;_;;;;;;;;;;;;;;;;;;;;;;;;;;;;;;;;;;;;;;;;;;;;;;;;;;;;;;;;;;;;;;
06:34:39;17;38;9999;078;999;11;111111111111000000000000;000000000000000000000000;11101000;000;_;e;10;111100000000000000000000;____;01;-03;068;023;-08;-03;054;0425532800;;;;;;;;;;;;;;;;;;;;;;;;;;;;;;;;;;;;;;;;;;;;;;;;;;
06:34:42;17;39;9999;082;250;11;111111111111000000000000;000000000000000000000000;11101000;000;_;e;10;000111001000000000000000;____;06;015;046;011;015;035;088;0425525851;;;;;;;;;;;;;;;;;;;;;;;;;;;;;;;;;;;;;;;;;;;;;;;;;;
06:34:44;17;40;9999;083;162;11;111111111111000000000000;000000000000000000000000;11101000;000;_;e;10;000010000000000000000000;____;05;037;058;015;037;037;006;0425525852;;;;;;;;;;;;;;;;;;;;;;;;;;;;;;;;;;;;;;;;;;;;;;;;;;
06:34:48;17;41;9999;081;153;07;111111111111000000000000;000000000000000000000000;11101000;000;_;e;10;000111001100000000000000;____;06;020;058;012;003;020;073;0425525853;;;;;;;;;;;;;;;;;;;;;;;;;;;;;;;;;;;;;;;;;;;;;;;;;;
06:34:50;17;42;9999;080;159;11;111111111111000000000000;000000000000000000000000;11101000;000;_;e;10;000111001000000000000000;____;06;016;061;012;-08;016;089;0425525850;;;;;;;;;;;;;;;;;;;;;;;;;;;;;;;;;;;;;;;;;;;;;;;;;;
06:34:53;17;43;9999;066;263;11;111111111111000000000000;000000000000000000000000;11101000;000;_;e;10;000111001000000000000000;____;06;-07;040;011;-07;004;053;0425525854;;;;;;;;;;;;;;;;;;;;;;;;;;;;;;;;;;;;;;;;;;;;;;;;;;
06:34:57;17;44;9999;074;112;00;111111111111000000000000;000000000000000000000000;11101000;000;_;e;10;000101001101000000000000;____;06;047;076;006;038;052;062;0425529287;;;;;;;;;;;;;;;;;;;;;;;;;;;;;;;;;;;;;;;;;;;;;;;;;;
06:35:00;17;45;9999;053;241;11;111111111111000000000000;000000000000000000000000;11101000;000;_;e;10;000001001001000000000000;____;09;029;061;005;027;031;030;0425529288;;;;;;;;;;;;;;;;;;;;;;;;;;;;;;;;;;;;;;;;;;;;;;;;;;
06:35:04;17;46;9999;061;369;11;111111111111000000000000;000000000000000000000000;11101000;000;_;e;10;110000001000000000000000;____;01;033;090;006;-03;034;039;0425529289;;;;;;;;;;;;;;;;;;;;;;;;;;;;;;;;;;;;;;;;;;;;;;;;;;
06:35:07;17;47;9999;057;239;11;111111111111000000000000;000000000000000000000000;11101000;000;_;e;10;000000101001000000000000;____;09;025;058;009;007;026;028;0425529291;;;;;;;;;;;;;;;;;;;;;;;;;;;;;;;;;;;;;;;;;;;;;;;;;;
06:35:10;17;48;9999;042;271;11;111111111111000000000000;000000000000000000000000;11101000;000;_;e;10;001111001001000000000000;____;09;027;059;007;021;028;080;0425529292;;;;;;;;;;;;;;;;;;;;;;;;;;;;;;;;;;;;;;;;;;;;;;;;;;
06:35:12;17;49;9999;078;157;11;111111111111000000000000;000000000000000000000000;11101000;000;_;e;10;000111001000000000000000;____;09;022;043;014;-03;023;056;0425529293;;;;;;;;;;;;;;;;;;;;;;;;;;;;;;;;;;;;;;;;;;;;;;;;;;
06:35:14;17;50;9999;083;170;11;111111111111000000000000;000000000000000000000000;11101000;000;_;e;10;000011101000000000000000;____;05;042;042;000;010;042;043;0425529290;;;;;;;;;;;;;;;;;;;;;;;;;;;;;;;;;;;;;;;;;;;;;;;;;;
06:35:16;17;51;9999;061;147;11;111111111111000000000000;000000000000000000000000;11101000;000;_;e;10;110000000000000000000000;____;01;001;099;009;-01;003;029;0425529294;;;;;;;;;;;;;;;;;;;;;;;;;;;;;;;;;;;;;;;;;;;;;;;;;;
06:35:18;17;52;9999;051;147;11;111111111111000000000000;000000000000000000000000;11101000;000;_;e;10;000111001000000000000000;____;09;000;052;021;-04;002;095;0425529295;;;;;;;;;;;;;;;;;;;;;;;;;;;;;;;;;;;;;;;;;;;;;;;;;;
07:34:49;17;53;9999;074;999;11;111111111111000000000000;000000000000000000000000;11101000;000;_;e;10;000010000010000000000000;____;05;037;034;010;037;038;042;0425531742;;;;;;;;;;;;;;;;;;;;;;;;;;;;;;;;;;;;;;;;;;;;;;;;;;
07:34:52;17;54;9999;038;276;11;111111111111000000000000;000000000000000000000000;11101000;000;_;e;10;000011000000000000000000;____;05;001;017;013;-05;002;033;0425531743;;;;;;;;;;;;;;;;;;;;;;;;;;;;;;;;;;;;;;;;;;;;;;;;;;
07:35:06;17;55;9999;046;999;11;111111111111000000000000;000000000000000000000000;11101000;000;_;e;10;000111000000000000000000;____;04;009;027;042;000;009;044;0425531745;;;;;;;;;;;;;;;;;;;;;;;;;;;;;;;;;;;;;;;;;;;;;;;;;;
07:35:08;17;56;9999;070;201;11;111111111111000000000000;000000000000000000000000;11101000;000;_;e;10;100011001001000000000000;____;12;042;055;004;034;045;057;0425531746;;;;;;;;;;;;;;;;;;;;;;;;;;;;;;;;;;;;;;;;;;;;;;;;;;
07:35:12;17;57;9999;046;362;11;111111111111000000000000;000000000000000000000000;11101000;000;_;e;10;000011001000000000000000;____;09;-03;044;037;-05;002;070;0425531747;;;;;;;;;;;;;;;;;;;;;;;;;;;;;;;;;;;;;;;;;;;;;;;;;;
08:04:46;17;58;9999;055;999;11;111111111111000000000000;000000000000000000000000;11101000;000;_;e;10;000001001110000000000000;____;09;030;061;003;011;032;033;0425531948;;;;;;;;;;;;;;;;;;;;;;;;;;;;;;;;;;;;;;;;;;;;;;;;;;
08:04:48;17;59;9999;052;237;11;111111111111000000000000;000000000000000000000000;11101000;000;_;e;10;001111001001000000000000;____;09;029;053;022;023;039;096;0425531949;;;;;;;;;;;;;;;;;;;;;;;;;;;;;;;;;;;;;;;;;;;;;;;;;;
08:04:57;17;60;9999;061;843;11;111111111111000000000000;000000000000000000000000;11101000;000;_;e;10;100111011110000000000000;____;04;027;034;013;016;030;070;0425531950;;;;;;;;;;;;;;;;;;;;;;;;;;;;;;;;;;;;;;;;;;;;;;;;;;
08:04:58;17;61;9999;080;100;11;111111111111000000000000;000000000000000000000000;11101000;000;_;e;10;000001000100000000000000;____;06;010;035;029;008;010;010;0425531951;;;;;;;;;;;;;;;;;;;;;;;;;;;;;;;;;;;;;;;;;;;;;;;;;;
08:05:03;17;62;9999;080;165;00;111111111111000000000000;000000000000000000000000;11101000;000;_;e;10;000111001100000000000000;____;04;006;059;027;006;021;069;0425531952;;;;;;;;;;;;;;;;;;;;;;;;;;;;;;;;;;;;;;;;;;;;;;;;;;
08:05:05;17;63;9999;079;181;11;111111111111000000000000;000000000000000000000000;11101000;000;_;e;10;000011101000000000000000;____;07;012;038;013;012;047;046;0425531953;;;;;;;;;;;;;;;;;;;;;;;;;;;;;;;;;;;;;;;;;;;;;;;;;;
10:05:02;17;64;9999;081;999;11;111111111111000000000000;000000000000000000000000;11101000;000;_;e;10;000111001100000000000000;____;05;-03;046;030;-04;009;081;0425530374;;;;;;;;;;;;;;;;;;;;;;;;;;;;;;;;;;;;;;;;;;;;;;;;;;
10:05:05;17;65;9999;082;236;11;111111111111000000000000;000000000000000000000000;11101000;000;_;e;10;100000000000000000000000;____;01;025;059;024;025;027;027;0425530375;;;;;;;;;;;;;;;;;;;;;;;;;;;;;;;;;;;;;;;;;;;;;;;;;;
10:05:07;17;66;9999;056;172;11;111111111111000000000000;000000000000000000000000;11101000;000;_;e;10;000101001000000000000000;____;06;021;044;032;016;022;037;0425530376;;;;;;;;;;;;;;;;;;;;;;;;;;;;;;;;;;;;;;;;;;;;;;;;;;
10:05:09;17;67;9999;073;139;11;111111111111000000000000;000000000000000000000000;11101000;000;_;e;10;100101001000000000000000;____;06;016;042;036;003;018;030;0425530377;;;;;;;;;;;;;;;;;;;;;;;;;;;;;;;;;;;;;;;;;;;;;;;;;;
10:05:12;17;68;9999;065;162;02;111111111111000000000000;000000000000000000000000;11101000;000;_;e;10;100111101010000000000000;____;05;040;018;008;011;041;126;0425530378;;;;;;;;;;;;;;;;;;;;;;;;;;;;;;;;;;;;;;;;;;;;;;;;;;
10:05:14;17;69;9999;081;162;11;111111111111000000000000;000000000000000000000000;11101000;000;_;e;10;000011001000000000000000;____;06;001;055;036;-04;019;039;0425530379;;;;;;;;;;;;;;;;;;;;;;;;;;;;;;;;;;;;;;;;;;;;;;;;;;
10:34:23;17;70;9999;060;999;11;111111111111000000000000;000000000000000000000000;11101000;000;_;e;10;000111001100000000000000;____;09;012;053;031;006;018;116;0425531138;;;;;;;;;;;;;;;;;;;;;;;;;;;;;;;;;;;;;;;;;;;;;;;;;;
10:34:25;17;71;9999;062;156;11;111111111111000000000000;000000000000000000000000;11101000;000;_;e;10;101011001100000000000000;____;05;-10;042;029;-12;001;064;0425531139;;;;;;;;;;;;;;;;;;;;;;;;;;;;;;;;;;;;;;;;;;;;;;;;;;
10:34:36;17;72;9999;076;999;11;111111111111000000000000;000000000000000000000000;11101000;000;_;e;10;000111001000000000000000;____;04;012;044;027;011;013;095;0425531140;;;;;;;;;;;;;;;;;;;;;;;;;;;;;;;;;;;;;;;;;;;;;;;;;;
10:34:39;17;73;9999;076;244;11;111111111111000000000000;000000000000000000000000;11101000;000;_;e;10;000110001100000000000000;____;05;014;047;040;012;015;044;0316111551;;;;;;;;;;;;;;;;;;;;;;;;;;;;;;;;;;;;;;;;;;;;;;;;;;
10:34:41;17;74;9999;051;176;11;111111111111000000000000;000000000000000000000000;11101000;000;_;e;10;000001110010000000000000;____;06;-07;026;000;-11;-07;041;0316111552;;;;;;;;;;;;;;;;;;;;;;;;;;;;;;;;;;;;;;;;;;;;;;;;;;
10:34:43;17;75;9999;064;153;11;111111111111000000000000;000000000000000000000000;11101000;000;_;e;10;000110001001000000000000;____;09;034;053;001;034;038;064;0316111553;;;;;;;;;;;;;;;;;;;;;;;;;;;;;;;;;;;;;;;;;;;;;;;;;;
10:34:46;17;76;9999;079;177;07;111111111111000000000000;000000000000000000000000;11101000;000;_;e;10;001111001100000000000000;____;09;018;062;029;-05;020;079;0425531141;;;;;;;;;;;;;;;;;;;;;;;;;;;;;;;;;;;;;;;;;;;;;;;;;;
10:34:48;17;77;9999;073;149;11;111111111111000000000000;000000000000000000000000;11101000;000;_;e;10;100000000000000000000000;____;01;012;094;004;012;012;020;0425531142;;;;;;;;;;;;;;;;;;;;;;;;;;;;;;;;;;;;;;;;;;;;;;;;;;
10:34:50;17;78;9999;090;148;11;111111111111000000000000;000000000000000000000000;11101000;000;_;e;10;000110000000000000000000;____;04;053;067;025;051;053;005;0316111555;;;;;;;;;;;;;;;;;;;;;;;;;;;;;;;;;;;;;;;;;;;;;;;;;;
10:34:56;17;79;9999;080;257;11;111111111111000000000000;000000000000000000000000;11101000;000;_;e;10;000111000000000000000000;____;04;021;066;036;019;036;032;0425531143;;;;;;;;;;;;;;;;;;;;;;;;;;;;;;;;;;;;;;;;;;;;;;;;;;
10:34:58;17;80;9999;079;142;11;111111111111000000000000;000000000000000000000000;11101000;000;_;e;10;101110001100000000000000;____;04;020;079;036;017;041;037;0425531145;;;;;;;;;;;;;;;;;;;;;;;;;;;;;;;;;;;;;;;;;;;;;;;;;;
10:35:01;17;81;9999;074;253;11;111111111111000000000000;000000000000000000000000;11101000;000;_;e;10;011100000000000000000000;____;04;007;074;046;-04;008;023;0425531146;;;;;;;;;;;;;;;;;;;;;;;;;;;;;;;;;;;;;;;;;;;;;;;;;;
10:35:03;17;82;9999;074;167;11;111111111111000000000000;000000000000000000000000;11101000;000;_;e;10;000010001000000000000000;____;09;050;071;021;007;050;032;0425531147;;;;;;;;;;;;;;;;;;;;;;;;;;;;;;;;;;;;;;;;;;;;;;;;;;
10:35:07;17;83;9999;082;418;11;111111111111000000000000;000000000000000000000000;11101000;000;_;e;10;101101001000000000000000;____;09;-20;059;020;-20;028;072;0316111554;;;;;;;;;;;;;;;;;;;;;;;;;;;;;;;;;;;;;;;;;;;;;;;;;;
10:35:10;17;84;9999;073;141;11;111111111111000000000000;000000000000000000000000;11101000;000;_;e;10;000010000100000000000000;____;10;-13;043;019;-13;003;006;0316111556;;;;;;;;;;;;;;;;;;;;;;;;;;;;;;;;;;;;;;;;;;;;;;;;;;
10:35:13;17;85;9999;083;263;11;111111111111000000000000;000000000000000000000000;11101000;000;_;e;10;000100000000000000000000;____;04;013;063;033;013;013;041;0425531144;;;;;;;;;;;;;;;;;;;;;;;;;;;;;;;;;;;;;;;;;;;;;;;;;;
10:35:15;17;86;9999;063;152;11;111111111111000000000000;000000000000000000000000;11101000;000;_;e;10;000111000001000000000000;____;06;-18;051;-05;-18;000;032;0316111557;;;;;;;;;;;;;;;;;;;;;;;;;;;;;;;;;;;;;;;;;;;;;;;;;;
10:35:17;17;87;9999;046;162;11;111111111111000000000000;000000000000000000000000;11101000;000;_;e;10;001111001000000000000000;____;09;-02;054;026;-06;001;125;0316111558;;;;;;;;;;;;;;;;;;;;;;;;;;;;;;;;;;;;;;;;;;;;;;;;;;
11:34:31;17;88;9999;072;999;11;111111111111000000000000;000000000000000000000000;11101000;000;_;e;10;100000001100000000000000;____;01;042;086;005;024;042;031;0555737500;;;;;;;;;;;;;;;;;;;;;;;;;;;;;;;;;;;;;;;;;;;;;;;;;;
11:34:33;17;89;9999;045;149;11;111111111111000000000000;000000000000000000000000;11101000;000;_;e;10;000011010010000000000000;____;06;004;028;005;003;009;041;0425525855;;;;;;;;;;;;;;;;;;;;;;;;;;;;;;;;;;;;;;;;;;;;;;;;;;
11:34:35;17;90;9999;080;201;11;111111111111000000000000;000000000000000000000000;11101000;000;_;e;10;000111000000000000000000;____;04;010;070;035;010;016;051;0425517102;;;;;;;;;;;;;;;;;;;;;;;;;;;;;;;;;;;;;;;;;;;;;;;;;;
11:34:49;17;91;9999;073;999;11;111111111111000000000000;000000000000000000000000;11010000;000;_;;;;;;;;;;;;;;;;;;;;;;;;;;;;;;;;;;;;;;;;;;;;;;;;;;;;;;;;;;;;;;
11:34:52;17;92;9999;062;219;11;111111111111000000000000;000000000000000000000000;11101000;000;_;e;10;000111000000000000000000;____;04;011;047;018;009;011;017;0555489725;;;;;;;;;;;;;;;;;;;;;;;;;;;;;;;;;;;;;;;;;;;;;;;;;;
11:34:54;17;93;9999;078;182;11;111111111111000000000000;000000000000000000000000;11101000;000;_;e;10;000010000000000000000000;____;05;009;072;028;009;009;006;0555489724;;;;;;;;;;;;;;;;;;;;;;;;;;;;;;;;;;;;;;;;;;;;;;;;;;
11:34:56;17;94;9999;073;145;11;111111111111000000000000;000000000000000000000000;11101000;000;_;e;10;000101001000000000000000;____;06;-04;074;024;-08;-04;038;0555489723;;;;;;;;;;;;;;;;;;;;;;;;;;;;;;;;;;;;;;;;;;;;;;;;;;
11:34:58;17;95;9999;073;142;11;111111111111000000000000;000000000000000000000000;11101000;000;_;e;10;001011000100000000000000;____;05;-11;050;033;-11;-08;039;0425525856;;;;;;;;;;;;;;;;;;;;;;;;;;;;;;;;;;;;;;;;;;;;;;;;;;
11:35:06;17;96;9999;080;827;11;111111111111000000000000;000000000000000000000000;11101000;000;_;e;10;100101000000000000000000;____;01;022;059;026;021;024;035;0425525857;;;;;;;;;;;;;;;;;;;;;;;;;;;;;;;;;;;;;;;;;;;;;;;;;;
11:35:08;17;97;9999;078;139;11;111111111111000000000000;000000000000000000000000;11101000;000;_;e;10;110110000001000000000000;____;04;-08;075;001;-08;018;045;0425525858;;;;;;;;;;;;;;;;;;;;;;;;;;;;;;;;;;;;;;;;;;;;;;;;;;
11:35:12;17;98;9999;073;172;07;111111111111000000000000;000000000000000000000000;11101000;000;_;e;10;001111001100000000000000;____;09;022;071;037;019;027;055;0425525859;;;;;;;;;;;;;;;;;;;;;;;;;;;;;;;;;;;;;;;;;;;;;;;;;;
11:35:14;17;99;9999;081;164;11;111111111111000000000000;000000000000000000000000;11101000;000;_;e;10;000111001000000000000000;____;06;004;051;012;003;048;098;0425529868;;;;;;;;;;;;;;;;;;;;;;;;;;;;;;;;;;;;;;;;;;;;;;;;;;
11:35:16;17;01;9999;052;151;11;111111111111000000000000;000000000000000000000000;11101000;000;_;e;10;001111001100000000000000;____;06;002;036;011;002;011;055;0425529869;;;;;;;;;;;;;;;;;;;;;;;;;;;;;;;;;;;;;;;;;;;;;;;;;;
11:35:21;17;02;9999;085;309;11;111111111111000000000000;000000000000000000000000;11101000;000;_;e;10;111100000000000000000000;____;01;019;065;024;014;020;041;0425525860;;;;;;;;;;;;;;;;;;;;;;;;;;;;;;;;;;;;;;;;;;;;;;;;;;
11:35:23;17;03;9999;039;144;11;111111111111000000000000;000000000000000000000000;11101000;000;_;e;10;110000001000000000000000;____;01;-07;098;006;-12;013;041;0425525861;;;;;;;;;;;;;;;;;;;;;;;;;;;;;;;;;;;;;;;;;;;;;;;;;;
11:35:25;17;04;9999;081;144;11;111111111111000000000000;000000000000000000000000;11101000;000;_;e;10;110110000001000000000000;____;02;-04;078;004;-04;004;025;0425525862;;;;;;;;;;;;;;;;;;;;;;;;;;;;;;;;;;;;;;;;;;;;;;;;;;
11:35:30;17;05;9999;084;257;11;111111111111000000000000;000000000000000000000000;11101000;000;_;e;10;000111110010000000000000;____;05;031;025;009;000;031;049;0425525863;;;;;;;;;;;;;;;;;;;;;;;;;;;;;;;;;;;;;;;;;;;;;;;;;;
11:35:33;17;06;9999;087;275;11;111111111111000000000000;000000000000000000000000;11101000;000;_;e;10;000101001000000000000000;____;09;058;076;008;052;060;039;0425525864;;;;;;;;;;;;;;;;;;;;;;;;;;;;;;;;;;;;;;;;;;;;;;;;;;
12:04:28;17;07;9999;060;999;11;111111111111000000000000;000000000000000000000000;11010000;000;_;;;;;;;;;;;;;;;;;;;;;;;;;;;;;;;;;;;;;;;;;;;;;;;;;;;;;;;;;;;;;;
12:04:30;17;08;9999;039;139;11;111111111111000000000000;000000000000000000000000;11101000;000;_;e;10;000001100000000000000000;____;07;-12;005;006;-13;-07;022;0425507409;;;;;;;;;;;;;;;;;;;;;;;;;;;;;;;;;;;;;;;;;;;;;;;;;;
12:04:32;17;09;9999;062;147;11;111111111111000000000000;000000000000000000000000;11101000;000;_;e;10;000011001000000000000000;____;06;023;028;026;023;034;043;0425532348;;;;;;;;;;;;;;;;;;;;;;;;;;;;;;;;;;;;;;;;;;;;;;;;;;
12:04:35;17;10;9999;066;150;03;111111111111000000000000;000000000000000000000000;11101000;000;_;e;10;000001101100000000000000;____;10;-19;046;019;-19;-07;020;0425532349;;;;;;;;;;;;;;;;;;;;;;;;;;;;;;;;;;;;;;;;;;;;;;;;;;
12:04:38;17;11;9999;084;173;05;111111111111000000000000;000000000000000000000000;11101000;000;_;e;10;000010000000000000000000;____;05;013;024;032;013;044;007;0425532350;;;;;;;;;;;;;;;;;;;;;;;;;;;;;;;;;;;;;;;;;;;;;;;;;;
12:04:41;17;12;9999;085;136;11;111111111111000000000000;000000000000000000000000;11101000;000;_;e;10;100000000000000000000000;____;01;038;075;005;037;041;028;0425531038;;;;;;;;;;;;;;;;;;;;;;;;;;;;;;;;;;;;;;;;;;;;;;;;;;
12:04:45;17;13;9999;085;387;11;111111111111000000000000;000000000000000000000000;11101000;000;_;e;10;000110101010000000000000;____;05;055;012;009;049;058;065;0425531039;;;;;;;;;;;;;;;;;;;;;;;;;;;;;;;;;;;;;;;;;;;;;;;;;;
12:04:48;17;14;9999;042;278;11;111111111111000000000000;000000000000000000000000;11101000;000;_;e;10;000001100000000000000000;____;06;-03;018;017;-07;000;029;0425532351;;;;;;;;;;;;;;;;;;;;;;;;;;;;;;;;;;;;;;;;;;;;;;;;;;
12:04:50;17;15;9999;050;170;11;111111111111000000000000;000000000000000000000000;11101000;000;_;e;10;000100000000000000000000;____;04;017;034;020;017;017;008;0425532353;;;;;;;;;;;;;;;;;;;;;;;;;;;;;;;;;;;;;;;;;;;;;;;;;;
12:04:55;17;16;9999;062;164;04;111111111111000000000000;000000000000000000000000;11101000;000;_;e;10;110000001000000000000000;____;02;011;077;011;-10;013;007;0425532352;;;;;;;;;;;;;;;;;;;;;;;;;;;;;;;;;;;;;;;;;;;;;;;;;;
12:04:58;17;17;9999;058;167;11;111111111111000000000000;000000000000000000000000;11101000;000;_;e;10;000111001001000000000000;____;12;039;056;004;032;039;046;0425531040;;;;;;;;;;;;;;;;;;;;;;;;;;;;;;;;;;;;;;;;;;;;;;;;;;
12:05:03;17;18;9999;048;365;11;111111111111000000000000;000000000000000000000000;11101000;000;_;e;10;000111001000000000000000;____;09;022;019;037;015;024;069;0425532356;;;;;;;;;;;;;;;;;;;;;;;;;;;;;;;;;;;;;;;;;;;;;;;;;;
12:05:06;17;19;9999;082;353;11;111111111111000000000000;000000000000000000000000;11101000;000;_;e;10;000011000000000000000000;____;05;022;057;030;022;033;018;0425531041;;;;;;;;;;;;;;;;;;;;;;;;;;;;;;;;;;;;;;;;;;;;;;;;;;
12:05:09;17;20;9999;064;244;11;111111111111000000000000;000000000000000000000000;11101000;000;_;e;10;000000101100000000000000;____;07;008;-01;010;007;020;052;0425531042;;;;;;;;;;;;;;;;;;;;;;;;;;;;;;;;;;;;;;;;;;;;;;;;;;
12:05:11;17;21;9999;054;150;11;111111111111000000000000;000000000000000000000000;11101000;000;_;e;10;000011110000000000000000;____;07;012;000;010;010;019;033;0425531043;;;;;;;;;;;;;;;;;;;;;;;;;;;;;;;;;;;;;;;;;;;;;;;;;;
12:05:18;17;22;9999;079;666;11;111111111111000000000000;000000000000000000000000;11101000;000;_;e;10;000101000000000000000000;____;04;001;066;000;001;023;013;0425531795;;;;;;;;;;;;;;;;;;;;;;;;;;;;;;;;;;;;;;;;;;;;;;;;;;
12:05:20;17;23;9999;066;164;11;111111111111000000000000;000000000000000000000000;11010000;000;_;;;;;;;;;;;;;;;;;;;;;;;;;;;;;;;;;;;;;;;;;;;;;;;;;;;;;;;;;;;;;;
12:05:22;17;24;9999;065;169;11;111111111111000000000000;000000000000000000000000;11010000;000;_;;;;;;;;;;;;;;;;;;;;;;;;;;;;;;;;;;;;;;;;;;;;;;;;;;;;;;;;;;;;;;
12:05:25;17;25;9999;051;180;11;111111111111000000000000;000000000000000000000000;11010000;000;_;;;;;;;;;;;;;;;;;;;;;;;;;;;;;;;;;;;;;;;;;;;;;;;;;;;;;;;;;;;;;;
12:05:27;17;26;9999;069;162;11;111111111111000000000000;000000000000000000000000;11101000;000;_;e;10;100000000001000000000000;____;12;014;070;004;014;016;007;0425531796;;;;;;;;;;;;;;;;;;;;;;;;;;;;;;;;;;;;;;;;;;;;;;;;;;
13:04:53;17;27;9999;075;999;11;111111111111000000000000;000000000000000000000000;11101000;000;_;e;10;000110001000000000000000;____;05;000;064;034;000;001;098;0425442518;;;;;;;;;;;;;;;;;;;;;;;;;;;;;;;;;;;;;;;;;;;;;;;;;;
13:04:55;17;28;9999;077;147;11;111111111111000000000000;000000000000000000000000;11101000;000;_;e;10;110100000000000000000000;____;04;017;078;022;013;018;052;0425524301;;;;;;;;;;;;;;;;;;;;;;;;;;;;;;;;;;;;;;;;;;;;;;;;;;
13:04:58;17;29;9999;069;151;11;111111111111000000000000;000000000000000000000000;11101000;000;_;e;10;000111001001000000000000;____;12;040;066;004;035;040;036;0425528813;;;;;;;;;;;;;;;;;;;;;;;;;;;;;;;;;;;;;;;;;;;;;;;;;;
13:05:00;17;30;9999;051;145;11;111111111111000000000000;000000000000000000000000;11101000;000;_;e;10;000011110000000000000000;____;05;-02;033;-02;-05;-02;053;0425528815;;;;;;;;;;;;;;;;;;;;;;;;;;;;;;;;;;;;;;;;;;;;;;;;;;
13:05:02;17;31;9999;072;206;11;111111111111000000000000;000000000000000000000000;11101000;000;_;e;10;000000110000000000000000;____;08;018;024;005;018;020;024;0425528814;;;;;;;;;;;;;;;;;;;;;;;;;;;;;;;;;;;;;;;;;;;;;;;;;;
13:05:08;17;32;9999;084;430;11;111111111111000000000000;000000000000000000000000;11101000;000;_;e;10;100101001000000000000000;____;04;009;066;029;008;031;033;0425528818;;;;;;;;;;;;;;;;;;;;;;;;;;;;;;;;;;;;;;;;;;;;;;;;;;
13:05:10;17;33;9999;056;158;11;111111111111000000000000;000000000000000000000000;11101000;000;_;e;10;000001000000000000000000;____;06;004;049;007;004;005;016;0425528820;;;;;;;;;;;;;;;;;;;;;;;;;;;;;;;;;;;;;;;;;;;;;;;;;;
13:05:13;17;34;9999;075;217;11;111111111111000000000000;000000000000000000000000;11101000;000;_;e;10;110100000000000000000000;____;01;014;090;020;009;015;049;0425528821;;;;;;;;;;;;;;;;;;;;;;;;;;;;;;;;;;;;;;;;;;;;;;;;;;
14:34:41;17;35;9999;081;999;11;111111111111000000000000;000000000000000000000000;11101000;000;_;e;10;100101001100000000000000;____;01;004;055;026;-12;016;050;0316111876;;;;;;;;;;;;;;;;;;;;;;;;;;;;;;;;;;;;;;;;;;;;;;;;;;
14:34:47;17;36;9999;065;604;11;111111111111000000000000;000000000000000000000000;11101000;000;_;e;10;000000111010000000000000;____;07;001;019;011;-13;003;042;0316111877;;;;;;;;;;;;;;;;;;;;;;;;;;;;;;;;;;;;;;;;;;;;;;;;;;
14:34:50;17;37;9999;043;246;11;111111111111000000000000;000000000000000000000000;11101000;000;_;e;10;000110110000000000000000;____;08;-04;005;011;-08;-04;037;0316111878;;;;;;;;;;;;;;;;;;;;;;;;;;;;;;;;;;;;;;;;;;;;;;;;;;
14:34:52;17;38;9999;047;132;11;111111111111000000000000;000000000000000000000000;11101000;000;_;e;10;000000001000000000000000;____;09;020;036;004;019;021;022;0316111879;;;;;;;;;;;;;;;;;;;;;;;;;;;;;;;;;;;;;;;;;;;;;;;;;;
14:34:54;17;39;9999;068;200;11;111111111111000000000000;000000000000000000000000;11101000;000;_;e;10;000011000010000000000000;____;06;005;026;016;005;008;044;0316111880;;;;;;;;;;;;;;;;;;;;;;;;;;;;;;;;;;;;;;;;;;;;;;;;;;
14:34:56;17;40;9999;072;138;11;111111111111000000000000;000000000000000000000000;11101000;000;_;e;10;000000000001000000000000;____;12;-12;050;004;-13;-12;020;0316111882;;;;;;;;;;;;;;;;;;;;;;;;;;;;;;;;;;;;;;;;;;;;;;;;;;
14:34:58;17;41;9999;080;168;11;111111111111000000000000;000000000000000000000000;11010000;000;_;;;;;;;;;;;;;;;;;;;;;;;;;;;;;;;;;;;;;;;;;;;;;;;;;;;;;;;;;;;;;;
14:35:04;17;42;9999;068;458;11;111111111111000000000000;000000000000000000000000;11101000;000;_;e;10;000011000010000000000000;____;11;-16;037;004;-16;-08;039;0316111885;;;;;;;;;;;;;;;;;;;;;;;;;;;;;;;;;;;;;;;;;;;;;;;;;;
14:35:06;17;43;9999;049;152;11;111111111111000000000000;000000000000000000000000;11101000;000;_;e;10;000010000000000000000000;____;05;-15;050;003;-15;-15;005;0316111886;;;;;;;;;;;;;;;;;;;;;;;;;;;;;;;;;;;;;;;;;;;;;;;;;;
14:35:08;17;44;9999;052;177;11;111111111111000000000000;000000000000000000000000;11101000;000;_;e;10;000001001100000000000000;____;06;011;043;023;-05;019;063;0316111888;;;;;;;;;;;;;;;;;;;;;;;;;;;;;;;;;;;;;;;;;;;;;;;;;;
14:35:19;17;45;9999;071;999;11;111111111111000000000000;000000000000000000000000;11101000;000;_;e;10;000011001000000000000000;____;06;003;044;034;003;011;033;0316111887;;;;;;;;;;;;;;;;;;;;;;;;;;;;;;;;;;;;;;;;;;;;;;;;;;
14:35:21;17;46;9999;049;189;11;111111111111000000000000;000000000000000000000000;11101000;000;_;e;10;000111001100000000000000;____;06;-03;046;030;-09;002;073;0316111889;;;;;;;;;;;;;;;;;;;;;;;;;;;;;;;;;;;;;;;;;;;;;;;;;;
14:35:23;17;47;9999;078;185;11;111111111111000000000000;000000000000000000000000;11101000;000;_;e;10;000001100000000000000000;____;07;003;001;021;003;003;031;0316111890;;;;;;;;;;;;;;;;;;;;;;;;;;;;;;;;;;;;;;;;;;;;;;;;;;
16:04:08;17;48;9999;076;999;11;111111111111000000000000;000000000000000000000000;11101000;000;_;e;10;000110001000000000000000;____;04;003;029;031;-03;004;071;0425536200;;;;;;;;;;;;;;;;;;;;;;;;;;;;;;;;;;;;;;;;;;;;;;;;;;
16:04:10;17;49;9999;059;147;11;111111111111000000000000;000000000000000000000000;11101000;000;_;e;10;110000000000000000000000;____;01;-06;069;016;-09;-06;030;0425526801;;;;;;;;;;;;;;;;;;;;;;;;;;;;;;;;;;;;;;;;;;;;;;;;;;
16:04:13;17;50;9999;045;133;01;111111111111000000000000;000000000000000000000000;11101000;000;_;e;10;100000000000000000000000;____;01;-02;062;024;-02;-02;003;0425494478;;;;;;;;;;;;;;;;;;;;;;;;;;;;;;;;;;;;;;;;;;;;;;;;;;
16:04:15;17;51;9999;081;198;11;111111111111000000000000;000000000000000000000000;11101000;000;_;e;10;100110000000000000000000;____;04;-08;052;027;-10;-06;042;0425494479;;;;;;;;;;;;;;;;;;;;;;;;;;;;;;;;;;;;;;;;;;;;;;;;;;
16:04:19;17;52;9999;069;387;11;111111111111000000000000;000000000000000000000000;11101000;000;_;e;10;110100000010000000000000;____;04;011;051;018;007;014;030;0425536205;;;;;;;;;;;;;;;;;;;;;;;;;;;;;;;;;;;;;;;;;;;;;;;;;;
16:04:24;17;53;9999;075;485;11;111111111111000000000000;000000000000000000000000;11101000;000;_;e;10;000011001000000000000000;____;05;030;032;036;028;038;059;0425536203;;;;;;;;;;;;;;;;;;;;;;;;;;;;;;;;;;;;;;;;;;;;;;;;;;
16:04:27;17;54;9999;044;155;11;111111111111000000000000;000000000000000000000000;11101000;000;_;e;10;000111001100000000000000;____;05;003;047;029;-14;006;088;0425536207;;;;;;;;;;;;;;;;;;;;;;;;;;;;;;;;;;;;;;;;;;;;;;;;;;
16:04:29;17;55;9999;045;160;09;111111111111000000000000;000000000000000000000000;11101000;000;_;e;10;000111001000000000000000;____;09;004;043;027;-04;005;066;0425536204;;;;;;;;;;;;;;;;;;;;;;;;;;;;;;;;;;;;;;;;;;;;;;;;;;
16:04:32;17;56;9999;071;192;11;111111111111000000000000;000000000000000000000000;11101000;000;_;e;10;001001000000000000000000;____;06;062;046;023;016;063;013;0425536208;;;;;;;;;;;;;;;;;;;;;;;;;;;;;;;;;;;;;;;;;;;;;;;;;;
16:04:34;17;57;9999;058;163;11;111111111111000000000000;000000000000000000000000;11101000;000;_;e;10;000000001100000000000000;____;10;-12;037;022;-12;-12;005;0425395465;;;;;;;;;;;;;;;;;;;;;;;;;;;;;;;;;;;;;;;;;;;;;;;;;;
16:04:35;17;58;9999;079;091;11;111111111111000000000000;000000000000000000000000;11101000;000;_;e;10;110010101000000000000000;____;01;009;058;022;005;010;054;0425536209;;;;;;;;;;;;;;;;;;;;;;;;;;;;;;;;;;;;;;;;;;;;;;;;;;
16:04:41;17;59;9999;046;458;11;111111111111000000000000;000000000000000000000000;11101000;000;_;e;10;000111001100000000000000;____;04;007;032;020;001;009;049;0425536210;;;;;;;;;;;;;;;;;;;;;;;;;;;;;;;;;;;;;;;;;;;;;;;;;;
16:04:44;17;60;9999;080;228;11;111111111111000000000000;000000000000000000000000;11101000;000;_;e;10;000001000000000000000000;____;06;025;033;-02;025;025;006;0425536212;;;;;;;;;;;;;;;;;;;;;;;;;;;;;;;;;;;;;;;;;;;;;;;;;;
16:04:48;17;61;9999;054;386;11;111111111111000000000000;000000000000000000000000;11101000;000;_;e;10;000111001100000000000000;____;05;-02;041;035;-09;000;078;0425536213;;;;;;;;;;;;;;;;;;;;;;;;;;;;;;;;;;;;;;;;;;;;;;;;;;
16:04:51;17;62;9999;065;248;11;111111111111000000000000;000000000000000000000000;11101000;000;_;e;10;000011001010000000000000;____;09;051;032;010;025;051;069;0425536211;;;;;;;;;;;;;;;;;;;;;;;;;;;;;;;;;;;;;;;;;;;;;;;;;;
16:04:53;17;63;9999;082;144;11;111111111111000000000000;000000000000000000000000;11101000;000;_;e;10;000111001000000000000000;____;05;043;026;018;038;044;034;0425536214;;;;;;;;;;;;;;;;;;;;;;;;;;;;;;;;;;;;;;;;;;;;;;;;;;
16:05:01;17;64;9999;060;867;11;111111111111000000000000;000000000000000000000000;11101000;000;_;e;10;000110001000000000000000;____;04;012;028;007;-12;012;031;0425536215;;;;;;;;;;;;;;;;;;;;;;;;;;;;;;;;;;;;;;;;;;;;;;;;;;
16:05:04;17;65;9999;083;234;11;111111111111000000000000;000000000000000000000000;11101000;000;_;e;10;000001110010000000000000;____;06;-09;021;005;-10;-04;067;0425536216;;;;;;;;;;;;;;;;;;;;;;;;;;;;;;;;;;;;;;;;;;;;;;;;;;
16:05:08;17;66;9999;086;335;11;111111111111000000000000;000000000000000000000000;11101000;000;_;e;10;110000000000000000000000;____;01;017;077;006;006;017;011;0425536217;;;;;;;;;;;;;;;;;;;;;;;;;;;;;;;;;;;;;;;;;;;;;;;;;;
16:05:10;17;67;9999;046;153;11;111111111111000000000000;000000000000000000000000;11101000;000;_;e;10;000001000000000000000000;____;06;-07;052;024;-07;-07;009;0425536901;;;;;;;;;;;;;;;;;;;;;;;;;;;;;;;;;;;;;;;;;;;;;;;;;;
16:05:13;17;68;9999;073;234;11;111111111111000000000000;000000000000000000000000;11101000;000;_;e;10;000001000000000000000000;____;06;038;043;025;038;038;005;0425536218;;;;;;;;;;;;;;;;;;;;;;;;;;;;;;;;;;;;;;;;;;;;;;;;;;
16:05:15;17;69;9999;084;160;11;111111111111000000000000;000000000000000000000000;11101000;000;_;e;10;100001000001000000000000;____;01;034;064;005;033;035;022;0425536219;;;;;;;;;;;;;;;;;;;;;;;;;;;;;;;;;;;;;;;;;;;;;;;;;;
16:05:20;17;70;9999;046;312;11;111111111111000000000000;000000000000000000000000;11101000;000;_;e;10;000011111000000000000000;____;07;005;003;007;-01;016;050;0425536902;;;;;;;;;;;;;;;;;;;;;;;;;;;;;;;;;;;;;;;;;;;;;;;;;;
16:05:22;17;71;9999;067;177;11;111111111111000000000000;000000000000000000000000;11101000;000;_;e;10;000000110000000000000000;____;07;003;-01;009;003;005;038;0425536220;;;;;;;;;;;;;;;;;;;;;;;;;;;;;;;;;;;;;;;;;;;;;;;;;;
16:05:25;17;72;9999;086;243;11;111111111111000000000000;000000000000000000000000;11101000;000;_;e;10;110100001101000000000000;____;01;049;049;011;039;063;044;0425536221;;;;;;;;;;;;;;;;;;;;;;;;;;;;;;;;;;;;;;;;;;;;;;;;;;
16:05:27;17;73;9999;075;152;11;111111111111000000000000;000000000000000000000000;11101000;000;_;e;10;000000001001000000000000;____;12;028;056;004;026;038;024;0425536222;;;;;;;;;;;;;;;;;;;;;;;;;;;;;;;;;;;;;;;;;;;;;;;;;;
16:05:30;17;74;9999;071;133;05;111111111111000000000000;000000000000000000000000;11101000;000;_;e;10;000011110010000000000000;____;06;-08;002;030;-08;007;050;0425536223;;;;;;;;;;;;;;;;;;;;;;;;;;;;;;;;;;;;;;;;;;;;;;;;;;
16:05:32;17;75;9999;081;167;11;111111111111000000000000;000000000000000000000000;11101000;000;_;e;10;010000000001000000000000;____;12;-03;050;004;-12;-03;004;0425536227;;;;;;;;;;;;;;;;;;;;;;;;;;;;;;;;;;;;;;;;;;;;;;;;;;
16:05:37;17;76;9999;068;394;11;111111111111000000000000;000000000000000000000000;11101000;000;_;e;10;010100000000000000000000;____;04;-07;059;010;-07;003;014;0425536229;;;;;;;;;;;;;;;;;;;;;;;;;;;;;;;;;;;;;;;;;;;;;;;;;;
16:05:40;17;77;9999;061;236;11;111111111111000000000000;000000000000000000000000;11101000;000;_;e;10;000111011010000000000000;____;05;032;034;002;015;033;078;0425536225;;;;;;;;;;;;;;;;;;;;;;;;;;;;;;;;;;;;;;;;;;;;;;;;;;
16:05:42;17;78;9999;042;236;11;111111111111000000000000;000000000000000000000000;11101000;000;_;e;10;000000000010000000000000;____;11;007;026;004;005;007;005;0425536224;;;;;;;;;;;;;;;;;;;;;;;;;;;;;;;;;;;;;;;;;;;;;;;;;;
16:05:44;17;79;9999;056;164;11;111111111111000000000000;000000000000000000000000;11101000;000;_;e;10;000011001010000000000000;____;09;042;017;010;001;043;057;0425536228;;;;;;;;;;;;;;;;;;;;;;;;;;;;;;;;;;;;;;;;;;;;;;;;;;
16:05:46;17;80;9999;066;178;11;111111111111000000000000;000000000000000000000000;11101000;000;_;e;10;000001110000000000000000;____;08;-20;023;009;-20;-07;035;0425536226;;;;;;;;;;;;;;;;;;;;;;;;;;;;;;;;;;;;;;;;;;;;;;;;;;
16:05:48;17;81;9999;083;145;11;111111111111000000000000;000000000000000000000000;11101000;000;_;e;10;110100001101000000000000;____;01;031;068;019;029;063;059;0425536231;;;;;;;;;;;;;;;;;;;;;;;;;;;;;;;;;;;;;;;;;;;;;;;;;;
16:05:51;17;82;9999;050;153;11;111111111111000000000000;000000000000000000000000;11101000;000;_;e;10;000111001000000000000000;____;09;028;043;014;024;030;043;0425536232;;;;;;;;;;;;;;;;;;;;;;;;;;;;;;;;;;;;;;;;;;;;;;;;;;
16:05:59;17;83;9999;077;867;11;111111111111000000000000;000000000000000000000000;11101000;000;_;e;10;100011110000000000000000;____;06;019;037;037;013;020;056;0425536233;;;;;;;;;;;;;;;;;;;;;;;;;;;;;;;;;;;;;;;;;;;;;;;;;;
16:06:06;17;84;9999;075;709;11;111111111111000000000000;000000000000000000000000;11101000;000;_;e;10;000110000000000000000000;____;05;016;036;039;016;021;007;0425536202;;;;;;;;;;;;;;;;;;;;;;;;;;;;;;;;;;;;;;;;;;;;;;;;;;
16:06:10;17;85;9999;079;371;11;111111111111000000000000;000000000000000000000000;11101000;000;_;e;10;101101001001000000000000;____;09;055;059;014;030;058;070;0425536234;;;;;;;;;;;;;;;;;;;;;;;;;;;;;;;;;;;;;;;;;;;;;;;;;;
16:06:13;17;86;9999;087;174;11;111111111111000000000000;000000000000000000000000;11010000;000;_;;;;;;;;;;;;;;;;;;;;;;;;;;;;;;;;;;;;;;;;;;;;;;;;;;;;;;;;;;;;;;
16:34:32;17;87;9999;055;999;11;111111111111000000000000;000000000000000000000000;11101000;000;_;e;10;000011101100000000000000;____;06;-14;041;013;-17;013;035;0425529870;;;;;;;;;;;;;;;;;;;;;;;;;;;;;;;;;;;;;;;;;;;;;;;;;;
16:34:34;17;88;9999;082;147;11;111111111111000000000000;000000000000000000000000;11101000;000;_;e;10;110001001000000000000000;____;09;052;081;011;007;054;036;0425529871;;;;;;;;;;;;;;;;;;;;;;;;;;;;;;;;;;;;;;;;;;;;;;;;;;
16:34:37;17;89;9999;057;168;01;111111111111000000000000;000000000000000000000000;11101000;000;_;e;10;110000000000000000000000;____;01;009;098;007;004;028;046;0425529873;;;;;;;;;;;;;;;;;;;;;;;;;;;;;;;;;;;;;;;;;;;;;;;;;;
16:34:39;17;90;9999;062;169;11;111111111111000000000000;000000000000000000000000;11101000;000;_;e;10;001011100000000000000000;____;06;-12;027;003;-13;003;033;0425529874;;;;;;;;;;;;;;;;;;;;;;;;;;;;;;;;;;;;;;;;;;;;;;;;;;
16:34:41;17;91;9999;055;148;11;111111111111000000000000;000000000000000000000000;11101000;000;_;e;10;100110001001000000000000;____;09;032;075;011;009;032;025;0425529875;;;;;;;;;;;;;;;;;;;;;;;;;;;;;;;;;;;;;;;;;;;;;;;;;;
16:34:43;17;92;9999;073;220;11;111111111111000000000000;000000000000000000000000;11010000;000;_;;;;;;;;;;;;;;;;;;;;;;;;;;;;;;;;;;;;;;;;;;;;;;;;;;;;;;;;;;;;;;
16:34:48;17;93;9999;055;300;11;111111111111000000000000;000000000000000000000000;11101000;000;_;e;10;000110001001000000000000;____;05;028;053;015;028;032;103;0425529877;;;;;;;;;;;;;;;;;;;;;;;;;;;;;;;;;;;;;;;;;;;;;;;;;;
16:34:52;17;94;9999;047;373;11;111111111111000000000000;000000000000000000000000;11101000;000;_;e;10;110100000100000000000000;____;01;-05;092;008;-10;004;048;0425530593;;;;;;;;;;;;;;;;;;;;;;;;;;;;;;;;;;;;;;;;;;;;;;;;;;
16:34:55;17;95;9999;076;237;11;111111111111000000000000;000000000000000000000000;11101000;000;_;e;10;000111101100000000000000;____;05;043;034;016;004;044;109;0425530595;;;;;;;;;;;;;;;;;;;;;;;;;;;;;;;;;;;;;;;;;;;;;;;;;;
16:34:57;17;96;9999;075;161;11;111111111111000000000000;000000000000000000000000;11101000;000;_;e;10;100001000000000000000000;____;01;011;047;031;009;015;020;0425530594;;;;;;;;;;;;;;;;;;;;;;;;;;;;;;;;;;;;;;;;;;;;;;;;;;
16:34:59;17;97;9999;053;158;11;111111111111000000000000;000000000000000000000000;11101000;000;_;e;10;000011110000000000000000;____;06;-02;025;005;-05;001;037;0425530596;;;;;;;;;;;;;;;;;;;;;;;;;;;;;;;;;;;;;;;;;;;;;;;;;;
16:35:03;17;98;9999;052;423;11;111111111111000000000000;000000000000000000000000;11101000;000;_;e;10;100101001000000000000000;____;06;004;079;016;003;007;050;0425529878;;;;;;;;;;;;;;;;;;;;;;;;;;;;;;;;;;;;;;;;;;;;;;;;;;
16:35:05;17;99;9999;058;145;11;111111111111000000000000;000000000000000000000000;11101000;000;_;e;10;000000001000000000000000;____;09;015;051;019;015;015;035;0425529879;;;;;;;;;;;;;;;;;;;;;;;;;;;;;;;;;;;;;;;;;;;;;;;;;;
16:35:08;17;01;9999;055;155;05;111111111111000000000000;000000000000000000000000;11101000;000;_;e;10;000011100010000000000000;____;06;003;041;000;000;004;032;0425530597;;;;;;;;;;;;;;;;;;;;;;;;;;;;;;;;;;;;;;;;;;;;;;;;;;
16:35:10;17;02;9999;079;173;11;111111111111000000000000;000000000000000000000000;11101000;000;_;e;10;000111001000000000000000;____;05;003;040;031;-03;004;108;0425529880;;;;;;;;;;;;;;;;;;;;;;;;;;;;;;;;;;;;;;;;;;;;;;;;;;
16:35:15;17;03;9999;052;405;11;111111111111000000000000;000000000000000000000000;11101000;000;_;e;10;000111000000000000000000;____;05;003;018;027;002;005;051;0425529881;;;;;;;;;;;;;;;;;;;;;;;;;;;;;;;;;;;;;;;;;;;;;;;;;;
16:35:17;17;04;9999;074;243;11;111111111111000000000000;000000000000000000000000;11101000;000;_;e;10;000111001100000000000000;____;05;020;051;032;015;023;087;0425529882;;;;;;;;;;;;;;;;;;;;;;;;;;;;;;;;;;;;;;;;;;;;;;;;;;
17:34:21;17;05;9999;047;999;11;111111111111000000000000;000000000000000000000000;11101000;000;_;e;10;000001000000000000000000;____;06;-09;029;020;-09;-09;003;0425532392;;;;;;;;;;;;;;;;;;;;;;;;;;;;;;;;;;;;;;;;;;;;;;;;;;
17:34:23;17;06;9999;045;146;11;111111111111000000000000;000000000000000000000000;11101000;000;_;e;10;000111001000000000000000;____;05;-09;078;027;-10;000;050;0425531078;;;;;;;;;;;;;;;;;;;;;;;;;;;;;;;;;;;;;;;;;;;;;;;;;;
17:34:25;17;07;9999;077;148;01;111111111111000000000000;000000000000000000000000;11101000;000;_;e;10;000100000100000000000000;____;04;014;050;006;014;026;041;0425531079;;;;;;;;;;;;;;;;;;;;;;;;;;;;;;;;;;;;;;;;;;;;;;;;;;
17:34:28;17;08;9999;081;157;11;111111111111000000000000;000000000000000000000000;11101000;000;_;e;10;000111000000000000000000;____;06;025;029;012;025;073;070;0425532393;;;;;;;;;;;;;;;;;;;;;;;;;;;;;;;;;;;;;;;;;;;;;;;;;;
17:34:30;17;09;9999;055;160;11;111111111111000000000000;000000000000000000000000;11101000;000;_;e;10;110100001000000000000000;____;01;020;068;009;016;024;056;0425531080;;;;;;;;;;;;;;;;;;;;;;;;;;;;;;;;;;;;;;;;;;;;;;;;;;
17:34:35;17;10;9999;066;330;11;111111111111000000000000;000000000000000000000000;11101000;000;_;e;10;000000110000000000000000;____;08;008;010;010;008;010;040;0425532394;;;;;;;;;;;;;;;;;;;;;;;;;;;;;;;;;;;;;;;;;;;;;;;;;;
17:34:39;17;11;9999;064;357;11;111111111111000000000000;000000000000000000000000;11101000;000;_;e;10;000011101000000000000000;____;05;022;015;022;008;032;027;0425532395;;;;;;;;;;;;;;;;;;;;;;;;;;;;;;;;;;;;;;;;;;;;;;;;;;
17:34:42;17;12;9999;051;235;11;111111111111000000000000;000000000000000000000000;11101000;000;_;e;10;000111101000000000000000;____;05;015;006;010;002;016;037;0425532396;;;;;;;;;;;;;;;;;;;;;;;;;;;;;;;;;;;;;;;;;;;;;;;;;;
17:34:44;17;13;9999;079;167;11;111111111111000000000000;000000000000000000000000;11101000;000;_;e;10;000111001000000000000000;____;09;032;037;032;022;033;046;0425532397;;;;;;;;;;;;;;;;;;;;;;;;;;;;;;;;;;;;;;;;;;;;;;;;;;
17:34:48;17;14;9999;056;154;02;111111111111000000000000;000000000000000000000000;11101000;000;_;e;10;010000000010000000000000;____;11;018;040;004;009;018;012;0425532398;;;;;;;;;;;;;;;;;;;;;;;;;;;;;;;;;;;;;;;;;;;;;;;;;;
17:34:50;17;15;9999;085;181;11;111111111111000000000000;000000000000000000000000;11101000;000;_;e;10;100000000000000000000000;____;01;029;064;003;029;031;007;0425531081;;;;;;;;;;;;;;;;;;;;;;;;;;;;;;;;;;;;;;;;;;;;;;;;;;
17:34:55;17;16;9999;062;405;11;111111111111000000000000;000000000000000000000000;11101000;000;_;e;10;000111001001000000000000;____;09;040;041;010;007;041;064;0425531082;;;;;;;;;;;;;;;;;;;;;;;;;;;;;;;;;;;;;;;;;;;;;;;;;;
17:34:58;17;17;9999;059;266;11;111111111111000000000000;000000000000000000000000;11101000;000;_;e;10;000011100000000000000000;____;07;006;025;016;006;011;049;0425528846;;;;;;;;;;;;;;;;;;;;;;;;;;;;;;;;;;;;;;;;;;;;;;;;;;
17:35:01;17;18;9999;053;186;11;111111111111000000000000;000000000000000000000000;11101000;000;_;e;10;000000000011000000000000;____;12;024;051;004;006;024;014;0425531083;;;;;;;;;;;;;;;;;;;;;;;;;;;;;;;;;;;;;;;;;;;;;;;;;;
17:35:08;17;19;9999;056;792;11;111111111111000000000000;000000000000000000000000;11101000;000;_;e;10;000111001000000000000000;____;09;017;043;025;-13;018;070;0425532399;;;;;;;;;;;;;;;;;;;;;;;;;;;;;;;;;;;;;;;;;;;;;;;;;;
17:35:12;17;20;9999;073;351;11;111111111111000000000000;000000000000000000000000;11010000;000;_;;;;;;;;;;;;;;;;;;;;;;;;;;;;;;;;;;;;;;;;;;;;;;;;;;;;;;;;;;;;;;
17:35:15;17;21;9999;076;295;11;111111111111000000000000;000000000000000000000000;11101000;000;_;e;10;100100000000000000000000;____;04;009;063;036;007;010;044;0425528847;;;;;;;;;;;;;;;;;;;;;;;;;;;;;;;;;;;;;;;;;;;;;;;;;;
17:35:18;17;22;9999;078;239;11;111111111111000000000000;000000000000000000000000;11101000;000;_;e;10;000111001000000000000000;____;06;014;046;038;012;014;053;0425531084;;;;;;;;;;;;;;;;;;;;;;;;;;;;;;;;;;;;;;;;;;;;;;;;;;
17:35:20;17;23;9999;070;145;11;111111111111000000000000;000000000000000000000000;11101000;000;_;e;10;000101001000000000000000;____;06;015;053;024;011;017;048;0425528848;;;;;;;;;;;;;;;;;;;;;;;;;;;;;;;;;;;;;;;;;;;;;;;;;;
17:35:23;17;24;9999;078;162;11;111111111111000000000000;000000000000000000000000;11101000;000;_;e;10;000000001000000000000000;____;09;031;034;017;031;031;003;0425528849;;;;;;;;;;;;;;;;;;;;;;;;;;;;;;;;;;;;;;;;;;;;;;;;;;
17:35:25;17;25;9999;044;160;11;111111111111000000000000;000000000000000000000000;11101000;000;_;e;10;001011100100000000000000;____;07;-10;031;017;-12;020;040;0425528850;;;;;;;;;;;;;;;;;;;;;;;;;;;;;;;;;;;;;;;;;;;;;;;;;;
18:04:31;17;26;9999;041;999;11;111111111111000000000000;000000000000000000000000;11101000;000;_;e;10;110110000000000000000000;____;01;-01;099;008;-12;000;039;0316111119;;;;;;;;;;;;;;;;;;;;;;;;;;;;;;;;;;;;;;;;;;;;;;;;;;
18:04:33;17;27;9999;080;156;11;111111111111000000000000;000000000000000000000000;11101000;000;_;e;10;100100000000000000000000;____;01;003;072;024;-04;003;038;0555722102;;;;;;;;;;;;;;;;;;;;;;;;;;;;;;;;;;;;;;;;;;;;;;;;;;
18:04:35;17;28;9999;065;143;11;111111111111000000000000;000000000000000000000000;11101000;000;_;e;10;000001000000000000000000;____;06;-03;061;020;-03;-03;008;0316111123;;;;;;;;;;;;;;;;;;;;;;;;;;;;;;;;;;;;;;;;;;;;;;;;;;
18:04:44;17;29;9999;073;911;11;111111111111000000000000;000000000000000000000000;11101000;000;_;e;10;000111001100000000000000;____;06;-08;038;034;-08;014;062;0316111121;;;;;;;;;;;;;;;;;;;;;;;;;;;;;;;;;;;;;;;;;;;;;;;;;;
18:04:46;17;30;9999;057;168;11;111111111111000000000000;000000000000000000000000;11101000;000;_;e;10;000010000000000000000000;____;05;021;050;003;021;022;006;0425538901;;;;;;;;;;;;;;;;;;;;;;;;;;;;;;;;;;;;;;;;;;;;;;;;;;
18:04:48;17;31;9999;067;152;11;111111111111000000000000;000000000000000000000000;11101000;000;_;e;10;100000000000000000000000;____;01;014;100;020;014;023;022;0425538900;;;;;;;;;;;;;;;;;;;;;;;;;;;;;;;;;;;;;;;;;;;;;;;;;;
18:04:51;17;32;9999;074;176;11;111111111111000000000000;000000000000000000000000;11101000;000;_;e;10;000101001000000000000000;____;06;014;052;040;012;014;046;0425538902;;;;;;;;;;;;;;;;;;;;;;;;;;;;;;;;;;;;;;;;;;;;;;;;;;
18:04:53;17;33;9999;071;149;11;111111111111000000000000;000000000000000000000000;11101000;000;_;e;10;000010000001000000000000;____;12;-18;046;004;-19;-18;007;0425538903;;;;;;;;;;;;;;;;;;;;;;;;;;;;;;;;;;;;;;;;;;;;;;;;;;
18:04:55;17;34;9999;066;149;11;111111111111000000000000;000000000000000000000000;11101000;000;_;e;10;110000001000000000000000;____;01;011;097;007;003;016;029;0316111127;;;;;;;;;;;;;;;;;;;;;;;;;;;;;;;;;;;;;;;;;;;;;;;;;;
18:05:08;17;35;9999;079;999;11;111111111111000000000000;000000000000000000000000;11101000;000;_;e;10;000000001000000000000000;____;09;029;043;041;029;029;004;0316111126;;;;;;;;;;;;;;;;;;;;;;;;;;;;;;;;;;;;;;;;;;;;;;;;;;
18:05:10;17;36;9999;078;227;11;111111111111000000000000;000000000000000000000000;11101000;000;_;e;10;101011001100000000000000;____;05;011;054;040;011;039;044;0316111124;;;;;;;;;;;;;;;;;;;;;;;;;;;;;;;;;;;;;;;;;;;;;;;;;;
18:05:13;17;37;9999;079;152;11;111111111111000000000000;000000000000000000000000;11101000;000;_;e;10;000111001100000000000000;____;06;016;062;037;008;017;091;0425538905;;;;;;;;;;;;;;;;;;;;;;;;;;;;;;;;;;;;;;;;;;;;;;;;;;
18:05:15;17;38;9999;086;155;11;111111111111000000000000;000000000000000000000000;11101000;000;_;e;10;110000000000000000000000;____;02;029;095;005;029;033;042;0425538904;;;;;;;;;;;;;;;;;;;;;;;;;;;;;;;;;;;;;;;;;;;;;;;;;;
18:05:17;17;39;9999;054;138;11;111111111111000000000000;000000000000000000000000;11101000;000;_;e;10;100110000000000000000000;____;05;035;066;013;-02;036;020;0425539003;;;;;;;;;;;;;;;;;;;;;;;;;;;;;;;;;;;;;;;;;;;;;;;;;;
18:05:24;17;40;9999;055;721;11;111111111111000000000000;000000000000000000000000;11101000;000;_;e;10;000111001100000000000000;____;05;005;036;031;-15;006;083;0425538906;;;;;;;;;;;;;;;;;;;;;;;;;;;;;;;;;;;;;;;;;;;;;;;;;;
18:05:30;17;41;9999;076;652;11;111111111111000000000000;000000000000000000000000;11101000;000;_;e;10;000111001000000000000000;____;09;038;061;028;013;040;066;0425538907;;;;;;;;;;;;;;;;;;;;;;;;;;;;;;;;;;;;;;;;;;;;;;;;;;
18:05:33;17;42;9999;053;237;11;111111111111000000000000;000000000000000000000000;11101000;000;_;e;10;000111001100000000000000;____;06;010;074;031;-10;017;039;0425538908;;;;;;;;;;;;;;;;;;;;;;;;;;;;;;;;;;;;;;;;;;;;;;;;;;
18:05:36;17;43;9999;062;194;11;111111111111000000000000;000000000000000000000000;11101000;000;_;e;10;000111100000000000000000;____;06;006;041;021;003;018;050;0425538909;;;;;;;;;;;;;;;;;;;;;;;;;;;;;;;;;;;;;;;;;;;;;;;;;;
18:05:38;17;44;9999;060;168;11;111111111111000000000000;000000000000000000000000;11101000;000;_;e;10;000111001000000000000000;____;05;011;047;034;010;013;070;0425537100;;;;;;;;;;;;;;;;;;;;;;;;;;;;;;;;;;;;;;;;;;;;;;;;;;
18:05:40;17;45;9999;081;178;11;111111111111000000000000;000000000000000000000000;11101000;000;_;e;10;000111001000000000000000;____;09;018;037;035;014;022;069;0425537101;;;;;;;;;;;;;;;;;;;;;;;;;;;;;;;;;;;;;;;;;;;;;;;;;;
20:04:27;17;46;9999;077;999;11;111111111111000000000000;000000000000000000000000;11101000;000;_;e;10;000101001100000000000000;____;06;013;068;023;008;014;061;0425537400;;;;;;;;;;;;;;;;;;;;;;;;;;;;;;;;;;;;;;;;;;;;;;;;;;
20:04:29;17;47;9999;087;150;11;111111111111000000000000;000000000000000000000000;11101000;000;_;e;10;000000110000000000000000;____;07;010;034;005;006;013;019;0555715805;;;;;;;;;;;;;;;;;;;;;;;;;;;;;;;;;;;;;;;;;;;;;;;;;;
20:04:32;17;48;9999;076;164;11;111111111111000000000000;000000000000000000000000;11101000;000;_;e;10;110000000000000000000000;____;01;018;099;007;-15;019;037;0425540000;;;;;;;;;;;;;;;;;;;;;;;;;;;;;;;;;;;;;;;;;;;;;;;;;;
20:04:35;17;49;9999;068;340;11;111111111111000000000000;000000000000000000000000;11101000;000;_;e;10;000111001000000000000000;____;05;017;039;035;014;024;034;0425540002;;;;;;;;;;;;;;;;;;;;;;;;;;;;;;;;;;;;;;;;;;;;;;;;;;
20:04:39;17;50;9999;072;150;07;111111111111000000000000;000000000000000000000000;11101000;000;_;e;10;000001001100000000000000;____;09;032;075;004;013;032;045;0425540003;;;;;;;;;;;;;;;;;;;;;;;;;;;;;;;;;;;;;;;;;;;;;;;;;;
20:04:42;17;51;9999;074;161;01;111111111111000000000000;000000000000000000000000;11101000;000;_;e;10;000111001100000000000000;____;04;005;057;035;002;023;067;0425540005;;;;;;;;;;;;;;;;;;;;;;;;;;;;;;;;;;;;;;;;;;;;;;;;;;
20:04:44;17;52;9999;078;153;11;111111111111000000000000;000000000000000000000000;11101000;000;_;e;10;110110000000000000000000;____;01;016;081;020;-05;016;041;0425540007;;;;;;;;;;;;;;;;;;;;;;;;;;;;;;;;;;;;;;;;;;;;;;;;;;
20:04:47;17;53;9999;050;178;11;111111111111000000000000;000000000000000000000000;11101000;000;_;e;10;000000000100000000000000;____;10;015;082;003;015;015;002;0216063602;;;;;;;;;;;;;;;;;;;;;;;;;;;;;;;;;;;;;;;;;;;;;;;;;;
20:04:55;17;54;9999;075;805;11;111111111111000000000000;000000000000000000000000;11101000;000;_;e;10;100101001101000000000000;____;09;049;064;009;021;049;055;0425540004;;;;;;;;;;;;;;;;;;;;;;;;;;;;;;;;;;;;;;;;;;;;;;;;;;
20:04:57;17;55;9999;075;153;11;111111111111000000000000;000000000000000000000000;11101000;000;_;e;10;110100000000000000000000;____;02;000;088;003;000;029;040;0425540006;;;;;;;;;;;;;;;;;;;;;;;;;;;;;;;;;;;;;;;;;;;;;;;;;;
20:05:00;17;56;9999;074;142;07;111111111111000000000000;000000000000000000000000;11101000;000;_;e;10;110000000000000000000000;____;02;-02;087;007;-02;003;041;0425540008;;;;;;;;;;;;;;;;;;;;;;;;;;;;;;;;;;;;;;;;;;;;;;;;;;
20:05:02;17;57;9999;044;161;11;111111111111000000000000;000000000000000000000000;11101000;000;_;e;10;000001101000000000000000;____;06;009;041;025;-13;011;057;0425540009;;;;;;;;;;;;;;;;;;;;;;;;;;;;;;;;;;;;;;;;;;;;;;;;;;
20:05:28;17;58;9999;070;999;11;111111111111000000000000;000000000000000000000000;11101000;000;_;e;10;000111000000000000000000;____;04;008;049;036;004;009;066;0425540010;;;;;;;;;;;;;;;;;;;;;;;;;;;;;;;;;;;;;;;;;;;;;;;;;;
20:05:31;17;59;9999;054;180;11;111111111111000000000000;000000000000000000000000;11101000;000;_;e;10;010000000000000000000000;____;02;-03;090;016;-03;-01;006;3999018573;;;;;;;;;;;;;;;;;;;;;;;;;;;;;;;;;;;;;;;;;;;;;;;;;;
20:05:34;17;60;9999;064;266;11;111111111111000000000000;000000000000000000000000;11101000;000;_;e;10;000010100010000000000000;____;11;-19;036;004;-20;-15;017;0425540012;;;;;;;;;;;;;;;;;;;;;;;;;;;;;;;;;;;;;;;;;;;;;;;;;;
20:05:36;17;61;9999;081;156;11;111111111111000000000000;000000000000000000000000;11101000;000;_;e;10;100000000000000000000000;____;01;005;079;024;004;007;008;0425540013;;;;;;;;;;;;;;;;;;;;;;;;;;;;;;;;;;;;;;;;;;;;;;;;;;
20:05:39;17;62;9999;061;152;07;111111111111000000000000;000000000000000000000000;11101000;000;_;e;10;000010001000000000000000;____;09;030;045;005;030;036;017;0425540016;;;;;;;;;;;;;;;;;;;;;;;;;;;;;;;;;;;;;;;;;;;;;;;;;;
20:05:41;17;63;9999;069;183;11;111111111111000000000000;000000000000000000000000;11101000;000;_;e;10;100100000001000000000000;____;04;-04;096;011;-09;018;039;0425540017;;;;;;;;;;;;;;;;;;;;;;;;;;;;;;;;;;;;;;;;;;;;;;;;;;
20:05:43;17;64;9999;058;155;11;111111111111000000000000;000000000000000000000000;11101000;000;_;e;10;000000000001000000000000;____;12;-19;061;004;-19;-19;022;0425540015;;;;;;;;;;;;;;;;;;;;;;;;;;;;;;;;;;;;;;;;;;;;;;;;;;
20:05:48;17;65;9999;058;184;00;111111111111000000000000;000000000000000000000000;11101000;000;_;e;10;110001000001000000000000;____;01;028;080;010;013;028;017;0425540018;;;;;;;;;;;;;;;;;;;;;;;;;;;;;;;;;;;;;;;;;;;;;;;;;;
20:05:50;17;66;9999;058;232;11;111111111111000000000000;000000000000000000000000;11101000;000;_;e;10;000011000000000000000000;____;06;005;025;029;003;007;016;0425540019;;;;;;;;;;;;;;;;;;;;;;;;;;;;;;;;;;;;;;;;;;;;;;;;;;
20:05:52;17;67;9999;054;144;11;111111111111000000000000;000000000000000000000000;11101000;000;_;e;10;110100001001000000000000;____;04;-18;082;012;-20;-05;027;0425540020;;;;;;;;;;;;;;;;;;;;;;;;;;;;;;;;;;;;;;;;;;;;;;;;;;
21:03:57;17;68;9999;068;999;11;111111111111000000000000;000000000000000000000000;11101000;000;_;e;10;000100000000000000000000;____;04;-11;069;012;-11;-11;003;0425535300;;;;;;;;;;;;;;;;;;;;;;;;;;;;;;;;;;;;;;;;;;;;;;;;;;
21:03:59;17;69;9999;051;150;11;111111111111000000000000;000000000000000000000000;11101000;000;_;e;10;000110001000000000000000;____;09;017;040;026;013;019;070;0555401427;;;;;;;;;;;;;;;;;;;;;;;;;;;;;;;;;;;;;;;;;;;;;;;;;;
21:04:02;17;70;9999;049;159;04;111111111111000000000000;000000000000000000000000;11101000;000;_;e;10;001001000000000000000000;____;03;-02;050;030;-02;-01;007;0425527138;;;;;;;;;;;;;;;;;;;;;;;;;;;;;;;;;;;;;;;;;;;;;;;;;;
21:04:04;17;71;9999;062;193;11;111111111111000000000000;000000000000000000000000;11101000;000;_;e;10;000111001100000000000000;____;05;-05;057;033;-09;013;060;0555682508;;;;;;;;;;;;;;;;;;;;;;;;;;;;;;;;;;;;;;;;;;;;;;;;;;
21:04:06;17;72;9999;055;162;11;111111111111000000000000;000000000000000000000000;11101000;000;_;e;10;100100000000000000000000;____;04;-18;057;000;-19;-14;026;0425503392;;;;;;;;;;;;;;;;;;;;;;;;;;;;;;;;;;;;;;;;;;;;;;;;;;
21:04:11;17;73;9999;080;186;00;111111111111000000000000;000000000000000000000000;11101000;000;_;e;10;100000001000000000000000;____;09;052;063;014;050;057;010;0425537800;;;;;;;;;;;;;;;;;;;;;;;;;;;;;;;;;;;;;;;;;;;;;;;;;;
21:04:14;17;74;9999;063;235;11;111111111111000000000000;000000000000000000000000;11101000;000;_;e;10;100100000000000000000000;____;04;013;063;-01;013;014;036;0425430671;;;;;;;;;;;;;;;;;;;;;;;;;;;;;;;;;;;;;;;;;;;;;;;;;;
21:04:16;17;75;9999;083;170;11;111111111111000000000000;000000000000000000000000;11010000;000;_;;;;;;;;;;;;;;;;;;;;;;;;;;;;;;;;;;;;;;;;;;;;;;;;;;;;;;;;;;;;;;
21:04:17;17;76;9999;055;105;11;111111111111000000000000;000000000000000000000000;11010000;000;_;;;;;;;;;;;;;;;;;;;;;;;;;;;;;;;;;;;;;;;;;;;;;;;;;;;;;;;;;;;;;;
21:04:20;17;77;9999;078;174;11;111111111111000000000000;000000000000000000000000;11101000;000;_;e;10;000111001100000000000000;____;09;028;047;034;024;034;030;0425536287;;;;;;;;;;;;;;;;;;;;;;;;;;;;;;;;;;;;;;;;;;;;;;;;;;
21:04:23;17;78;9999;063;146;03;111111111111000000000000;000000000000000000000000;11101000;000;_;e;10;000011100010000000000000;____;06;028;014;008;015;037;052;0425539116;;;;;;;;;;;;;;;;;;;;;;;;;;;;;;;;;;;;;;;;;;;;;;;;;;
21:04:28;17;79;9999;079;190;00;111111111111000000000000;000000000000000000000000;11101000;000;_;e;10;000001001000000000000000;____;06;017;054;026;017;019;061;0425536288;;;;;;;;;;;;;;;;;;;;;;;;;;;;;;;;;;;;;;;;;;;;;;;;;;
21:04:30;17;80;9999;049;158;11;111111111111000000000000;000000000000000000000000;11101000;000;_;e;10;000010111010000000000000;____;05;028;010;005;-08;028;054;0425536289;;;;;;;;;;;;;;;;;;;;;;;;;;;;;;;;;;;;;;;;;;;;;;;;;;
21:04:31;17;81;9999;074;032;11;111111111111000000000000;000000000000000000000000;11101000;000;_;e;10;000001000010000000000000;____;11;039;020;004;020;039;012;0425536290;;;;;;;;;;;;;;;;;;;;;;;;;;;;;;;;;;;;;;;;;;;;;;;;;;
21:04:34;17;82;9999;043;149;02;111111111111000000000000;000000000000000000000000;11101000;000;_;e;10;000111001000000000000000;____;06;009;038;024;009;014;046;0425539117;;;;;;;;;;;;;;;;;;;;;;;;;;;;;;;;;;;;;;;;;;;;;;;;;;
21:04:36;17;83;9999;052;149;11;111111111111000000000000;000000000000000000000000;11101000;000;_;e;10;000001100000000000000000;____;06;035;038;008;006;035;008;0425535601;;;;;;;;;;;;;;;;;;;;;;;;;;;;;;;;;;;;;;;;;;;;;;;;;;
21:04:41;17;84;9999;084;354;11;111111111111000000000000;000000000000000000000000;11101000;000;_;e;10;101100001001000000000000;____;01;042;063;011;038;045;069;0425536291;;;;;;;;;;;;;;;;;;;;;;;;;;;;;;;;;;;;;;;;;;;;;;;;;;
21:04:45;17;85;9999;080;336;11;111111111111000000000000;000000000000000000000000;11101000;000;_;e;10;100101000100000000000000;____;06;009;040;032;009;014;046;0425535602;;;;;;;;;;;;;;;;;;;;;;;;;;;;;;;;;;;;;;;;;;;;;;;;;;
21:04:48;17;86;9999;065;234;11;111111111111000000000000;000000000000000000000000;11101000;000;_;e;10;000011110010000000000000;____;06;-04;014;000;-05;006;079;0425531189;;;;;;;;;;;;;;;;;;;;;;;;;;;;;;;;;;;;;;;;;;;;;;;;;;
21:04:50;17;87;9999;063;159;11;111111111111000000000000;000000000000000000000000;11101000;000;_;e;10;000000101100000000000000;____;07;024;012;019;-19;025;030;0425539118;;;;;;;;;;;;;;;;;;;;;;;;;;;;;;;;;;;;;;;;;;;;;;;;;;
21:04:53;17;88;9999;067;166;02;111111111111000000000000;000000000000000000000000;11101000;000;_;e;10;000001000000000000000000;____;06;001;031;027;001;001;005;0425531191;;;;;;;;;;;;;;;;;;;;;;;;;;;;;;;;;;;;;;;;;;;;;;;;;;
21:04:56;17;89;9999;056;181;11;111111111111000000000000;000000000000000000000000;11010000;000;_;;;;;;;;;;;;;;;;;;;;;;;;;;;;;;;;;;;;;;;;;;;;;;;;;;;;;;;;;;;;;;
21:04:58;17;90;9999;065;150;11;111111111111000000000000;000000000000000000000000;11101000;000;_;e;10;110101001000000000000000;____;04;011;060;004;008;012;058;0425536292;;;;;;;;;;;;;;;;;;;;;;;;;;;;;;;;;;;;;;;;;;;;;;;;;;
21:05:02;17;91;9999;052;194;00;111111111111000000000000;000000000000000000000000;11101000;000;_;e;10;000100001000000000000000;____;09;005;066;032;003;007;082;0425539119;;;;;;;;;;;;;;;;;;;;;;;;;;;;;;;;;;;;;;;;;;;;;;;;;;
21:05:05;17;92;9999;055;241;11;111111111111000000000000;000000000000000000000000;11101000;000;_;e;10;000000110000000000000000;____;07;-11;001;006;-12;-11;016;0425539120;;;;;;;;;;;;;;;;;;;;;;;;;;;;;;;;;;;;;;;;;;;;;;;;;;
21:05:07;17;93;9999;076;179;11;111111111111000000000000;000000000000000000000000;11001000;000;_;e;10;000111001111000000000000;____;04;023;036;034;018;024;054;0425531195;018;042;004;008;022;022;0050120044;;;;;;;;;;;;;;;;;;;;;;;;;;;;;;;;;;;;;;;;;;;
21:05:09;17;94;9999;060;105;11;111111111111000000000000;000000000000000000000000;11101000;000;_;e;10;000000000011000000000000;____;12;-14;046;004;-14;-12;021;0425531190;;;;;;;;;;;;;;;;;;;;;;;;;;;;;;;;;;;;;;;;;;;;;;;;;;
21:05:11;17;95;9999;066;140;11;111111111111000000000000;000000000000000000000000;11101000;000;_;e;10;100000000010000000000000;____;11;019;015;004;018;035;024;0425539121;;;;;;;;;;;;;;;;;;;;;;;;;;;;;;;;;;;;;;;;;;;;;;;;;;
21:05:14;17;96;9999;061;151;00;111111111111000000000000;000000000000000000000000;11101000;000;_;e;10;000110000100000000000000;____;10;-07;050;000;-07;004;018;0425531194;;;;;;;;;;;;;;;;;;;;;;;;;;;;;;;;;;;;;;;;;;;;;;;;;;
21:05:17;17;97;9999;063;182;09;111111111111000000000000;000000000000000000000000;11101000;000;_;e;10;000111111010000000000000;____;06;015;036;007;014;020;114;0425531196;;;;;;;;;;;;;;;;;;;;;;;;;;;;;;;;;;;;;;;;;;;;;;;;;;
21:05:20;17;98;9999;071;177;11;111111111111000000000000;000000000000000000000000;11101000;000;_;e;10;100000001100000000000000;____;01;010;050;018;-10;010;008;0425536293;;;;;;;;;;;;;;;;;;;;;;;;;;;;;;;;;;;;;;;;;;;;;;;;;;
21:05:21;17;99;9999;039;109;11;111111111111000000000000;000000000000000000000000;11101000;000;_;e;10;000010100010000000000000;____;11;001;004;004;-06;003;014;0425539123;;;;;;;;;;;;;;;;;;;;;;;;;;;;;;;;;;;;;;;;;;;;;;;;;;
21:05:26;17;01;9999;072;270;11;111111111111000000000000;000000000000000000000000;11101000;000;_;e;10;000011000000000000000000;____;06;013;035;027;013;015;011;0425531193;;;;;;;;;;;;;;;;;;;;;;;;;;;;;;;;;;;;;;;;;;;;;;;;;;
21:05:30;17;02;9999;053;361;11;111111111111000000000000;000000000000000000000000;11010000;000;_;;;;;;;;;;;;;;;;;;;;;;;;;;;;;;;;;;;;;;;;;;;;;;;;;;;;;;;;;;;;;;
21:05:33;17;03;9999;058;228;11;111111111111000000000000;000000000000000000000000;11101000;000;_;e;10;000000001001000000000000;____;09;028;047;007;024;028;028;0425539125;;;;;;;;;;;;;;;;;;;;;;;;;;;;;;;;;;;;;;;;;;;;;;;;;;
21:05:35;17;04;9999;055;172;11;111111111111000000000000;000000000000000000000000;11101000;000;_;e;10;000110001010000000000000;____;09;030;041;006;019;031;051;0425536294;;;;;;;;;;;;;;;;;;;;;;;;;;;;;;;;;;;;;;;;;;;;;;;;;;
21:05:37;17;05;9999;066;153;11;111111111111000000000000;000000000000000000000000;11101000;000;_;e;10;000111000100000000000000;____;04;006;041;032;002;009;065;0425539126;;;;;;;;;;;;;;;;;;;;;;;;;;;;;;;;;;;;;;;;;;;;;;;;;;
21:05:40;17;06;9999;080;163;03;111111111111000000000000;000000000000000000000000;11010000;000;_;;;;;;;;;;;;;;;;;;;;;;;;;;;;;;;;;;;;;;;;;;;;;;;;;;;;;;;;;;;;;;
21:05:42;17;07;9999;071;149;11;111111111111000000000000;000000000000000000000000;11101000;000;_;e;10;100000001001000000000000;____;01;024;058;007;020;071;048;0425536296;;;;;;;;;;;;;;;;;;;;;;;;;;;;;;;;;;;;;;;;;;;;;;;;;;
21:05:47;17;08;9999;044;153;01;111111111111000000000000;000000000000000000000000;11101000;000;_;e;10;000000000100000000000000;____;10;014;025;002;014;014;003;0425536295;;;;;;;;;;;;;;;;;;;;;;;;;;;;;;;;;;;;;;;;;;;;;;;;;;
21:05:49;17;09;9999;057;249;11;111111111111000000000000;000000000000000000000000;11101000;000;_;e;10;000011110000000000000000;____;08;-04;004;012;-07;-01;026;0425539128;;;;;;;;;;;;;;;;;;;;;;;;;;;;;;;;;;;;;;;;;;;;;;;;;;
21:05:51;17;10;9999;053;161;11;111111111111000000000000;000000000000000000000000;11101000;000;_;e;10;000000110010000000000000;____;07;-03;003;005;-04;006;048;0425531198;;;;;;;;;;;;;;;;;;;;;;;;;;;;;;;;;;;;;;;;;;;;;;;;;;
21:05:53;17;11;9999;048;156;11;111111111111000000000000;000000000000000000000000;11101000;000;_;e;10;001111001100000000000000;____;04;010;046;024;006;012;072;0425531199;;;;;;;;;;;;;;;;;;;;;;;;;;;;;;;;;;;;;;;;;;;;;;;;;;
21:05:56;17;12;9999;078;230;11;111111111111000000000000;000000000000000000000000;11101000;000;_;e;10;100100000000000000000000;____;01;011;057;028;007;013;046;0425540801;;;;;;;;;;;;;;;;;;;;;;;;;;;;;;;;;;;;;;;;;;;;;;;;;;
21:05:58;17;13;9999;048;151;11;111111111111000000000000;000000000000000000000000;11101000;000;_;e;10;000011001000000000000000;____;06;-10;042;037;-12;016;059;0425536297;;;;;;;;;;;;;;;;;;;;;;;;;;;;;;;;;;;;;;;;;;;;;;;;;;
21:06:38;17;14;9999;082;999;11;111111111111000000000000;000000000000000000000000;11101000;000;_;e;10;110100000000000000000000;____;01;014;078;016;009;015;044;0425539124;;;;;;;;;;;;;;;;;;;;;;;;;;;;;;;;;;;;;;;;;;;;;;;;;;
21:06:40;17;15;9999;080;147;11;111111111111000000000000;000000000000000000000000;11101000;000;_;e;10;000011001000000000000000;____;06;013;024;027;013;030;049;0425540803;;;;;;;;;;;;;;;;;;;;;;;;;;;;;;;;;;;;;;;;;;;;;;;;;;
21:34:17;17;16;9999;083;999;11;111111111111000000000000;000000000000000000000000;11101000;000;_;e;10;000100000000000000000000;____;04;002;063;014;002;003;020;0555297682;;;;;;;;;;;;;;;;;;;;;;;;;;;;;;;;;;;;;;;;;;;;;;;;;;
21:34:19;17;17;9999;081;159;11;111111111111000000000000;000000000000000000000000;11010000;000;_;;;;;;;;;;;;;;;;;;;;;;;;;;;;;;;;;;;;;;;;;;;;;;;;;;;;;;;;;;;;;;
21:34:22;17;18;9999;081;158;02;111111111111000000000000;000000000000000000000000;11101000;000;_;e;10;000111001100000000000000;____;05;031;053;032;027;037;109;0425487816;;;;;;;;;;;;;;;;;;;;;;;;;;;;;;;;;;;;;;;;;;;;;;;;;;
21:34:24;17;19;9999;082;148;11;111111111111000000000000;000000000000000000000000;11101000;000;_;e;10;000101001100000000000000;____;04;-05;047;028;-07;-01;029;0425513750;;;;;;;;;;;;;;;;;;;;;;;;;;;;;;;;;;;;;;;;;;;;;;;;;;
21:34:27;17;20;9999;079;153;06;111111111111000000000000;000000000000000000000000;11101000;000;_;e;10;000111001000000000000000;____;05;017;060;042;013;020;048;0425503732;;;;;;;;;;;;;;;;;;;;;;;;;;;;;;;;;;;;;;;;;;;;;;;;;;
21:34:30;17;21;9999;045;181;11;111111111111000000000000;000000000000000000000000;11101000;000;_;e;10;000000100000000000000000;____;07;-03;001;021;-03;-01;005;0425503731;;;;;;;;;;;;;;;;;;;;;;;;;;;;;;;;;;;;;;;;;;;;;;;;;;
21:34:32;17;22;9999;065;235;11;111111111111000000000000;000000000000000000000000;11101000;000;_;e;10;000101001011000000000000;____;09;040;055;010;017;040;031;0425536921;;;;;;;;;;;;;;;;;;;;;;;;;;;;;;;;;;;;;;;;;;;;;;;;;;
21:34:36;17;23;9999;082;186;09;111111111111000000000000;000000000000000000000000;11101000;000;_;e;10;000100000000000000000000;____;04;014;076;030;014;015;038;0425536920;;;;;;;;;;;;;;;;;;;;;;;;;;;;;;;;;;;;;;;;;;;;;;;;;;
21:34:38;17;24;9999;073;158;11;111111111111000000000000;000000000000000000000000;11010000;000;_;;;;;;;;;;;;;;;;;;;;;;;;;;;;;;;;;;;;;;;;;;;;;;;;;;;;;;;;;;;;;;
21:34:41;17;25;9999;076;161;02;111111111111000000000000;000000000000000000000000;11101000;000;_;e;10;111111001100000000000000;____;04;-07;050;015;-09;021;077;0425536924;;;;;;;;;;;;;;;;;;;;;;;;;;;;;;;;;;;;;;;;;;;;;;;;;;
21:34:44;17;26;9999;075;179;11;111111111111000000000000;000000000000000000000000;11101000;000;_;e;10;000110000100000000000000;____;04;-10;064;027;-11;-08;009;0425536923;;;;;;;;;;;;;;;;;;;;;;;;;;;;;;;;;;;;;;;;;;;;;;;;;;
21:34:46;17;27;9999;044;244;11;111111111111000000000000;000000000000000000000000;11101000;000;_;e;10;000000111100000000000000;____;07;-10;024;008;-10;011;033;0425536926;;;;;;;;;;;;;;;;;;;;;;;;;;;;;;;;;;;;;;;;;;;;;;;;;;
21:34:49;17;28;9999;080;209;11;111111111111000000000000;000000000000000000000000;11101000;000;_;e;10;100111001000000000000000;____;09;-10;054;022;-11;-03;054;0425536928;;;;;;;;;;;;;;;;;;;;;;;;;;;;;;;;;;;;;;;;;;;;;;;;;;
21:34:51;17;29;9999;064;139;11;111111111111000000000000;000000000000000000000000;11101000;000;_;e;10;110100000000000000000000;____;01;034;090;019;012;034;036;0425536929;;;;;;;;;;;;;;;;;;;;;;;;;;;;;;;;;;;;;;;;;;;;;;;;;;
21:34:55;17;30;9999;082;271;01;111111111111000000000000;000000000000000000000000;11101000;000;_;e;10;001111000000000000000000;____;06;013;048;033;013;027;046;0425536927;;;;;;;;;;;;;;;;;;;;;;;;;;;;;;;;;;;;;;;;;;;;;;;;;;
21:34:57;17;31;9999;081;164;11;111111111111000000000000;000000000000000000000000;11101000;000;_;e;10;001010000100000000000000;____;05;009;049;047;008;018;023;0425536930;;;;;;;;;;;;;;;;;;;;;;;;;;;;;;;;;;;;;;;;;;;;;;;;;;
21:35:00;17;32;9999;044;166;11;111111111111000000000000;000000000000000000000000;11101000;000;_;e;10;001111001100000000000000;____;09;000;042;025;-07;001;125;0425536931;;;;;;;;;;;;;;;;;;;;;;;;;;;;;;;;;;;;;;;;;;;;;;;;;;
21:35:02;17;33;9999;063;181;11;111111111111000000000000;000000000000000000000000;11101000;000;_;e;10;000000000001000000000000;____;12;-18;079;004;-18;-18;008;0425536925;;;;;;;;;;;;;;;;;;;;;;;;;;;;;;;;;;;;;;;;;;;;;;;;;;
21:35:04;17;34;9999;045;239;11;111111111111000000000000;000000000000000000000000;11101000;000;_;e;10;000100000000000000000000;____;04;-06;059;024;-06;-06;004;0425536932;;;;;;;;;;;;;;;;;;;;;;;;;;;;;;;;;;;;;;;;;;;;;;;;;;
21:35:07;17;35;9999;077;178;11;111111111111000000000000;000000000000000000000000;11101000;000;_;e;10;000011001110000000000000;____;06;-14;013;013;-14;026;065;0425536934;;;;;;;;;;;;;;;;;;;;;;;;;;;;;;;;;;;;;;;;;;;;;;;;;;
21:35:10;17;36;9999;073;131;00;111111111111000000000000;000000000000000000000000;11101000;000;_;e;10;000011001000000000000000;____;09;-11;059;005;-11;-04;028;0425536933;;;;;;;;;;;;;;;;;;;;;;;;;;;;;;;;;;;;;;;;;;;;;;;;;;
21:35:13;17;37;9999;081;163;11;111111111111000000000000;000000000000000000000000;11101000;000;_;e;10;000010101000000000000000;____;09;006;029;017;004;007;026;0425536935;;;;;;;;;;;;;;;;;;;;;;;;;;;;;;;;;;;;;;;;;;;;;;;;;;
21:35:48;17;38;9999;049;999;11;111111111111000000000000;000000000000000000000000;11101000;000;_;e;10;000011001000000000000000;____;09;-09;037;042;-12;000;075;0425536936;;;;;;;;;;;;;;;;;;;;;;;;;;;;;;;;;;;;;;;;;;;;;;;;;;
21:35:50;17;39;9999;071;231;11;111111111111000000000000;000000000000000000000000;11101000;000;_;e;10;000110001000000000000000;____;09;038;037;010;038;043;070;0425528892;;;;;;;;;;;;;;;;;;;;;;;;;;;;;;;;;;;;;;;;;;;;;;;;;;
21:35:53;17;40;9999;051;203;11;111111111111000000000000;000000000000000000000000;11101000;000;_;e;10;000111001000000000000000;____;09;-01;066;033;-08;001;113;0425536938;;;;;;;;;;;;;;;;;;;;;;;;;;;;;;;;;;;;;;;;;;;;;;;;;;
21:35:55;17;41;9999;080;174;11;111111111111000000000000;000000000000000000000000;11101000;000;_;e;10;000011001100000000000000;____;06;011;037;039;-03;011;042;0425536937;;;;;;;;;;;;;;;;;;;;;;;;;;;;;;;;;;;;;;;;;;;;;;;;;;
21:35:57;17;42;9999;076;149;11;111111111111000000000000;000000000000000000000000;11101000;000;_;e;10;110100000000000000000000;____;04;002;061;017;001;007;043;0425536940;;;;;;;;;;;;;;;;;;;;;;;;;;;;;;;;;;;;;;;;;;;;;;;;;;
21:36:10;17;43;9999;074;999;11;111111111111000000000000;000000000000000000000000;11101000;000;_;e;10;000001110000000000000000;____;06;007;011;035;003;008;020;0425536939;;;;;;;;;;;;;;;;;;;;;;;;;;;;;;;;;;;;;;;;;;;;;;;;;;
21:36:13;17;44;9999;060;242;11;111111111111000000000000;000000000000000000000000;11101000;000;_;e;10;000000100000000000000000;____;07;-01;013;008;-01;-01;002;0425528895;;;;;;;;;;;;;;;;;;;;;;;;;;;;;;;;;;;;;;;;;;;;;;;;;;
21:36:16;17;45;9999;069;236;11;111111111111000000000000;000000000000000000000000;11101000;000;_;e;10;000000000001000000000000;____;12;-20;048;004;-20;-20;006;0425528896;;;;;;;;;;;;;;;;;;;;;;;;;;;;;;;;;;;;;;;;;;;;;;;;;;
21:36:18;17;46;9999;057;198;11;111111111111000000000000;000000000000000000000000;11101000;000;_;e;10;000000000100000000000000;____;10;005;072;002;005;005;004;0425528897;;;;;;;;;;;;;;;;;;;;;;;;;;;;;;;;;;;;;;;;;;;;;;;;;;
21:36:20;17;47;9999;074;155;11;111111111111000000000000;000000000000000000000000;11101000;000;_;e;10;000111001000000000000000;____;09;031;066;011;010;031;031;0425539710;;;;;;;;;;;;;;;;;;;;;;;;;;;;;;;;;;;;;;;;;;;;;;;;;;
21:36:24;17;48;9999;071;186;02;111111111111000000000000;000000000000000000000000;11101000;000;_;e;10;000010000000000000000000;____;05;-01;074;021;-01;-01;003;0425539712;;;;;;;;;;;;;;;;;;;;;;;;;;;;;;;;;;;;;;;;;;;;;;;;;;
21:36:26;17;49;9999;081;154;11;111111111111000000000000;000000000000000000000000;11101000;000;_;e;10;001101101100000000000000;____;06;-04;056;049;-20;038;078;0425528893;;;;;;;;;;;;;;;;;;;;;;;;;;;;;;;;;;;;;;;;;;;;;;;;;;
21:36:29;17;50;9999;079;170;03;111111111111000000000000;000000000000000000000000;11101000;000;_;e;10;000111001100000000000000;____;09;028;059;033;022;031;079;0425528899;;;;;;;;;;;;;;;;;;;;;;;;;;;;;;;;;;;;;;;;;;;;;;;;;;
21:36:31;17;51;9999;073;163;11;111111111111000000000000;000000000000000000000000;11101000;000;_;e;10;111101001100000000000000;____;02;013;101;027;008;032;111;0425539711;;;;;;;;;;;;;;;;;;;;;;;;;;;;;;;;;;;;;;;;;;;;;;;;;;
21:36:36;17;52;9999;043;254;11;111111111111000000000000;000000000000000000000000;11101000;000;_;e;10;000010010000000000000000;____;05;000;063;025;-09;000;006;0425528898;;;;;;;;;;;;;;;;;;;;;;;;;;;;;;;;;;;;;;;;;;;;;;;;;;
22:17:15;17;53;9999;074;999;11;111111111111000000000000;000000000000000000000000;11101000;000;_;e;10;110100001000000000000000;____;01;033;082;009;028;042;038;0425539714;;;;;;;;;;;;;;;;;;;;;;;;;;;;;;;;;;;;;;;;;;;;;;;;;;
