RDT400 Server V3.30
Site: 
System: Barcode scanner PLC02 (Sick); System type: OPS
Date: 22-12-2024  00:00:14
Date    ;ID;CT;IDX ;TLE;TGA;V ;DEVICE LIST             ;ERROR LIST              ;OUTPUT  ;ENR;R;CODE1 ID;LENGTH;READ LIST;RES;CLV ID;XPOS;YPOS;ZPOS;XMIN;XMAX;CS;CODE CONTENT;XPOS;YPOS;ZPOS;XMIN;XMAX;CS;CODE CONTENT;CODE2 ID;LENGTH;READ LIST;RES;CLV ID;XPOS;YPOS;ZPOS;XMIN;XMAX;CS;CODE CONTENT;XPOS;YPOS;ZPOS;XMIN;XMAX;CS;CODE CONTENT;CODE3 ID;LENGTH;READ LIST;RES;CLV ID;XPOS;YPOS;ZPOS;XMIN;XMAX;CS;CODE CONTENT;XPOS;YPOS;ZPOS;XMIN;XMAX;CS;CODE CONTENT;INFO1;INFO2;CUSTOM1;CUSTOM2;
04:36:22;12;44;9999;060;999;08;111111111111000000000000;000000000000000000000000;11101000;000;_;e;10;001001000101000000000000;____;10;003;082;006;-07;013;109;0425640236;;;;;;;;;;;;;;;;;;;;;;;;;;;;;;;;;;;;;;;;;;;;;;;;;;
04:41:28;12;45;9999;074;999;09;111111111111000000000000;000000000000000000000000;11101000;000;_;e;10;111100000000000000000000;____;03;043;077;022;027;046;060;0425634292;;;;;;;;;;;;;;;;;;;;;;;;;;;;;;;;;;;;;;;;;;;;;;;;;;
04:45:01;12;46;9999;063;999;09;111111111111000000000000;000000000000000000000000;11101000;000;_;e;10;010100001100000000000000;____;10;-01;078;021;-01;017;063;0425640240;;;;;;;;;;;;;;;;;;;;;;;;;;;;;;;;;;;;;;;;;;;;;;;;;;
04:48:35;12;47;9999;078;999;08;111111111111000000000000;000000000000000000000000;11101000;000;_;e;10;000110001010000000000000;____;11;080;051;004;044;084;017;0425641668;;;;;;;;;;;;;;;;;;;;;;;;;;;;;;;;;;;;;;;;;;;;;;;;;;
04:48:56;12;48;9999;061;999;09;111111111111000000000000;000000000000000000000000;11101000;000;_;e;10;001100001100000000000000;____;04;027;071;040;024;029;045;0425641531;;;;;;;;;;;;;;;;;;;;;;;;;;;;;;;;;;;;;;;;;;;;;;;;;;
04:49:30;12;49;9999;072;999;09;111111111111000000000000;000000000000000000000000;11101000;000;_;e;10;101100001001000000000000;____;09;073;067;009;060;075;065;0425641532;;;;;;;;;;;;;;;;;;;;;;;;;;;;;;;;;;;;;;;;;;;;;;;;;;
04:50:17;12;50;9999;075;999;08;111111111111000000000000;000000000000000000000000;11101000;000;_;e;10;001001001000000000000000;____;06;044;099;020;044;049;060;0425641669;;;;;;;;;;;;;;;;;;;;;;;;;;;;;;;;;;;;;;;;;;;;;;;;;;
04:53:42;12;51;9999;075;999;09;111111111111000000000000;000000000000000000000000;11101000;000;_;e;10;111100001100000000000000;____;02;039;093;020;012;043;063;0425641670;;;;;;;;;;;;;;;;;;;;;;;;;;;;;;;;;;;;;;;;;;;;;;;;;;
04:57:49;12;52;9999;075;999;08;111111111111000000000000;000000000000000000000000;11101000;000;_;e;10;001111011100000000000000;____;06;049;049;026;035;055;079;0425640036;;;;;;;;;;;;;;;;;;;;;;;;;;;;;;;;;;;;;;;;;;;;;;;;;;
05:00:11;12;53;9999;075;999;09;111111111111000000000000;000000000000000000000000;11101000;000;_;e;10;110111011000000000000000;____;06;041;076;034;035;043;095;0425596417;;;;;;;;;;;;;;;;;;;;;;;;;;;;;;;;;;;;;;;;;;;;;;;;;;
05:07:06;12;54;9999;076;999;08;111111111111000000000000;000000000000000000000000;11101000;000;_;e;10;000100001101000000000000;____;12;-01;069;004;-01;028;025;0425634297;;;;;;;;;;;;;;;;;;;;;;;;;;;;;;;;;;;;;;;;;;;;;;;;;;
05:07:57;12;55;9999;071;999;09;111111111111000000000000;000000000000000000000000;11101000;000;_;e;10;001111001110000000000000;____;04;051;040;019;045;052;071;0425634298;;;;;;;;;;;;;;;;;;;;;;;;;;;;;;;;;;;;;;;;;;;;;;;;;;
05:09:21;12;56;9999;059;999;09;111111111111000000000000;000000000000000000000000;11101000;000;_;e;10;000000110000000000000000;____;07;033;052;017;032;033;018;0425640039;;;;;;;;;;;;;;;;;;;;;;;;;;;;;;;;;;;;;;;;;;;;;;;;;;
05:13:29;12;57;9999;074;999;09;111111111111000000000000;000000000000000000000000;11101000;000;_;e;10;000011110100000000000000;____;07;043;047;041;030;048;104;0425639786;;;;;;;;;;;;;;;;;;;;;;;;;;;;;;;;;;;;;;;;;;;;;;;;;;
05:13:41;12;58;9999;074;965;09;111111111111000000000000;000000000000000000000000;11101000;000;_;e;10;110000000000000000000000;____;01;039;102;012;019;041;048;0425641676;;;;;;;;;;;;;;;;;;;;;;;;;;;;;;;;;;;;;;;;;;;;;;;;;;
05:40:34;12;59;9999;071;999;09;111111111111000000000000;000000000000000000000000;11101000;000;_;e;10;110100000100000000000000;____;10;-03;079;009;-04;021;071;0425639797;;;;;;;;;;;;;;;;;;;;;;;;;;;;;;;;;;;;;;;;;;;;;;;;;;
05:41:17;12;60;9999;075;999;09;111111111111000000000000;000000000000000000000000;11101000;000;_;e;10;000011111100000000000000;____;07;041;045;029;035;042;061;0425641683;;;;;;;;;;;;;;;;;;;;;;;;;;;;;;;;;;;;;;;;;;;;;;;;;;
05:42:03;12;61;9999;062;999;09;111111111111000000000000;000000000000000000000000;11101000;000;_;e;10;001111000100000000000000;____;10;002;071;022;-02;004;064;0425641687;;;;;;;;;;;;;;;;;;;;;;;;;;;;;;;;;;;;;;;;;;;;;;;;;;
05:44:03;12;62;9999;069;999;08;111111111111000000000000;000000000000000000000000;11101000;000;_;e;10;000000001100000000000000;____;10;021;087;027;021;023;006;0425641688;;;;;;;;;;;;;;;;;;;;;;;;;;;;;;;;;;;;;;;;;;;;;;;;;;
05:45:28;12;63;9999;067;999;09;111111111111000000000000;000000000000000000000000;11101000;000;_;e;10;001111000100000000000000;____;05;028;073;041;028;032;087;0425551122;;;;;;;;;;;;;;;;;;;;;;;;;;;;;;;;;;;;;;;;;;;;;;;;;;
05:46:11;12;64;9999;080;999;08;111111111111000000000000;000000000000000000000000;11101000;000;_;e;10;110010001001000000000000;____;02;035;100;017;023;040;049;0425551123;;;;;;;;;;;;;;;;;;;;;;;;;;;;;;;;;;;;;;;;;;;;;;;;;;
05:46:24;12;65;9999;067;999;09;111111111111000000000000;000000000000000000000000;11101000;000;_;e;10;110000110100000000000000;____;07;-06;086;030;-10;007;075;0425640359;;;;;;;;;;;;;;;;;;;;;;;;;;;;;;;;;;;;;;;;;;;;;;;;;;
05:46:36;12;66;9999;040;951;09;111111111111000000000000;000000000000000000000000;11101000;000;_;e;10;001001110001000000000000;____;07;025;058;014;-03;026;046;0425641548;;;;;;;;;;;;;;;;;;;;;;;;;;;;;;;;;;;;;;;;;;;;;;;;;;
05:49:11;12;67;9999;076;999;09;111111111111000000000000;000000000000000000000000;11101000;000;_;e;10;001110001100000000000000;____;10;052;065;035;050;055;105;0425551124;;;;;;;;;;;;;;;;;;;;;;;;;;;;;;;;;;;;;;;;;;;;;;;;;;
05:49:44;12;68;9999;062;999;09;111111111111000000000000;000000000000000000000000;11101000;000;_;e;10;000000001101000000000000;____;12;001;066;004;000;025;018;0425640250;;;;;;;;;;;;;;;;;;;;;;;;;;;;;;;;;;;;;;;;;;;;;;;;;;
05:51:36;12;69;9999;077;999;09;111111111111000000000000;000000000000000000000000;11101000;000;_;e;10;001111000100000000000000;____;10;069;068;003;063;071;055;0425631523;;;;;;;;;;;;;;;;;;;;;;;;;;;;;;;;;;;;;;;;;;;;;;;;;;
05:51:48;12;70;9999;069;962;09;111111111111000000000000;000000000000000000000000;11101000;000;_;e;10;110010000100000000000000;____;01;029;100;027;-13;042;030;0425641692;;;;;;;;;;;;;;;;;;;;;;;;;;;;;;;;;;;;;;;;;;;;;;;;;;
05:52:51;12;71;9999;052;999;09;111111111111000000000000;000000000000000000000000;11101000;000;_;e;10;111000000001000000000000;____;01;033;103;010;011;035;047;0425640251;;;;;;;;;;;;;;;;;;;;;;;;;;;;;;;;;;;;;;;;;;;;;;;;;;
05:53:23;12;72;9999;052;999;09;111111111111000000000000;000000000000000000000000;11101000;000;_;e;10;000011100100000000000000;____;06;024;054;000;004;029;040;0425641693;;;;;;;;;;;;;;;;;;;;;;;;;;;;;;;;;;;;;;;;;;;;;;;;;;
05:53:53;12;73;9999;072;999;08;111111111111000000000000;000000000000000000000000;11101000;000;_;e;10;000110001100000000000000;____;04;037;078;050;034;040;074;0425640046;;;;;;;;;;;;;;;;;;;;;;;;;;;;;;;;;;;;;;;;;;;;;;;;;;
05:56:04;12;74;9999;071;999;08;111111111111000000000000;000000000000000000000000;11101000;000;_;e;10;110000000000000000000000;____;02;038;100;023;037;040;055;0425596440;;;;;;;;;;;;;;;;;;;;;;;;;;;;;;;;;;;;;;;;;;;;;;;;;;
05:56:46;12;75;9999;054;999;09;111111111111000000000000;000000000000000000000000;11101000;000;_;e;10;000000000100000000000000;____;10;004;082;005;004;004;006;0425641557;;;;;;;;;;;;;;;;;;;;;;;;;;;;;;;;;;;;;;;;;;;;;;;;;;
05:59:47;12;76;9999;072;999;09;111111111111000000000000;000000000000000000000000;11101000;000;_;e;10;000110000100000000000000;____;10;-05;074;013;-05;018;019;0425641560;;;;;;;;;;;;;;;;;;;;;;;;;;;;;;;;;;;;;;;;;;;;;;;;;;
06:00:38;12;77;9999;079;999;09;111111111111000000000000;000000000000000000000000;11101000;000;_;e;10;001111001100000000000000;____;09;047;068;034;008;048;178;0425641561;;;;;;;;;;;;;;;;;;;;;;;;;;;;;;;;;;;;;;;;;;;;;;;;;;
06:00:51;12;78;9999;076;996;09;111111111111000000000000;000000000000000000000000;11101000;000;_;e;10;000110001101000000000000;____;10;-01;069;017;-05;031;111;0425640253;;;;;;;;;;;;;;;;;;;;;;;;;;;;;;;;;;;;;;;;;;;;;;;;;;
06:01:25;12;79;9999;100;999;08;111111111111000000000000;000000000000000000000000;11101000;000;_;e;10;010110001010000000000000;____;09;104;054;018;070;104;024;0425641563;;;;;;;;;;;;;;;;;;;;;;;;;;;;;;;;;;;;;;;;;;;;;;;;;;
06:02:16;12;80;9999;064;999;09;111111111111000000000000;000000000000000000000000;11101000;000;_;e;10;000100100100000000000000;____;10;001;073;024;000;020;058;0425641695;;;;;;;;;;;;;;;;;;;;;;;;;;;;;;;;;;;;;;;;;;;;;;;;;;
06:02:49;12;81;9999;058;999;09;111111111111000000000000;000000000000000000000000;11101000;000;_;e;10;110000000000000000000000;____;02;031;100;008;031;034;054;0425640051;;;;;;;;;;;;;;;;;;;;;;;;;;;;;;;;;;;;;;;;;;;;;;;;;;
06:03:32;12;82;9999;074;999;09;111111111111000000000000;000000000000000000000000;11101000;000;_;e;10;001110100100000000000000;____;10;033;077;031;028;034;068;0425640254;;;;;;;;;;;;;;;;;;;;;;;;;;;;;;;;;;;;;;;;;;;;;;;;;;
06:04:03;12;83;9999;076;999;09;111111111111000000000000;000000000000000000000000;11101000;000;_;e;10;001010001100000000000000;____;03;053;080;031;048;055;027;0425631531;;;;;;;;;;;;;;;;;;;;;;;;;;;;;;;;;;;;;;;;;;;;;;;;;;
06:05:33;12;84;9999;076;999;08;111111111111000000000000;000000000000000000000000;11101000;000;_;e;10;000111111000000000000000;____;05;039;053;037;034;047;115;0425631532;;;;;;;;;;;;;;;;;;;;;;;;;;;;;;;;;;;;;;;;;;;;;;;;;;
06:05:37;12;85;9999;076;267;09;111111111111000000000000;000000000000000000000000;11101000;000;_;e;10;111111110000000000000000;____;06;042;069;045;017;044;115;0425641564;;;;;;;;;;;;;;;;;;;;;;;;;;;;;;;;;;;;;;;;;;;;;;;;;;
06:05:53;12;86;9999;068;999;09;111111111111000000000000;000000000000000000000000;11101000;000;_;e;10;100000000000000000000000;____;01;041;100;015;041;042;051;0425640255;;;;;;;;;;;;;;;;;;;;;;;;;;;;;;;;;;;;;;;;;;;;;;;;;;
06:06:11;12;87;9999;074;999;09;111111111111000000000000;000000000000000000000000;11001000;000;_;e;10;001110000101000000000000;____;03;044;071;034;022;046;040;0425640053;043;067;004;020;043;034;0050120305;;;;;;;;;;;;;;;;;;;;;;;;;;;;;;;;;;;;;;;;;;;
06:06:27;12;88;9999;054;999;09;111111111111000000000000;000000000000000000000000;11101000;000;_;e;10;000000100000000000000000;____;07;028;056;007;028;028;002;0425596444;;;;;;;;;;;;;;;;;;;;;;;;;;;;;;;;;;;;;;;;;;;;;;;;;;
06:06:54;12;89;9999;070;999;09;111111111111000000000000;000000000000000000000000;11101000;000;_;e;10;011100000101000000000000;____;10;-04;076;007;-06;026;112;0425551131;;;;;;;;;;;;;;;;;;;;;;;;;;;;;;;;;;;;;;;;;;;;;;;;;;
06:10:02;12;90;9999;074;999;09;111111111111000000000000;000000000000000000000000;11101000;000;_;e;10;001100000100000000000000;____;04;039;067;034;009;039;035;0425640363;;;;;;;;;;;;;;;;;;;;;;;;;;;;;;;;;;;;;;;;;;;;;;;;;;
06:11:35;12;91;9999;079;999;09;111111111111000000000000;000000000000000000000000;11101000;000;_;e;10;111100000000000000000000;____;02;044;100;023;024;046;035;0425640364;;;;;;;;;;;;;;;;;;;;;;;;;;;;;;;;;;;;;;;;;;;;;;;;;;
06:12:47;12;92;9999;047;999;09;111111111111000000000000;000000000000000000000000;11101000;000;_;e;10;100000000101000000000000;____;12;-06;085;004;-06;016;041;0425640365;;;;;;;;;;;;;;;;;;;;;;;;;;;;;;;;;;;;;;;;;;;;;;;;;;
06:14:30;12;93;9999;072;999;08;111111111111000000000000;000000000000000000000000;11101000;000;_;e;10;000100001100000000000000;____;10;003;074;028;002;023;068;0425594520;;;;;;;;;;;;;;;;;;;;;;;;;;;;;;;;;;;;;;;;;;;;;;;;;;
06:14:35;12;94;9999;085;426;08;111111111111000000000000;000000000000000000000000;11101000;000;_;e;10;001001001100000000000000;____;10;000;071;021;000;014;067;0425631534;;;;;;;;;;;;;;;;;;;;;;;;;;;;;;;;;;;;;;;;;;;;;;;;;;
06:18:41;12;95;9999;057;999;09;111111111111000000000000;000000000000000000000000;11101000;000;_;e;10;110001001000000000000000;____;09;-01;084;013;-01;033;055;0425640256;;;;;;;;;;;;;;;;;;;;;;;;;;;;;;;;;;;;;;;;;;;;;;;;;;
06:19:04;12;96;9999;079;999;09;111111111111000000000000;000000000000000000000000;11101000;000;_;e;10;011100000100000000000000;____;04;044;079;033;016;046;049;0425596459;;;;;;;;;;;;;;;;;;;;;;;;;;;;;;;;;;;;;;;;;;;;;;;;;;
06:19:32;12;97;9999;055;999;09;111111111111000000000000;000000000000000000000000;11101000;000;_;e;10;011111001101000000000000;____;04;-09;082;012;-09;030;156;0425640257;;;;;;;;;;;;;;;;;;;;;;;;;;;;;;;;;;;;;;;;;;;;;;;;;;
06:20:11;12;98;9999;069;999;09;111111111111000000000000;000000000000000000000000;11101000;000;_;e;10;010100000101000000000000;____;10;-01;079;007;-07;030;052;0425641698;;;;;;;;;;;;;;;;;;;;;;;;;;;;;;;;;;;;;;;;;;;;;;;;;;
06:20:41;12;99;9999;070;999;09;111111111111000000000000;000000000000000000000000;11101000;000;_;e;10;001111001100000000000000;____;10;-07;082;006;-10;006;083;0425641578;;;;;;;;;;;;;;;;;;;;;;;;;;;;;;;;;;;;;;;;;;;;;;;;;;
06:21:37;12;01;9999;076;999;09;111111111111000000000000;000000000000000000000000;11101000;000;_;e;10;011110010100000000000000;____;04;038;071;031;032;040;069;0425596461;;;;;;;;;;;;;;;;;;;;;;;;;;;;;;;;;;;;;;;;;;;;;;;;;;
06:22:53;12;02;9999;064;999;09;111111111111000000000000;000000000000000000000000;11101000;000;_;e;10;001111111100000000000000;____;04;032;043;016;028;040;125;0425640066;;;;;;;;;;;;;;;;;;;;;;;;;;;;;;;;;;;;;;;;;;;;;;;;;;
06:24:01;12;03;9999;075;999;09;111111111111000000000000;000000000000000000000000;11101000;000;_;e;10;001100001100000000000000;____;04;034;080;029;028;036;086;0425596463;;;;;;;;;;;;;;;;;;;;;;;;;;;;;;;;;;;;;;;;;;;;;;;;;;
06:24:44;12;04;9999;074;999;09;111111111111000000000000;000000000000000000000000;11101000;000;_;e;10;001001001100000000000000;____;03;056;069;044;025;058;048;0425596464;;;;;;;;;;;;;;;;;;;;;;;;;;;;;;;;;;;;;;;;;;;;;;;;;;
06:25:18;12;05;9999;070;999;09;111111111111000000000000;000000000000000000000000;11101000;000;_;e;10;000010110010000000000000;____;05;048;043;003;047;051;073;0425640369;;;;;;;;;;;;;;;;;;;;;;;;;;;;;;;;;;;;;;;;;;;;;;;;;;
06:26:35;12;06;9999;076;999;09;111111111111000000000000;000000000000000000000000;11101000;000;_;e;10;001110000000000000000000;____;04;014;080;011;014;039;038;0425640371;;;;;;;;;;;;;;;;;;;;;;;;;;;;;;;;;;;;;;;;;;;;;;;;;;
06:26:57;12;07;9999;060;999;09;111111111111000000000000;000000000000000000000000;11101000;000;_;e;10;001111001101000000000000;____;10;-01;074;007;-07;025;168;0425640372;;;;;;;;;;;;;;;;;;;;;;;;;;;;;;;;;;;;;;;;;;;;;;;;;;
06:28:13;12;08;9999;077;999;09;111111111111000000000000;000000000000000000000000;11101000;000;_;e;10;111100000100000000000000;____;02;048;095;020;022;054;058;0425640370;;;;;;;;;;;;;;;;;;;;;;;;;;;;;;;;;;;;;;;;;;;;;;;;;;
06:29:55;12;09;9999;064;999;09;111111111111000000000000;000000000000000000000000;11101000;000;_;e;10;100001001100000000000000;____;01;047;101;016;012;057;061;0425640375;;;;;;;;;;;;;;;;;;;;;;;;;;;;;;;;;;;;;;;;;;;;;;;;;;
06:30:03;12;10;9999;054;640;09;111111111111000000000000;000000000000000000000000;11101000;000;_;e;10;001110001101000000000000;____;09;-02;075;022;-05;016;067;0425596467;;;;;;;;;;;;;;;;;;;;;;;;;;;;;;;;;;;;;;;;;;;;;;;;;;
06:30:26;12;11;9999;059;999;09;111111111111000000000000;000000000000000000000000;11101000;000;_;e;10;001110101001000000000000;____;09;063;075;002;037;064;085;0425596469;;;;;;;;;;;;;;;;;;;;;;;;;;;;;;;;;;;;;;;;;;;;;;;;;;
06:30:46;12;12;9999;069;999;09;111111111111000000000000;000000000000000000000000;11101000;000;_;e;10;110000000000000000000000;____;02;042;097;008;042;044;052;0425640376;;;;;;;;;;;;;;;;;;;;;;;;;;;;;;;;;;;;;;;;;;;;;;;;;;
06:32:12;12;13;9999;075;999;09;111111111111000000000000;000000000000000000000000;11101000;000;_;e;10;001011000000000000000000;____;06;008;072;002;003;008;044;0425596472;;;;;;;;;;;;;;;;;;;;;;;;;;;;;;;;;;;;;;;;;;;;;;;;;;
06:35:28;12;14;9999;075;999;09;111111111111000000000000;000000000000000000000000;11101000;000;_;e;10;001110000100000000000000;____;05;049;070;019;048;053;046;0425631538;;;;;;;;;;;;;;;;;;;;;;;;;;;;;;;;;;;;;;;;;;;;;;;;;;
06:35:41;12;15;9999;059;999;09;111111111111000000000000;000000000000000000000000;11101000;000;_;e;10;001111111110000000000000;____;03;039;049;017;039;043;103;0425596474;;;;;;;;;;;;;;;;;;;;;;;;;;;;;;;;;;;;;;;;;;;;;;;;;;
06:41:19;12;16;9999;074;999;09;111111111111000000000000;000000000000000000000000;11101000;000;_;e;10;000011101100000000000000;____;10;046;059;029;041;048;078;0425596473;;;;;;;;;;;;;;;;;;;;;;;;;;;;;;;;;;;;;;;;;;;;;;;;;;
06:43:05;12;17;9999;056;999;09;111111111111000000000000;000000000000000000000000;11101000;000;_;e;10;001111001101000000000000;____;09;064;082;001;056;066;154;0425640072;;;;;;;;;;;;;;;;;;;;;;;;;;;;;;;;;;;;;;;;;;;;;;;;;;
06:58:07;12;18;9999;057;999;09;111111111111000000000000;000000000000000000000000;11101000;000;_;e;10;000000001101000000000000;____;12;004;074;004;004;021;033;0425596480;;;;;;;;;;;;;;;;;;;;;;;;;;;;;;;;;;;;;;;;;;;;;;;;;;
07:02:04;12;19;9999;076;999;08;111111111111000000000000;000000000000000000000000;11101000;000;_;e;10;110000000000000000000000;____;01;041;101;015;039;041;059;0425643200;;;;;;;;;;;;;;;;;;;;;;;;;;;;;;;;;;;;;;;;;;;;;;;;;;
07:02:33;12;20;9999;074;999;09;111111111111000000000000;000000000000000000000000;11101000;000;_;e;10;110000000000000000000000;____;01;041;102;012;040;042;063;0425643201;;;;;;;;;;;;;;;;;;;;;;;;;;;;;;;;;;;;;;;;;;;;;;;;;;
07:03:55;12;21;9999;060;999;09;111111111111000000000000;000000000000000000000000;11101000;000;_;e;10;001000001100000000000000;____;09;068;082;015;009;068;037;0425640076;;;;;;;;;;;;;;;;;;;;;;;;;;;;;;;;;;;;;;;;;;;;;;;;;;
07:04:21;12;22;9999;077;999;09;111111111111000000000000;000000000000000000000000;11101000;000;_;e;10;000110000101000000000000;____;10;-05;077;006;-08;000;096;0425643300;;;;;;;;;;;;;;;;;;;;;;;;;;;;;;;;;;;;;;;;;;;;;;;;;;
07:06:24;12;23;9999;074;999;09;111111111111000000000000;000000000000000000000000;11101000;000;_;e;10;001001001000000000000000;____;03;055;067;017;029;061;076;0425640077;;;;;;;;;;;;;;;;;;;;;;;;;;;;;;;;;;;;;;;;;;;;;;;;;;
07:07:53;12;24;9999;077;999;09;111111111111000000000000;000000000000000000000000;11101000;000;_;e;10;001111001000000000000000;____;09;061;071;004;057;062;064;0425642707;;;;;;;;;;;;;;;;;;;;;;;;;;;;;;;;;;;;;;;;;;;;;;;;;;
07:23:04;12;25;9999;073;999;08;111111111111000000000000;000000000000000000000000;11101000;000;_;e;10;000000000101000000000000;____;10;001;074;004;-01;003;070;0425642712;;;;;;;;;;;;;;;;;;;;;;;;;;;;;;;;;;;;;;;;;;;;;;;;;;
07:23:30;12;26;9999;074;999;09;111111111111000000000000;000000000000000000000000;11101000;000;_;e;10;001100001100000000000000;____;03;039;062;033;003;075;049;0425643206;;;;;;;;;;;;;;;;;;;;;;;;;;;;;;;;;;;;;;;;;;;;;;;;;;
07:55:14;12;27;9999;044;999;09;111111111111000000000000;000000000000000000000000;11101000;000;_;e;10;001111111110000000000000;____;05;022;039;009;018;043;126;0425643312;;;;;;;;;;;;;;;;;;;;;;;;;;;;;;;;;;;;;;;;;;;;;;;;;;
07:57:14;12;28;9999;077;999;09;111111111111000000000000;000000000000000000000000;11101000;000;_;e;10;000100001000000000000000;____;09;070;065;011;070;074;040;0425642726;;;;;;;;;;;;;;;;;;;;;;;;;;;;;;;;;;;;;;;;;;;;;;;;;;
08:15:29;12;29;9999;055;999;09;111111111111000000000000;000000000000000000000000;11101000;000;_;e;10;110100000000000000000000;____;01;031;098;010;027;031;043;0425643219;;;;;;;;;;;;;;;;;;;;;;;;;;;;;;;;;;;;;;;;;;;;;;;;;;
08:25:23;12;30;9999;074;999;09;111111111111000000000000;000000000000000000000000;11101000;000;_;e;10;110110000000000000000000;____;04;039;090;028;-05;045;086;0425643323;;;;;;;;;;;;;;;;;;;;;;;;;;;;;;;;;;;;;;;;;;;;;;;;;;
08:28:09;12;31;9999;076;999;09;111111111111000000000000;000000000000000000000000;11101000;000;_;e;10;001111001100000000000000;____;09;053;067;014;016;053;152;0425643226;;;;;;;;;;;;;;;;;;;;;;;;;;;;;;;;;;;;;;;;;;;;;;;;;;
08:31:47;12;32;9999;069;999;09;111111111111000000000000;000000000000000000000000;11101000;000;_;e;10;000110001010000000000000;____;05;051;047;006;027;055;045;0425643228;;;;;;;;;;;;;;;;;;;;;;;;;;;;;;;;;;;;;;;;;;;;;;;;;;
08:34:07;12;33;9999;068;999;09;111111111111000000000000;000000000000000000000000;11101000;000;_;e;10;000111001100000000000000;____;09;055;051;028;051;057;123;0425643330;;;;;;;;;;;;;;;;;;;;;;;;;;;;;;;;;;;;;;;;;;;;;;;;;;
08:38:19;12;34;9999;069;999;09;111111111111000000000000;000000000000000000000000;11101000;000;_;e;10;001110101100000000000000;____;04;034;063;046;023;035;081;0425643336;;;;;;;;;;;;;;;;;;;;;;;;;;;;;;;;;;;;;;;;;;;;;;;;;;
08:39:57;12;35;9999;048;999;09;111111111111000000000000;000000000000000000000000;11101000;000;_;e;10;001110110100000000000000;____;04;026;056;022;020;028;093;0425642750;;;;;;;;;;;;;;;;;;;;;;;;;;;;;;;;;;;;;;;;;;;;;;;;;;
08:41:06;12;36;9999;075;999;09;111111111111000000000000;000000000000000000000000;11101000;000;_;e;10;000100100000000000000000;____;04;034;072;033;034;041;015;0425642751;;;;;;;;;;;;;;;;;;;;;;;;;;;;;;;;;;;;;;;;;;;;;;;;;;
08:56:26;12;37;9999;076;999;09;111111111111000000000000;000000000000000000000000;11101000;000;_;e;10;001111001100000000000000;____;06;039;061;040;009;043;066;0425643351;;;;;;;;;;;;;;;;;;;;;;;;;;;;;;;;;;;;;;;;;;;;;;;;;;
09:06:21;12;38;9999;075;999;09;111111111111000000000000;000000000000000000000000;11101000;000;_;e;10;000111100000000000000000;____;07;053;048;037;029;054;050;0425643254;;;;;;;;;;;;;;;;;;;;;;;;;;;;;;;;;;;;;;;;;;;;;;;;;;
09:15:44;12;39;9999;075;999;09;111111111111000000000000;000000000000000000000000;11101000;000;_;e;10;011101001100000000000000;____;09;078;073;027;051;079;099;0425594523;;;;;;;;;;;;;;;;;;;;;;;;;;;;;;;;;;;;;;;;;;;;;;;;;;
09:29:41;12;40;9999;075;999;09;111111111111000000000000;000000000000000000000000;11101000;000;_;e;10;001001001000000000000000;____;09;008;074;017;005;008;049;0425643267;;;;;;;;;;;;;;;;;;;;;;;;;;;;;;;;;;;;;;;;;;;;;;;;;;
09:36:40;12;41;9999;073;999;09;111111111111000000000000;000000000000000000000000;11010000;000;_;;;;;;;;;;;;;;;;;;;;;;;;;;;;;;;;;;;;;;;;;;;;;;;;;;;;;;;;;;;;;;
09:45:28;12;42;9999;082;999;09;111111111111000000000000;000000000000000000000000;11101000;000;_;e;10;110001000000000000000000;____;02;055;092;025;044;057;041;0425643383;;;;;;;;;;;;;;;;;;;;;;;;;;;;;;;;;;;;;;;;;;;;;;;;;;
10:13:21;12;43;9999;076;999;09;111111111111000000000000;000000000000000000000000;11101000;000;_;e;10;110110000100000000000000;____;02;031;082;021;028;039;033;0425640271;;;;;;;;;;;;;;;;;;;;;;;;;;;;;;;;;;;;;;;;;;;;;;;;;;
10:19:13;12;44;9999;059;999;08;111111111111000000000000;000000000000000000000000;11101000;000;_;e;10;001111001101000000000000;____;10;-06;077;008;-16;000;114;0425640275;;;;;;;;;;;;;;;;;;;;;;;;;;;;;;;;;;;;;;;;;;;;;;;;;;
10:23:50;12;45;9999;075;999;09;111111111111000000000000;000000000000000000000000;11101000;000;_;e;10;001101100100000000000000;____;04;034;054;014;034;058;022;0425640277;;;;;;;;;;;;;;;;;;;;;;;;;;;;;;;;;;;;;;;;;;;;;;;;;;
10:25:11;12;46;9999;075;999;09;111111111111000000000000;000000000000000000000000;11101000;000;_;e;10;001111000100000000000000;____;03;013;057;002;009;034;120;0425642228;;;;;;;;;;;;;;;;;;;;;;;;;;;;;;;;;;;;;;;;;;;;;;;;;;
10:25:36;12;47;9999;074;999;09;111111111111000000000000;000000000000000000000000;11101000;000;_;e;10;001111001100000000000000;____;05;039;062;031;038;055;124;0425640281;;;;;;;;;;;;;;;;;;;;;;;;;;;;;;;;;;;;;;;;;;;;;;;;;;
10:36:04;12;48;9999;077;999;09;111111111111000000000000;000000000000000000000000;11101000;000;_;e;10;001011001100000000000000;____;06;031;057;031;030;034;150;0425640079;;;;;;;;;;;;;;;;;;;;;;;;;;;;;;;;;;;;;;;;;;;;;;;;;;
10:38:20;12;49;9999;074;999;09;111111111111000000000000;000000000000000000000000;11101000;000;_;e;10;001011100100000000000000;____;10;011;058;038;010;040;093;0425642234;;;;;;;;;;;;;;;;;;;;;;;;;;;;;;;;;;;;;;;;;;;;;;;;;;
10:38:54;12;50;9999;061;999;09;111111111111000000000000;000000000000000000000000;11010000;000;_;;;;;;;;;;;;;;;;;;;;;;;;;;;;;;;;;;;;;;;;;;;;;;;;;;;;;;;;;;;;;;
10:39:20;12;51;9999;076;999;09;111111111111000000000000;000000000000000000000000;11101000;000;_;e;10;001110101100000000000000;____;04;017;074;028;016;066;095;0425642236;;;;;;;;;;;;;;;;;;;;;;;;;;;;;;;;;;;;;;;;;;;;;;;;;;
10:43:53;12;52;9999;077;999;09;111111111111000000000000;000000000000000000000000;11101000;000;_;e;10;001100000100000000000000;____;03;035;076;037;016;037;034;0425642238;;;;;;;;;;;;;;;;;;;;;;;;;;;;;;;;;;;;;;;;;;;;;;;;;;
10:44:14;12;53;9999;068;999;09;111111111111000000000000;000000000000000000000000;11101000;000;_;e;10;001111001100000000000000;____;09;058;071;033;051;069;202;0425642239;;;;;;;;;;;;;;;;;;;;;;;;;;;;;;;;;;;;;;;;;;;;;;;;;;
10:48:34;12;54;9999;073;999;09;111111111111000000000000;000000000000000000000000;11101000;000;_;e;10;101110001100000000000000;____;10;030;099;031;013;033;096;0425640288;;;;;;;;;;;;;;;;;;;;;;;;;;;;;;;;;;;;;;;;;;;;;;;;;;
11:08:38;12;55;9999;057;999;09;111111111111000000000000;000000000000000000000000;11101000;000;_;e;10;100100000100000000000000;____;10;009;084;005;001;024;052;0425640292;;;;;;;;;;;;;;;;;;;;;;;;;;;;;;;;;;;;;;;;;;;;;;;;;;
11:14:17;12;56;9999;075;999;09;111111111111000000000000;000000000000000000000000;11101000;000;_;e;10;011100001100000000000000;____;03;044;075;039;039;045;095;0425594524;;;;;;;;;;;;;;;;;;;;;;;;;;;;;;;;;;;;;;;;;;;;;;;;;;
11:41:55;12;57;9999;074;999;09;111111111111000000000000;000000000000000000000000;11101000;000;_;e;10;001111101100000000000000;____;03;042;062;030;035;059;132;0425640097;;;;;;;;;;;;;;;;;;;;;;;;;;;;;;;;;;;;;;;;;;;;;;;;;;
11:53:32;12;58;9999;061;999;09;111111111111000000000000;000000000000000000000000;11101000;000;_;e;10;000011110010000000000000;____;07;032;059;011;029;034;077;0425631546;;;;;;;;;;;;;;;;;;;;;;;;;;;;;;;;;;;;;;;;;;;;;;;;;;
11:55:17;12;59;9999;046;999;09;111111111111000000000000;000000000000000000000000;11101000;000;_;e;10;001111001111000000000000;____;09;053;062;021;032;053;156;0425594536;;;;;;;;;;;;;;;;;;;;;;;;;;;;;;;;;;;;;;;;;;;;;;;;;;
12:03:24;12;60;9999;079;999;08;111111111111000000000000;000000000000000000000000;11101000;000;_;e;10;001111001100000000000000;____;10;037;061;053;034;042;091;0425594537;;;;;;;;;;;;;;;;;;;;;;;;;;;;;;;;;;;;;;;;;;;;;;;;;;
12:10:34;12;61;9999;075;999;09;111111111111000000000000;000000000000000000000000;11101000;000;_;e;10;000011110000000000000000;____;06;045;057;038;045;048;043;0425594540;;;;;;;;;;;;;;;;;;;;;;;;;;;;;;;;;;;;;;;;;;;;;;;;;;
12:20:35;12;62;9999;071;999;09;111111111111000000000000;000000000000000000000000;11101000;000;_;e;10;110100000000000000000000;____;02;038;099;018;020;052;043;0425641596;;;;;;;;;;;;;;;;;;;;;;;;;;;;;;;;;;;;;;;;;;;;;;;;;;
12:21:01;12;63;9999;074;999;08;111111111111000000000000;000000000000000000000000;11101000;000;_;e;10;111100000000000000000000;____;01;038;094;026;037;041;065;0425641597;;;;;;;;;;;;;;;;;;;;;;;;;;;;;;;;;;;;;;;;;;;;;;;;;;
12:24:38;12;64;9999;074;999;09;111111111111000000000000;000000000000000000000000;11101000;000;_;e;10;001100001100000000000000;____;09;066;059;016;032;066;085;0425641599;;;;;;;;;;;;;;;;;;;;;;;;;;;;;;;;;;;;;;;;;;;;;;;;;;
12:27:16;12;65;9999;057;999;09;111111111111000000000000;000000000000000000000000;11101000;000;_;e;10;100100000000000000000000;____;01;058;092;014;048;060;019;0425594544;;;;;;;;;;;;;;;;;;;;;;;;;;;;;;;;;;;;;;;;;;;;;;;;;;
12:27:33;12;66;9999;067;999;09;111111111111000000000000;000000000000000000000000;11101000;000;_;e;10;001111001100000000000000;____;06;036;068;044;015;051;070;0425631559;;;;;;;;;;;;;;;;;;;;;;;;;;;;;;;;;;;;;;;;;;;;;;;;;;
12:29:41;12;67;9999;072;999;09;111111111111000000000000;000000000000000000000000;11101000;000;_;e;10;010100000000000000000000;____;02;016;089;019;016;018;015;0425594549;;;;;;;;;;;;;;;;;;;;;;;;;;;;;;;;;;;;;;;;;;;;;;;;;;
12:29:49;12;68;9999;055;623;09;111111111111000000000000;000000000000000000000000;11010000;000;_;;;;;;;;;;;;;;;;;;;;;;;;;;;;;;;;;;;;;;;;;;;;;;;;;;;;;;;;;;;;;;
12:30:19;12;69;9999;065;999;09;111111111111000000000000;000000000000000000000000;11101000;000;_;e;10;110000000000000000000000;____;02;032;102;012;032;033;019;0425551143;;;;;;;;;;;;;;;;;;;;;;;;;;;;;;;;;;;;;;;;;;;;;;;;;;
12:30:58;12;70;9999;061;999;09;111111111111000000000000;000000000000000000000000;11101000;000;_;e;10;010100000101000000000000;____;10;001;085;003;-06;003;105;0425551145;;;;;;;;;;;;;;;;;;;;;;;;;;;;;;;;;;;;;;;;;;;;;;;;;;
12:40:47;12;71;9999;074;999;09;111111111111000000000000;000000000000000000000000;11101000;000;_;e;10;000010001100000000000000;____;09;076;067;025;032;076;047;0425594562;;;;;;;;;;;;;;;;;;;;;;;;;;;;;;;;;;;;;;;;;;;;;;;;;;
12:48:19;12;72;9999;067;999;09;111111111111000000000000;000000000000000000000000;11101000;000;_;e;10;111000000000000000000000;____;01;037;097;022;010;041;075;0425640393;;;;;;;;;;;;;;;;;;;;;;;;;;;;;;;;;;;;;;;;;;;;;;;;;;
12:51:14;12;73;9999;068;999;09;111111111111000000000000;000000000000000000000000;11101000;000;_;e;10;011110001101000000000000;____;03;016;084;012;-06;032;079;0425640397;;;;;;;;;;;;;;;;;;;;;;;;;;;;;;;;;;;;;;;;;;;;;;;;;;
12:51:22;12;74;9999;076;661;09;111111111111000000000000;000000000000000000000000;11101000;000;_;e;10;001111101100000000000000;____;05;038;057;024;034;041;141;0425640396;;;;;;;;;;;;;;;;;;;;;;;;;;;;;;;;;;;;;;;;;;;;;;;;;;
12:55:51;12;75;9999;065;999;09;111111111111000000000000;000000000000000000000000;11101000;000;_;e;10;000111111100000000000000;____;10;041;044;015;040;045;107;0425631566;;;;;;;;;;;;;;;;;;;;;;;;;;;;;;;;;;;;;;;;;;;;;;;;;;
13:05:10;12;76;9999;069;999;08;111111111111000000000000;000000000000000000000000;11101000;000;_;e;10;001111001000000000000000;____;06;034;064;045;034;039;082;0425643805;;;;;;;;;;;;;;;;;;;;;;;;;;;;;;;;;;;;;;;;;;;;;;;;;;
13:17:16;12;77;9999;063;999;09;111111111111000000000000;000000000000000000000000;11101000;000;_;e;10;111000000101000000000000;____;02;039;101;010;012;043;028;0425594566;;;;;;;;;;;;;;;;;;;;;;;;;;;;;;;;;;;;;;;;;;;;;;;;;;
13:18:31;12;78;9999;057;999;09;111111111111000000000000;000000000000000000000000;11101000;000;_;e;10;110000000000000000000000;____;01;036;096;008;035;037;048;0425594567;;;;;;;;;;;;;;;;;;;;;;;;;;;;;;;;;;;;;;;;;;;;;;;;;;
13:19:48;12;79;9999;062;999;09;111111111111000000000000;000000000000000000000000;11101000;000;_;e;10;010110001101000000000000;____;09;052;056;029;037;053;060;0425594568;;;;;;;;;;;;;;;;;;;;;;;;;;;;;;;;;;;;;;;;;;;;;;;;;;
14:28:37;12;80;9999;066;999;09;111111111111000000000000;000000000000000000000000;11101000;000;_;e;10;100110000100000000000000;____;01;030;101;027;000;031;068;0425642773;;;;;;;;;;;;;;;;;;;;;;;;;;;;;;;;;;;;;;;;;;;;;;;;;;
14:30:29;12;81;9999;075;999;09;111111111111000000000000;000000000000000000000000;11101000;000;_;e;10;111100000000000000000000;____;04;035;087;022;033;037;069;0425642774;;;;;;;;;;;;;;;;;;;;;;;;;;;;;;;;;;;;;;;;;;;;;;;;;;
14:41:27;12;82;9999;074;999;09;111111111111000000000000;000000000000000000000000;11101000;000;_;e;10;001111001100000000000000;____;05;062;068;025;036;070;091;0425642775;;;;;;;;;;;;;;;;;;;;;;;;;;;;;;;;;;;;;;;;;;;;;;;;;;
15:09:20;12;83;9999;052;999;09;111111111111000000000000;000000000000000000000000;11101000;000;_;e;10;101111001100000000000000;____;03;025;092;039;-11;033;093;0425643386;;;;;;;;;;;;;;;;;;;;;;;;;;;;;;;;;;;;;;;;;;;;;;;;;;
15:30:49;12;84;9999;073;999;08;111111111111000000000000;000000000000000000000000;11101000;000;_;e;10;110000000000000000000000;____;01;043;102;013;041;044;060;0425642248;;;;;;;;;;;;;;;;;;;;;;;;;;;;;;;;;;;;;;;;;;;;;;;;;;
15:31:58;12;85;9999;074;999;09;111111111111000000000000;000000000000000000000000;11101000;000;_;e;10;001110000100000000000000;____;03;043;079;030;042;050;082;0425642249;;;;;;;;;;;;;;;;;;;;;;;;;;;;;;;;;;;;;;;;;;;;;;;;;;
15:33:41;12;86;9999;058;999;09;111111111111000000000000;000000000000000000000000;11101000;000;_;e;10;000000000101000000000000;____;12;003;068;004;002;012;009;0425642250;;;;;;;;;;;;;;;;;;;;;;;;;;;;;;;;;;;;;;;;;;;;;;;;;;
15:34:57;12;87;9999;073;999;09;111111111111000000000000;000000000000000000000000;11101000;000;_;e;10;110000000000000000000000;____;02;036;100;012;036;038;049;0425642251;;;;;;;;;;;;;;;;;;;;;;;;;;;;;;;;;;;;;;;;;;;;;;;;;;
15:55:51;12;88;9999;062;999;09;111111111111000000000000;000000000000000000000000;11101000;000;_;e;10;001000000100000000000000;____;10;008;080;017;008;029;018;0425643274;;;;;;;;;;;;;;;;;;;;;;;;;;;;;;;;;;;;;;;;;;;;;;;;;;
15:57:06;12;89;9999;082;999;09;111111111111000000000000;000000000000000000000000;11101000;000;_;e;10;111100000100000000000000;____;03;042;081;047;025;044;045;0425642264;;;;;;;;;;;;;;;;;;;;;;;;;;;;;;;;;;;;;;;;;;;;;;;;;;
15:57:36;12;90;9999;072;999;09;111111111111000000000000;000000000000000000000000;11101000;000;_;e;10;000110001000000000000000;____;09;070;074;033;064;070;034;0425642268;;;;;;;;;;;;;;;;;;;;;;;;;;;;;;;;;;;;;;;;;;;;;;;;;;
15:57:57;12;91;9999;067;999;08;111111111111000000000000;000000000000000000000000;11101000;000;_;e;10;111000000001000000000000;____;01;034;100;012;020;035;066;0425642270;;;;;;;;;;;;;;;;;;;;;;;;;;;;;;;;;;;;;;;;;;;;;;;;;;
15:58:52;12;92;9999;058;999;08;111111111111000000000000;000000000000000000000000;11101000;000;_;e;10;100000000100000000000000;____;01;-01;092;018;-01;019;027;0425642273;;;;;;;;;;;;;;;;;;;;;;;;;;;;;;;;;;;;;;;;;;;;;;;;;;
16:00:00;12;93;9999;053;999;09;111111111111000000000000;000000000000000000000000;11101000;000;_;e;10;000011001000000000000000;____;06;043;054;018;041;046;045;0425631572;;;;;;;;;;;;;;;;;;;;;;;;;;;;;;;;;;;;;;;;;;;;;;;;;;
16:04:55;12;94;9999;077;999;09;111111111111000000000000;000000000000000000000000;11101000;000;_;e;10;001001001100000000000000;____;09;004;048;028;002;005;123;0425642287;;;;;;;;;;;;;;;;;;;;;;;;;;;;;;;;;;;;;;;;;;;;;;;;;;
16:09:30;12;95;9999;058;999;09;111111111111000000000000;000000000000000000000000;11101000;000;_;e;10;001111100000000000000000;____;04;031;084;037;028;042;055;0425642279;;;;;;;;;;;;;;;;;;;;;;;;;;;;;;;;;;;;;;;;;;;;;;;;;;
16:34:00;12;96;9999;054;999;08;111111111111000000000000;000000000000000000000000;11101000;000;_;e;10;100000100000000000000000;____;01;027;078;011;027;038;006;0425643277;;;;;;;;;;;;;;;;;;;;;;;;;;;;;;;;;;;;;;;;;;;;;;;;;;
16:36:44;12;97;9999;075;999;09;111111111111000000000000;000000000000000000000000;11101000;000;_;e;10;001111001100000000000000;____;09;023;071;040;005;042;123;0425551181;;;;;;;;;;;;;;;;;;;;;;;;;;;;;;;;;;;;;;;;;;;;;;;;;;
16:57:18;12;98;9999;068;999;09;111111111111000000000000;000000000000000000000000;11101000;000;_;e;10;001111101100000000000000;____;10;029;079;043;027;033;092;0425643282;;;;;;;;;;;;;;;;;;;;;;;;;;;;;;;;;;;;;;;;;;;;;;;;;;
17:06:40;12;99;9999;078;999;09;111111111111000000000000;000000000000000000000000;11101000;000;_;e;10;000011000000000000000000;____;05;043;050;012;039;048;023;0425645711;;;;;;;;;;;;;;;;;;;;;;;;;;;;;;;;;;;;;;;;;;;;;;;;;;
17:10:56;12;01;9999;076;999;09;111111111111000000000000;000000000000000000000000;11101000;000;_;e;10;000111101100000000000000;____;05;045;056;026;040;051;104;0425643284;;;;;;;;;;;;;;;;;;;;;;;;;;;;;;;;;;;;;;;;;;;;;;;;;;
17:18:32;12;02;9999;067;999;09;111111111111000000000000;000000000000000000000000;11101000;000;_;e;10;001100101100000000000000;____;10;023;079;048;023;027;089;0425551188;;;;;;;;;;;;;;;;;;;;;;;;;;;;;;;;;;;;;;;;;;;;;;;;;;
17:27:42;12;03;9999;069;999;09;111111111111000000000000;000000000000000000000000;11101000;000;_;e;10;000000001000000000000000;____;09;058;085;005;058;058;002;0425642781;;;;;;;;;;;;;;;;;;;;;;;;;;;;;;;;;;;;;;;;;;;;;;;;;;
17:27:59;12;04;9999;056;999;09;111111111111000000000000;000000000000000000000000;11010000;000;_;;;;;;;;;;;;;;;;;;;;;;;;;;;;;;;;;;;;;;;;;;;;;;;;;;;;;;;;;;;;;;
17:28:12;12;05;9999;075;999;08;111111111111000000000000;000000000000000000000000;11001000;000;_;e;10;011000001101000000000000;____;03;042;077;029;042;043;077;0425642778;030;073;004;030;075;036;0050120305;;;;;;;;;;;;;;;;;;;;;;;;;;;;;;;;;;;;;;;;;;;
17:28:42;12;06;9999;077;999;09;111111111111000000000000;000000000000000000000000;11101000;000;_;e;10;100011110100000000000000;____;06;041;064;027;029;045;091;0425642783;;;;;;;;;;;;;;;;;;;;;;;;;;;;;;;;;;;;;;;;;;;;;;;;;;
17:29:08;12;07;9999;066;999;09;111111111111000000000000;000000000000000000000000;11101000;000;_;e;10;111111001000000000000000;____;06;041;090;036;003;041;118;0425643843;;;;;;;;;;;;;;;;;;;;;;;;;;;;;;;;;;;;;;;;;;;;;;;;;;
17:29:20;12;08;9999;065;999;09;111111111111000000000000;000000000000000000000000;11101000;000;_;e;10;100000001000000000000000;____;01;037;101;009;036;052;041;0425631591;;;;;;;;;;;;;;;;;;;;;;;;;;;;;;;;;;;;;;;;;;;;;;;;;;
17:29:59;12;09;9999;055;999;09;111111111111000000000000;000000000000000000000000;11101000;000;_;e;10;001011001100000000000000;____;10;025;052;011;022;025;048;0425631592;;;;;;;;;;;;;;;;;;;;;;;;;;;;;;;;;;;;;;;;;;;;;;;;;;
17:30:08;12;10;9999;063;692;09;111111111111000000000000;000000000000000000000000;11101000;000;_;e;10;001111000101000000000000;____;10;-03;076;004;-06;027;142;0425631593;;;;;;;;;;;;;;;;;;;;;;;;;;;;;;;;;;;;;;;;;;;;;;;;;;
17:30:20;12;11;9999;075;999;08;111111111111000000000000;000000000000000000000000;11101000;000;_;e;10;001111001100000000000000;____;09;051;069;031;-10;057;065;0425594599;;;;;;;;;;;;;;;;;;;;;;;;;;;;;;;;;;;;;;;;;;;;;;;;;;
17:30:25;12;12;9999;050;293;09;111111111111000000000000;000000000000000000000000;11101000;000;_;e;10;000000001100000000000000;____;10;-06;078;019;-06;009;046;0425645804;;;;;;;;;;;;;;;;;;;;;;;;;;;;;;;;;;;;;;;;;;;;;;;;;;
17:30:37;12;13;9999;070;976;09;111111111111000000000000;000000000000000000000000;11101000;000;_;e;10;110000000000000000000000;____;01;051;102;008;047;051;042;0425631589;;;;;;;;;;;;;;;;;;;;;;;;;;;;;;;;;;;;;;;;;;;;;;;;;;
17:30:41;12;14;9999;046;290;09;111111111111000000000000;000000000000000000000000;11101000;000;_;e;10;010100000100000000000000;____;02;019;095;005;001;036;011;0425643293;;;;;;;;;;;;;;;;;;;;;;;;;;;;;;;;;;;;;;;;;;;;;;;;;;
17:31:07;12;15;9999;079;999;09;111111111111000000000000;000000000000000000000000;11101000;000;_;e;10;000011000100000000000000;____;06;028;052;004;028;033;026;0425642784;;;;;;;;;;;;;;;;;;;;;;;;;;;;;;;;;;;;;;;;;;;;;;;;;;
17:31:13;12;16;9999;061;440;09;111111111111000000000000;000000000000000000000000;11101000;000;_;e;10;001111101100000000000000;____;05;027;058;023;011;062;105;0316131942;;;;;;;;;;;;;;;;;;;;;;;;;;;;;;;;;;;;;;;;;;;;;;;;;;
17:31:18;12;17;9999;052;212;05;111111111111000000000000;000000000000000000000000;11101000;000;_;e;10;110100000100000000000000;____;02;013;084;013;011;032;040;0425631590;;;;;;;;;;;;;;;;;;;;;;;;;;;;;;;;;;;;;;;;;;;;;;;;;;
17:31:20;12;18;9999;058;155;09;111111111111000000000000;000000000000000000000000;11101000;000;_;e;10;000000000100000000000000;____;10;026;081;027;026;026;005;0425645720;;;;;;;;;;;;;;;;;;;;;;;;;;;;;;;;;;;;;;;;;;;;;;;;;;
17:31:24;12;19;9999;045;263;09;111111111111000000000000;000000000000000000000000;11101000;000;_;e;10;000111110000000000000000;____;08;021;036;020;019;024;078;0425645805;;;;;;;;;;;;;;;;;;;;;;;;;;;;;;;;;;;;;;;;;;;;;;;;;;
17:31:42;12;20;9999;059;999;09;111111111111000000000000;000000000000000000000000;11101000;000;_;e;10;001100001000000000000000;____;03;034;094;029;031;034;045;0425642785;;;;;;;;;;;;;;;;;;;;;;;;;;;;;;;;;;;;;;;;;;;;;;;;;;
17:31:54;12;21;9999;074;999;08;111111111111000000000000;000000000000000000000000;11101000;000;_;e;10;101110001000000000000000;____;03;040;099;030;035;044;036;0425646100;;;;;;;;;;;;;;;;;;;;;;;;;;;;;;;;;;;;;;;;;;;;;;;;;;
17:31:58;12;22;9999;079;276;09;111111111111000000000000;000000000000000000000000;11101000;000;_;e;10;001100001100000000000000;____;10;046;065;033;042;049;046;0425642780;;;;;;;;;;;;;;;;;;;;;;;;;;;;;;;;;;;;;;;;;;;;;;;;;;
17:32:07;12;23;9999;075;654;09;111111111111000000000000;000000000000000000000000;11101000;000;_;e;10;001110001100000000000000;____;04;051;074;035;045;051;065;0555281101;;;;;;;;;;;;;;;;;;;;;;;;;;;;;;;;;;;;;;;;;;;;;;;;;;
17:32:20;12;24;9999;074;999;08;111111111111000000000000;000000000000000000000000;11101000;000;_;e;10;010000000000000000000000;____;02;063;098;024;063;063;005;0425643294;;;;;;;;;;;;;;;;;;;;;;;;;;;;;;;;;;;;;;;;;;;;;;;;;;
17:32:28;12;25;9999;075;632;09;111111111111000000000000;000000000000000000000000;11101000;000;_;e;10;000011100100000000000000;____;10;018;065;027;016;033;032;0425646200;;;;;;;;;;;;;;;;;;;;;;;;;;;;;;;;;;;;;;;;;;;;;;;;;;
17:32:41;12;26;9999;078;999;08;111111111111000000000000;000000000000000000000000;11101000;000;_;e;10;000111111100000000000000;____;05;047;061;040;045;053;108;0425642786;;;;;;;;;;;;;;;;;;;;;;;;;;;;;;;;;;;;;;;;;;;;;;;;;;
17:32:54;12;27;9999;064;999;09;111111111111000000000000;000000000000000000000000;11101000;000;_;e;10;001100000100000000000000;____;10;067;080;014;063;067;053;0425551189;;;;;;;;;;;;;;;;;;;;;;;;;;;;;;;;;;;;;;;;;;;;;;;;;;
17:32:56;12;28;9999;061;070;09;111111111111000000000000;000000000000000000000000;11101000;000;_;e;10;101001001001000000000000;____;09;063;088;005;058;067;067;0425643842;;;;;;;;;;;;;;;;;;;;;;;;;;;;;;;;;;;;;;;;;;;;;;;;;;
17:33:02;12;29;9999;058;481;09;111111111111000000000000;000000000000000000000000;11010000;000;_;;;;;;;;;;;;;;;;;;;;;;;;;;;;;;;;;;;;;;;;;;;;;;;;;;;;;;;;;;;;;;
17:33:07;12;30;9999;073;335;09;111111111111000000000000;000000000000000000000000;11101000;000;_;e;10;010110001100000000000000;____;04;049;063;024;040;049;080;0425645806;;;;;;;;;;;;;;;;;;;;;;;;;;;;;;;;;;;;;;;;;;;;;;;;;;
17:33:20;12;31;9999;074;999;09;111111111111000000000000;000000000000000000000000;11101000;000;_;e;10;000100000100000000000000;____;10;008;061;011;002;048;017;0555668969;;;;;;;;;;;;;;;;;;;;;;;;;;;;;;;;;;;;;;;;;;;;;;;;;;
17:33:41;12;32;9999;044;999;09;111111111111000000000000;000000000000000000000000;11101000;000;_;e;10;000100001100000000000000;____;10;001;076;008;-02;031;045;0425642787;;;;;;;;;;;;;;;;;;;;;;;;;;;;;;;;;;;;;;;;;;;;;;;;;;
17:33:54;12;33;9999;079;999;09;111111111111000000000000;000000000000000000000000;11101000;000;_;e;10;001100001100000000000000;____;10;030;072;041;006;036;103;0425642782;;;;;;;;;;;;;;;;;;;;;;;;;;;;;;;;;;;;;;;;;;;;;;;;;;
17:34:02;12;34;9999;059;645;09;111111111111000000000000;000000000000000000000000;11101000;000;_;e;10;010000000001000000000000;____;02;042;091;011;033;042;005;0555668967;;;;;;;;;;;;;;;;;;;;;;;;;;;;;;;;;;;;;;;;;;;;;;;;;;
17:34:05;12;35;9999;077;123;08;111111111111000000000000;000000000000000000000000;11101000;000;_;e;10;111111001100000000000000;____;01;039;098;019;034;040;140;0555061790;;;;;;;;;;;;;;;;;;;;;;;;;;;;;;;;;;;;;;;;;;;;;;;;;;
17:34:11;12;36;9999;055;504;09;111111111111000000000000;000000000000000000000000;11101000;000;_;e;10;100000000000000000000000;____;01;034;101;008;034;035;047;0425642789;;;;;;;;;;;;;;;;;;;;;;;;;;;;;;;;;;;;;;;;;;;;;;;;;;
17:34:19;12;37;9999;077;636;08;111111111111000000000000;000000000000000000000000;11101000;000;_;e;10;001000001000000000000000;____;09;014;053;019;007;014;036;0555668966;;;;;;;;;;;;;;;;;;;;;;;;;;;;;;;;;;;;;;;;;;;;;;;;;;
17:34:22;12;38;9999;084;103;09;111111111111000000000000;000000000000000000000000;11010000;000;_;;;;;;;;;;;;;;;;;;;;;;;;;;;;;;;;;;;;;;;;;;;;;;;;;;;;;;;;;;;;;;
17:34:32;12;39;9999;069;836;09;111111111111000000000000;000000000000000000000000;11101000;000;_;e;10;001111000000000000000000;____;05;032;064;035;032;040;079;0555995230;;;;;;;;;;;;;;;;;;;;;;;;;;;;;;;;;;;;;;;;;;;;;;;;;;
17:34:35;12;40;9999;065;124;09;111111111111000000000000;000000000000000000000000;11101000;000;_;e;10;110000001000000000000000;____;01;042;102;009;040;042;041;0555281100;;;;;;;;;;;;;;;;;;;;;;;;;;;;;;;;;;;;;;;;;;;;;;;;;;
17:34:50;12;41;9999;074;999;09;111111111111000000000000;000000000000000000000000;11101000;000;_;e;10;111100000000000000000000;____;03;038;096;022;038;042;038;0425642791;;;;;;;;;;;;;;;;;;;;;;;;;;;;;;;;;;;;;;;;;;;;;;;;;;
17:34:52;12;42;9999;076;065;09;111111111111000000000000;000000000000000000000000;11101000;000;_;e;10;111100001100000000000000;____;04;019;083;022;016;034;105;0425645721;;;;;;;;;;;;;;;;;;;;;;;;;;;;;;;;;;;;;;;;;;;;;;;;;;
17:34:56;12;43;9999;065;124;05;111111111111000000000000;000000000000000000000000;11101000;000;_;e;10;001101000100000000000000;____;04;039;071;025;037;042;024;0555154031;;;;;;;;;;;;;;;;;;;;;;;;;;;;;;;;;;;;;;;;;;;;;;;;;;
17:35:03;12;44;9999;065;522;09;111111111111000000000000;000000000000000000000000;11101000;000;_;e;10;001111000000000000000000;____;03;041;078;042;033;045;060;0555995229;;;;;;;;;;;;;;;;;;;;;;;;;;;;;;;;;;;;;;;;;;;;;;;;;;
17:35:06;12;45;9999;075;210;09;111111111111000000000000;000000000000000000000000;11101000;000;_;e;10;000000001000000000000000;____;09;087;071;012;063;087;041;0425643840;;;;;;;;;;;;;;;;;;;;;;;;;;;;;;;;;;;;;;;;;;;;;;;;;;
17:35:28;12;46;9999;075;999;09;111111111111000000000000;000000000000000000000000;11101000;000;_;e;10;000011101100000000000000;____;06;044;054;028;041;062;064;0425642790;;;;;;;;;;;;;;;;;;;;;;;;;;;;;;;;;;;;;;;;;;;;;;;;;;
17:36:41;12;47;9999;056;999;09;111111111111000000000000;000000000000000000000000;11101000;000;_;e;10;001111101111000000000000;____;10;-07;060;008;-10;014;306;0425646201;;;;;;;;;;;;;;;;;;;;;;;;;;;;;;;;;;;;;;;;;;;;;;;;;;
17:37:05;12;48;9999;057;999;08;111111111111000000000000;000000000000000000000000;11101000;000;_;e;10;000000001101000000000000;____;10;034;079;004;-05;034;011;0425642792;;;;;;;;;;;;;;;;;;;;;;;;;;;;;;;;;;;;;;;;;;;;;;;;;;
17:37:07;12;49;9999;064;062;09;111111111111000000000000;000000000000000000000000;11101000;000;_;e;10;110000000000000000000000;____;02;033;099;017;033;046;006;0316131944;;;;;;;;;;;;;;;;;;;;;;;;;;;;;;;;;;;;;;;;;;;;;;;;;;
17:37:49;12;50;9999;075;999;09;111111111111000000000000;000000000000000000000000;11101000;000;_;e;10;101011100100000000000000;____;06;047;070;031;034;050;073;0425642794;;;;;;;;;;;;;;;;;;;;;;;;;;;;;;;;;;;;;;;;;;;;;;;;;;
17:38:02;12;51;9999;074;999;08;111111111111000000000000;000000000000000000000000;11101000;000;_;e;10;001101101100000000000000;____;09;004;069;022;000;043;106;0425645722;;;;;;;;;;;;;;;;;;;;;;;;;;;;;;;;;;;;;;;;;;;;;;;;;;
17:41:06;12;52;9999;076;999;09;111111111111000000000000;000000000000000000000000;11101000;000;_;e;10;101111001100000000000000;____;04;036;077;033;027;040;091;0425642795;;;;;;;;;;;;;;;;;;;;;;;;;;;;;;;;;;;;;;;;;;;;;;;;;;
17:51:24;12;53;9999;078;999;09;111111111111000000000000;000000000000000000000000;11101000;000;_;e;10;001111001100000000000000;____;05;025;049;031;022;027;095;0425642799;;;;;;;;;;;;;;;;;;;;;;;;;;;;;;;;;;;;;;;;;;;;;;;;;;
17:51:28;12;54;9999;075;269;09;111111111111000000000000;000000000000000000000000;11101000;000;_;e;10;001010000100000000000000;____;10;057;056;040;051;058;089;0425646210;;;;;;;;;;;;;;;;;;;;;;;;;;;;;;;;;;;;;;;;;;;;;;;;;;
17:54:53;12;55;9999;075;999;09;111111111111000000000000;000000000000000000000000;11101000;000;_;e;10;101101001100000000000000;____;04;044;060;048;040;056;109;0425645726;;;;;;;;;;;;;;;;;;;;;;;;;;;;;;;;;;;;;;;;;;;;;;;;;;
17:55:40;12;56;9999;055;999;09;111111111111000000000000;000000000000000000000000;11101000;000;_;e;10;001111001100000000000000;____;09;031;071;040;026;032;110;0425646213;;;;;;;;;;;;;;;;;;;;;;;;;;;;;;;;;;;;;;;;;;;;;;;;;;
17:56:53;12;57;9999;071;999;09;111111111111000000000000;000000000000000000000000;11101000;000;_;e;10;001110000100000000000000;____;10;-10;070;009;-12;035;086;0425645727;;;;;;;;;;;;;;;;;;;;;;;;;;;;;;;;;;;;;;;;;;;;;;;;;;
17:58:43;12;58;9999;058;999;09;111111111111000000000000;000000000000000000000000;11101000;000;_;e;10;000001010111000000000000;____;11;000;062;004;-05;019;045;0425645728;;;;;;;;;;;;;;;;;;;;;;;;;;;;;;;;;;;;;;;;;;;;;;;;;;
17:59:00;12;59;9999;075;999;09;111111111111000000000000;000000000000000000000000;11101000;000;_;e;10;001111001100000000000000;____;10;038;073;034;017;039;153;0425646214;;;;;;;;;;;;;;;;;;;;;;;;;;;;;;;;;;;;;;;;;;;;;;;;;;
17:59:34;12;60;9999;075;999;09;111111111111000000000000;000000000000000000000000;11101000;000;_;e;10;001111001100000000000000;____;06;037;056;033;009;056;127;0425646215;;;;;;;;;;;;;;;;;;;;;;;;;;;;;;;;;;;;;;;;;;;;;;;;;;
18:07:28;12;61;9999;074;999;09;111111111111000000000000;000000000000000000000000;11101000;000;_;e;10;010000000000000000000000;____;02;022;094;021;022;022;002;0425646218;;;;;;;;;;;;;;;;;;;;;;;;;;;;;;;;;;;;;;;;;;;;;;;;;;
18:15:22;12;62;9999;078;999;09;111111111111000000000000;000000000000000000000000;11101000;000;_;e;10;001111001100000000000000;____;09;063;051;011;042;066;137;0425646414;;;;;;;;;;;;;;;;;;;;;;;;;;;;;;;;;;;;;;;;;;;;;;;;;;
18:26:15;12;63;9999;077;999;09;111111111111000000000000;000000000000000000000000;11101000;000;_;e;10;011111001000000000000000;____;03;029;081;030;014;033;112;0425646224;;;;;;;;;;;;;;;;;;;;;;;;;;;;;;;;;;;;;;;;;;;;;;;;;;
18:50:30;12;64;9999;075;999;09;111111111111000000000000;000000000000000000000000;11101000;000;_;e;10;101100000100000000000000;____;03;036;084;031;006;037;107;0425646436;;;;;;;;;;;;;;;;;;;;;;;;;;;;;;;;;;;;;;;;;;;;;;;;;;
18:53:30;12;65;9999;067;999;09;111111111111000000000000;000000000000000000000000;11101000;000;_;e;10;110000000000000000000000;____;02;033;100;023;031;033;021;0425645746;;;;;;;;;;;;;;;;;;;;;;;;;;;;;;;;;;;;;;;;;;;;;;;;;;
18:53:57;12;66;9999;074;999;08;111111111111000000000000;000000000000000000000000;11101000;000;_;e;10;001101001100000000000000;____;09;075;072;029;039;075;095;0425646237;;;;;;;;;;;;;;;;;;;;;;;;;;;;;;;;;;;;;;;;;;;;;;;;;;
19:05:29;12;67;9999;063;999;09;111111111111000000000000;000000000000000000000000;11101000;000;_;e;10;000110010100000000000000;____;10;-02;078;007;-04;026;079;0425646246;;;;;;;;;;;;;;;;;;;;;;;;;;;;;;;;;;;;;;;;;;;;;;;;;;
19:19:10;12;68;9999;059;999;09;111111111111000000000000;000000000000000000000000;11101000;000;_;e;10;000011110000000000000000;____;05;029;037;006;029;032;080;0425603313;;;;;;;;;;;;;;;;;;;;;;;;;;;;;;;;;;;;;;;;;;;;;;;;;;
19:27:15;12;69;9999;071;999;08;111111111111000000000000;000000000000000000000000;11101000;000;_;e;10;110000001100000000000000;____;01;038;103;009;009;040;037;0425551190;;;;;;;;;;;;;;;;;;;;;;;;;;;;;;;;;;;;;;;;;;;;;;;;;;
19:29:11;12;70;9999;074;999;09;111111111111000000000000;000000000000000000000000;11101000;000;_;e;10;011111101100000000000000;____;09;058;068;028;032;061;117;0425599345;;;;;;;;;;;;;;;;;;;;;;;;;;;;;;;;;;;;;;;;;;;;;;;;;;
19:36:03;12;71;9999;047;999;09;111111111111000000000000;000000000000000000000000;11101000;000;_;e;10;111010000001000000000000;____;05;019;098;027;-18;027;066;0425646452;;;;;;;;;;;;;;;;;;;;;;;;;;;;;;;;;;;;;;;;;;;;;;;;;;
19:40:29;12;72;9999;079;999;09;111111111111000000000000;000000000000000000000000;11101000;000;_;e;10;101110001100000000000000;____;05;032;063;047;017;041;099;0425646902;;;;;;;;;;;;;;;;;;;;;;;;;;;;;;;;;;;;;;;;;;;;;;;;;;
20:08:26;12;73;9999;072;999;09;111111111111000000000000;000000000000000000000000;11101000;000;_;e;10;001111001100000000000000;____;05;044;036;014;028;048;091;0425603315;;;;;;;;;;;;;;;;;;;;;;;;;;;;;;;;;;;;;;;;;;;;;;;;;;
20:09:48;12;74;9999;054;999;09;111111111111000000000000;000000000000000000000000;11101000;000;_;e;10;001101100101000000000000;____;10;-04;073;009;-07;019;083;0425551193;;;;;;;;;;;;;;;;;;;;;;;;;;;;;;;;;;;;;;;;;;;;;;;;;;
20:14:26;12;75;9999;067;999;09;111111111111000000000000;000000000000000000000000;11101000;000;_;e;10;001111000111000000000000;____;10;-08;069;011;-17;-01;113;0425603316;;;;;;;;;;;;;;;;;;;;;;;;;;;;;;;;;;;;;;;;;;;;;;;;;;
20:16:08;12;76;9999;075;999;09;111111111111000000000000;000000000000000000000000;11101000;000;_;e;10;001111000000000000000000;____;06;033;062;037;031;035;055;0425643846;;;;;;;;;;;;;;;;;;;;;;;;;;;;;;;;;;;;;;;;;;;;;;;;;;
20:26:42;12;77;9999;074;999;09;111111111111000000000000;000000000000000000000000;11101000;000;_;e;10;001111000100000000000000;____;06;034;056;017;015;036;058;0425551198;;;;;;;;;;;;;;;;;;;;;;;;;;;;;;;;;;;;;;;;;;;;;;;;;;
20:28:23;12;78;9999;062;999;09;111111111111000000000000;000000000000000000000000;11101000;000;_;e;10;001101101100000000000000;____;10;027;081;040;019;042;161;0425603321;;;;;;;;;;;;;;;;;;;;;;;;;;;;;;;;;;;;;;;;;;;;;;;;;;
20:30:14;12;79;9999;058;999;09;111111111111000000000000;000000000000000000000000;11101000;000;_;e;10;001001000110000000000000;____;06;-02;057;001;-06;001;130;0425646909;;;;;;;;;;;;;;;;;;;;;;;;;;;;;;;;;;;;;;;;;;;;;;;;;;
20:36:51;12;80;9999;057;999;08;111111111111000000000000;000000000000000000000000;11101000;000;_;e;10;000000110100000000000000;____;07;-04;063;026;-05;-02;043;0425643849;;;;;;;;;;;;;;;;;;;;;;;;;;;;;;;;;;;;;;;;;;;;;;;;;;
20:39:12;12;81;9999;084;999;09;111111111111000000000000;000000000000000000000000;11101000;000;_;e;10;100010000000000000000000;____;01;030;098;022;019;030;041;0425646911;;;;;;;;;;;;;;;;;;;;;;;;;;;;;;;;;;;;;;;;;;;;;;;;;;
20:39:16;12;82;9999;065;205;09;111111111111000000000000;000000000000000000000000;11101000;000;_;e;10;110100000100000000000000;____;01;032;102;012;020;033;051;0425646706;;;;;;;;;;;;;;;;;;;;;;;;;;;;;;;;;;;;;;;;;;;;;;;;;;
20:40:03;12;83;9999;054;999;09;111111111111000000000000;000000000000000000000000;11101000;000;_;e;10;001111100100000000000000;____;03;019;070;034;017;021;078;0425646912;;;;;;;;;;;;;;;;;;;;;;;;;;;;;;;;;;;;;;;;;;;;;;;;;;
20:41:28;12;84;9999;073;999;09;111111111111000000000000;000000000000000000000000;11010000;000;_;;;;;;;;;;;;;;;;;;;;;;;;;;;;;;;;;;;;;;;;;;;;;;;;;;;;;;;;;;;;;;
20:43:32;12;85;9999;076;999;09;111111111111000000000000;000000000000000000000000;11101000;000;_;e;10;010011101000000000000000;____;07;041;040;038;040;048;091;0425646913;;;;;;;;;;;;;;;;;;;;;;;;;;;;;;;;;;;;;;;;;;;;;;;;;;
20:49:22;12;86;9999;074;999;09;111111111111000000000000;000000000000000000000000;11101000;000;_;e;10;001111001100000000000000;____;10;072;066;020;016;081;084;0425599390;;;;;;;;;;;;;;;;;;;;;;;;;;;;;;;;;;;;;;;;;;;;;;;;;;
20:55:54;12;87;9999;075;999;09;111111111111000000000000;000000000000000000000000;11101000;000;_;e;10;000000001100000000000000;____;09;010;055;021;005;010;024;0425646113;;;;;;;;;;;;;;;;;;;;;;;;;;;;;;;;;;;;;;;;;;;;;;;;;;
20:56:36;12;88;9999;073;999;09;111111111111000000000000;000000000000000000000000;11101000;000;_;e;10;111100000100000000000000;____;02;038;100;024;037;039;051;0425603339;;;;;;;;;;;;;;;;;;;;;;;;;;;;;;;;;;;;;;;;;;;;;;;;;;
20:56:41;12;89;9999;075;348;09;111111111111000000000000;000000000000000000000000;11101000;000;_;e;10;001101000000000000000000;____;04;045;085;023;035;047;049;0425643862;;;;;;;;;;;;;;;;;;;;;;;;;;;;;;;;;;;;;;;;;;;;;;;;;;
20:57:20;12;90;9999;074;999;09;111111111111000000000000;000000000000000000000000;11101000;000;_;e;10;001101000100000000000000;____;10;-12;079;020;-12;029;055;0425646117;;;;;;;;;;;;;;;;;;;;;;;;;;;;;;;;;;;;;;;;;;;;;;;;;;
20:59:10;12;91;9999;078;999;09;111111111111000000000000;000000000000000000000000;11101000;000;_;e;10;000011101100000000000000;____;06;042;053;013;016;044;031;0425646712;;;;;;;;;;;;;;;;;;;;;;;;;;;;;;;;;;;;;;;;;;;;;;;;;;
21:00:48;12;92;9999;057;999;09;111111111111000000000000;000000000000000000000000;11101000;000;_;e;10;000011111101000000000000;____;07;039;054;017;035;056;099;0425646915;;;;;;;;;;;;;;;;;;;;;;;;;;;;;;;;;;;;;;;;;;;;;;;;;;
21:01:07;12;93;9999;075;999;09;111111111111000000000000;000000000000000000000000;11101000;000;_;e;10;001101001100000000000000;____;03;040;071;032;038;043;098;0425645825;;;;;;;;;;;;;;;;;;;;;;;;;;;;;;;;;;;;;;;;;;;;;;;;;;
21:01:57;12;94;9999;075;999;09;111111111111000000000000;000000000000000000000000;11101000;000;_;e;10;001111000100000000000000;____;06;043;053;019;031;045;070;0425646509;;;;;;;;;;;;;;;;;;;;;;;;;;;;;;;;;;;;;;;;;;;;;;;;;;
21:02:05;12;95;9999;074;635;09;111111111111000000000000;000000000000000000000000;11101000;000;_;e;10;001111001100000000000000;____;04;051;069;039;043;053;148;0425646119;;;;;;;;;;;;;;;;;;;;;;;;;;;;;;;;;;;;;;;;;;;;;;;;;;
21:02:14;12;96;9999;077;652;08;111111111111000000000000;000000000000000000000000;11101000;000;_;e;10;110000001100000000000000;____;02;038;100;008;001;044;037;0425646120;;;;;;;;;;;;;;;;;;;;;;;;;;;;;;;;;;;;;;;;;;;;;;;;;;
21:02:44;12;97;9999;075;999;09;111111111111000000000000;000000000000000000000000;11101000;000;_;e;10;011111001100000000000000;____;09;047;073;031;040;049;140;0425603340;;;;;;;;;;;;;;;;;;;;;;;;;;;;;;;;;;;;;;;;;;;;;;;;;;
21:10:42;12;98;9999;072;999;09;111111111111000000000000;000000000000000000000000;11101000;000;_;e;10;001000001000000000000000;____;09;018;089;024;018;044;011;0425646917;;;;;;;;;;;;;;;;;;;;;;;;;;;;;;;;;;;;;;;;;;;;;;;;;;
21:14:06;12;99;9999;075;999;09;111111111111000000000000;000000000000000000000000;11101000;000;_;e;10;001111001100000000000000;____;04;052;067;033;046;052;154;0425646129;;;;;;;;;;;;;;;;;;;;;;;;;;;;;;;;;;;;;;;;;;;;;;;;;;
21:18:40;12;01;9999;072;999;09;111111111111000000000000;000000000000000000000000;11101000;000;_;e;10;100001000000000000000000;____;01;037;100;017;037;048;017;0425646131;;;;;;;;;;;;;;;;;;;;;;;;;;;;;;;;;;;;;;;;;;;;;;;;;;
21:32:12;12;02;9999;051;999;09;111111111111000000000000;000000000000000000000000;11101000;000;_;e;10;110000000000000000000000;____;02;021;100;009;021;023;051;0425643876;;;;;;;;;;;;;;;;;;;;;;;;;;;;;;;;;;;;;;;;;;;;;;;;;;
21:34:18;12;03;9999;068;999;08;111111111111000000000000;000000000000000000000000;11101000;000;_;e;10;001110101100000000000000;____;03;-11;077;008;-15;038;089;0425646139;;;;;;;;;;;;;;;;;;;;;;;;;;;;;;;;;;;;;;;;;;;;;;;;;;
21:44:35;12;04;9999;063;999;09;111111111111000000000000;000000000000000000000000;11101000;000;_;e;10;001111001100000000000000;____;10;-08;081;006;-11;043;193;0425645828;;;;;;;;;;;;;;;;;;;;;;;;;;;;;;;;;;;;;;;;;;;;;;;;;;
21:45:49;12;05;9999;074;999;09;111111111111000000000000;000000000000000000000000;11101000;000;_;e;10;001111101100000000000000;____;06;026;067;033;024;041;135;0425646930;;;;;;;;;;;;;;;;;;;;;;;;;;;;;;;;;;;;;;;;;;;;;;;;;;
21:49:30;12;06;9999;067;999;09;111111111111000000000000;000000000000000000000000;11101000;000;_;e;10;000010100000000000000000;____;07;041;035;016;039;041;039;0425646518;;;;;;;;;;;;;;;;;;;;;;;;;;;;;;;;;;;;;;;;;;;;;;;;;;
21:53:54;12;07;9999;076;999;09;111111111111000000000000;000000000000000000000000;11101000;000;_;e;10;001100000100000000000000;____;03;063;056;023;023;066;035;0425646149;;;;;;;;;;;;;;;;;;;;;;;;;;;;;;;;;;;;;;;;;;;;;;;;;;
21:55:49;12;08;9999;075;999;09;111111111111000000000000;000000000000000000000000;11010000;000;_;;;;;;;;;;;;;;;;;;;;;;;;;;;;;;;;;;;;;;;;;;;;;;;;;;;;;;;;;;;;;;
21:57:32;12;09;9999;075;999;09;111111111111000000000000;000000000000000000000000;11101000;000;_;e;10;111100001100000000000000;____;09;052;076;032;047;052;095;0425646151;;;;;;;;;;;;;;;;;;;;;;;;;;;;;;;;;;;;;;;;;;;;;;;;;;
22:05:03;12;10;9999;062;999;09;111111111111000000000000;000000000000000000000000;11101000;000;_;e;10;100110000101000000000000;____;10;005;080;004;-03;045;093;0425603355;;;;;;;;;;;;;;;;;;;;;;;;;;;;;;;;;;;;;;;;;;;;;;;;;;
22:12:19;12;11;9999;064;999;09;111111111111000000000000;000000000000000000000000;11101000;000;_;e;10;110000000000000000000000;____;01;033;101;013;032;034;062;0425603357;;;;;;;;;;;;;;;;;;;;;;;;;;;;;;;;;;;;;;;;;;;;;;;;;;
22:20:08;12;12;9999;074;999;09;111111111111000000000000;000000000000000000000000;11101000;000;_;e;10;111111001100000000000000;____;01;029;089;036;029;073;140;0425646159;;;;;;;;;;;;;;;;;;;;;;;;;;;;;;;;;;;;;;;;;;;;;;;;;;
22:23:07;12;13;9999;072;999;09;111111111111000000000000;000000000000000000000000;11101000;000;_;e;10;001111001101000000000000;____;03;-03;071;011;-09;027;163;0425646529;;;;;;;;;;;;;;;;;;;;;;;;;;;;;;;;;;;;;;;;;;;;;;;;;;
22:30:35;12;14;9999;078;999;09;111111111111000000000000;000000000000000000000000;11101000;000;_;e;10;111000000000000000000000;____;01;042;098;010;040;043;067;0425646935;;;;;;;;;;;;;;;;;;;;;;;;;;;;;;;;;;;;;;;;;;;;;;;;;;
22:36:59;12;15;9999;075;999;09;111111111111000000000000;000000000000000000000000;11101000;000;_;e;10;001111001100000000000000;____;10;038;068;041;035;039;215;0425646161;;;;;;;;;;;;;;;;;;;;;;;;;;;;;;;;;;;;;;;;;;;;;;;;;;
22:45:39;12;16;9999;074;999;09;111111111111000000000000;000000000000000000000000;11101000;000;_;e;10;001111000100000000000000;____;05;041;057;032;023;044;119;0425646540;;;;;;;;;;;;;;;;;;;;;;;;;;;;;;;;;;;;;;;;;;;;;;;;;;
22:48:12;12;17;9999;075;999;09;111111111111000000000000;000000000000000000000000;11101000;000;_;e;10;001011001100000000000000;____;03;007;052;007;006;035;102;0425643886;;;;;;;;;;;;;;;;;;;;;;;;;;;;;;;;;;;;;;;;;;;;;;;;;;
