RDT400 Server V3.30
Site: 
System: Barcode scanner PLC02 (Sick); System type: OPS
Date: 19-12-2024  00:00:09
Date    ;ID;CT;IDX ;TLE;TGA;V ;DEVICE LIST             ;ERROR LIST              ;OUTPUT  ;ENR;R;CODE1 ID;LENGTH;READ LIST;RES;CLV ID;XPOS;YPOS;ZPOS;XMIN;XMAX;CS;CODE CONTENT;XPOS;YPOS;ZPOS;XMIN;XMAX;CS;CODE CONTENT;CODE2 ID;LENGTH;READ LIST;RES;CLV ID;XPOS;YPOS;ZPOS;XMIN;XMAX;CS;CODE CONTENT;XPOS;YPOS;ZPOS;XMIN;XMAX;CS;CODE CONTENT;CODE3 ID;LENGTH;READ LIST;RES;CLV ID;XPOS;YPOS;ZPOS;XMIN;XMAX;CS;CODE CONTENT;XPOS;YPOS;ZPOS;XMIN;XMAX;CS;CODE CONTENT;INFO1;INFO2;CUSTOM1;CUSTOM2;
04:23:42;12;33;9999;067;999;09;111111111111000000000000;000000000000000000000000;11101000;000;_;e;10;010000000100000000000000;____;10;002;080;004;-03;029;034;0425607362;;;;;;;;;;;;;;;;;;;;;;;;;;;;;;;;;;;;;;;;;;;;;;;;;;
04:29:05;12;34;9999;075;999;09;111111111111000000000000;000000000000000000000000;11101000;000;_;e;10;001111001100000000000000;____;09;044;069;023;029;044;034;0425612164;;;;;;;;;;;;;;;;;;;;;;;;;;;;;;;;;;;;;;;;;;;;;;;;;;
04:51:10;12;35;9999;076;999;08;111111111111000000000000;000000000000000000000000;11101000;000;_;e;10;110000001100000000000000;____;02;045;099;025;002;048;047;0425611560;;;;;;;;;;;;;;;;;;;;;;;;;;;;;;;;;;;;;;;;;;;;;;;;;;
04:57:50;12;36;9999;056;999;08;111111111111000000000000;000000000000000000000000;11101000;000;_;e;10;101111000000000000000000;____;03;031;083;042;001;032;053;0425611775;;;;;;;;;;;;;;;;;;;;;;;;;;;;;;;;;;;;;;;;;;;;;;;;;;
05:05:11;12;37;9999;063;999;09;111111111111000000000000;000000000000000000000000;11101000;000;_;e;10;000000100011000000000000;____;07;036;049;009;007;036;019;0425611776;;;;;;;;;;;;;;;;;;;;;;;;;;;;;;;;;;;;;;;;;;;;;;;;;;
05:06:06;12;38;9999;074;999;09;111111111111000000000000;000000000000000000000000;11101000;000;_;e;10;000011111000000000000000;____;06;049;052;028;049;059;097;0425611031;;;;;;;;;;;;;;;;;;;;;;;;;;;;;;;;;;;;;;;;;;;;;;;;;;
05:06:24;12;39;9999;075;999;09;111111111111000000000000;000000000000000000000000;11101000;000;_;e;10;001111001100000000000000;____;04;038;075;032;034;040;052;0425611030;;;;;;;;;;;;;;;;;;;;;;;;;;;;;;;;;;;;;;;;;;;;;;;;;;
05:11:40;12;40;9999;074;999;08;111111111111000000000000;000000000000000000000000;11101000;000;_;e;10;110100000100000000000000;____;10;036;085;020;035;041;116;0425614022;;;;;;;;;;;;;;;;;;;;;;;;;;;;;;;;;;;;;;;;;;;;;;;;;;
05:12:26;12;41;9999;056;999;09;111111111111000000000000;000000000000000000000000;11101000;000;_;e;10;001100000101000000000000;____;10;-02;075;001;-03;001;091;0425611563;;;;;;;;;;;;;;;;;;;;;;;;;;;;;;;;;;;;;;;;;;;;;;;;;;
05:12:31;12;42;9999;074;349;09;111111111111000000000000;000000000000000000000000;11101000;000;_;e;10;111110001000000000000000;____;03;049;080;031;007;053;048;0425611777;;;;;;;;;;;;;;;;;;;;;;;;;;;;;;;;;;;;;;;;;;;;;;;;;;
05:14:52;12;43;9999;078;999;09;111111111111000000000000;000000000000000000000000;11101000;000;_;e;10;101110000100000000000000;____;04;035;077;033;024;038;081;0425611033;;;;;;;;;;;;;;;;;;;;;;;;;;;;;;;;;;;;;;;;;;;;;;;;;;
05:15:35;12;44;9999;070;999;08;111111111111000000000000;000000000000000000000000;11101000;000;_;e;10;000110000100000000000000;____;04;057;037;026;055;061;087;0425607375;;;;;;;;;;;;;;;;;;;;;;;;;;;;;;;;;;;;;;;;;;;;;;;;;;
05:17:17;12;45;9999;074;999;09;111111111111000000000000;000000000000000000000000;11101000;000;_;e;10;001111001100000000000000;____;03;039;076;027;033;041;082;0425611038;;;;;;;;;;;;;;;;;;;;;;;;;;;;;;;;;;;;;;;;;;;;;;;;;;
05:19:25;12;46;9999;047;999;09;111111111111000000000000;000000000000000000000000;11101000;000;_;e;10;101101001101000000000000;____;03;-06;074;013;-07;017;140;0425614023;;;;;;;;;;;;;;;;;;;;;;;;;;;;;;;;;;;;;;;;;;;;;;;;;;
05:20:29;12;47;9999;074;999;09;111111111111000000000000;000000000000000000000000;11101000;000;_;e;10;111100000000000000000000;____;01;039;089;028;039;044;066;0425611565;;;;;;;;;;;;;;;;;;;;;;;;;;;;;;;;;;;;;;;;;;;;;;;;;;
05:21:04;12;48;9999;050;999;09;111111111111000000000000;000000000000000000000000;11101000;000;_;e;10;000100000100000000000000;____;10;000;083;018;-01;022;061;0425611257;;;;;;;;;;;;;;;;;;;;;;;;;;;;;;;;;;;;;;;;;;;;;;;;;;
05:21:47;12;49;9999;069;999;08;111111111111000000000000;000000000000000000000000;11101000;000;_;e;10;111000000000000000000000;____;01;033;099;014;033;053;036;0425611256;;;;;;;;;;;;;;;;;;;;;;;;;;;;;;;;;;;;;;;;;;;;;;;;;;
05:24:46;12;50;9999;076;999;09;111111111111000000000000;000000000000000000000000;11101000;000;_;e;10;001100000100000000000000;____;10;014;076;020;012;021;078;0425610264;;;;;;;;;;;;;;;;;;;;;;;;;;;;;;;;;;;;;;;;;;;;;;;;;;
05:25:16;12;51;9999;074;999;09;111111111111000000000000;000000000000000000000000;11101000;000;_;e;10;001111001100000000000000;____;06;039;055;035;039;044;074;0425614025;;;;;;;;;;;;;;;;;;;;;;;;;;;;;;;;;;;;;;;;;;;;;;;;;;
05:25:33;12;52;9999;053;999;09;111111111111000000000000;000000000000000000000000;11101000;000;_;e;10;000000001001000000000000;____;09;058;064;015;051;058;035;0425610265;;;;;;;;;;;;;;;;;;;;;;;;;;;;;;;;;;;;;;;;;;;;;;;;;;
05:27:16;12;53;9999;075;999;09;111111111111000000000000;000000000000000000000000;11101000;000;_;e;10;000000000100000000000000;____;10;072;070;021;024;072;037;0425611569;;;;;;;;;;;;;;;;;;;;;;;;;;;;;;;;;;;;;;;;;;;;;;;;;;
05:27:46;12;54;9999;070;999;09;111111111111000000000000;000000000000000000000000;11101000;000;_;e;10;110000000000000000000000;____;01;040;101;011;039;041;048;0425607378;;;;;;;;;;;;;;;;;;;;;;;;;;;;;;;;;;;;;;;;;;;;;;;;;;
05:27:54;12;55;9999;073;664;09;111111111111000000000000;000000000000000000000000;11101000;000;_;e;10;000011111100000000000000;____;05;049;054;024;048;052;099;0425614026;;;;;;;;;;;;;;;;;;;;;;;;;;;;;;;;;;;;;;;;;;;;;;;;;;
05:29:45;12;56;9999;065;999;09;111111111111000000000000;000000000000000000000000;11101000;000;_;e;10;010000000100000000000000;____;10;-01;073;012;-03;002;053;0425611778;;;;;;;;;;;;;;;;;;;;;;;;;;;;;;;;;;;;;;;;;;;;;;;;;;
05:34:41;12;57;9999;079;999;09;111111111111000000000000;000000000000000000000000;11101000;000;_;e;10;000011001000000000000000;____;05;034;055;032;034;045;074;0425607380;;;;;;;;;;;;;;;;;;;;;;;;;;;;;;;;;;;;;;;;;;;;;;;;;;
05:34:57;12;58;9999;061;999;09;111111111111000000000000;000000000000000000000000;11101000;000;_;e;10;001000000100000000000000;____;10;001;078;020;001;036;035;0425614027;;;;;;;;;;;;;;;;;;;;;;;;;;;;;;;;;;;;;;;;;;;;;;;;;;
05:36:23;12;59;9999;076;999;09;111111111111000000000000;000000000000000000000000;11101000;000;_;e;10;011111000100000000000000;____;06;051;076;028;048;053;093;0425607381;;;;;;;;;;;;;;;;;;;;;;;;;;;;;;;;;;;;;;;;;;;;;;;;;;
05:36:40;12;60;9999;075;999;09;111111111111000000000000;000000000000000000000000;11101000;000;_;e;10;001111001100000000000000;____;10;035;069;023;029;073;236;0425611570;;;;;;;;;;;;;;;;;;;;;;;;;;;;;;;;;;;;;;;;;;;;;;;;;;
05:37:10;12;61;9999;056;999;09;111111111111000000000000;000000000000000000000000;11101000;000;_;e;10;111000000000000000000000;____;01;033;098;009;033;045;030;0425611781;;;;;;;;;;;;;;;;;;;;;;;;;;;;;;;;;;;;;;;;;;;;;;;;;;
05:38:22;12;62;9999;056;999;09;111111111111000000000000;000000000000000000000000;11101000;000;_;e;10;000000000100000000000000;____;10;001;079;013;001;002;018;0425611041;;;;;;;;;;;;;;;;;;;;;;;;;;;;;;;;;;;;;;;;;;;;;;;;;;
05:39:06;12;63;9999;074;999;09;111111111111000000000000;000000000000000000000000;11101000;000;_;e;10;111111011000000000000000;____;06;045;068;055;030;046;165;0425611783;;;;;;;;;;;;;;;;;;;;;;;;;;;;;;;;;;;;;;;;;;;;;;;;;;
05:39:09;12;64;9999;074;244;09;111111111111000000000000;000000000000000000000000;11010000;000;_;;;;;;;;;;;;;;;;;;;;;;;;;;;;;;;;;;;;;;;;;;;;;;;;;;;;;;;;;;;;;;
05:40:31;12;65;9999;076;999;09;111111111111000000000000;000000000000000000000000;11101000;000;_;e;10;000100000000000000000000;____;04;022;059;030;022;022;002;0425611043;;;;;;;;;;;;;;;;;;;;;;;;;;;;;;;;;;;;;;;;;;;;;;;;;;
05:40:35;12;66;9999;056;265;09;111111111111000000000000;000000000000000000000000;11101000;000;_;e;10;001001001100000000000000;____;10;000;080;014;-01;026;025;0425611044;;;;;;;;;;;;;;;;;;;;;;;;;;;;;;;;;;;;;;;;;;;;;;;;;;
05:41:01;12;67;9999;074;999;09;111111111111000000000000;000000000000000000000000;11101000;000;_;e;10;001111001100000000000000;____;10;025;075;030;022;053;172;0425610268;;;;;;;;;;;;;;;;;;;;;;;;;;;;;;;;;;;;;;;;;;;;;;;;;;
05:42:14;12;68;9999;106;999;09;111111111111000000000000;000000000000000000000000;11101000;000;_;e;10;001111100000000000000000;____;06;075;068;038;050;081;118;0425611784;;;;;;;;;;;;;;;;;;;;;;;;;;;;;;;;;;;;;;;;;;;;;;;;;;
05:42:18;12;69;9999;054;190;09;111111111111000000000000;000000000000000000000000;11101000;000;_;e;10;000000001100000000000000;____;10;010;082;024;004;012;010;0425611572;;;;;;;;;;;;;;;;;;;;;;;;;;;;;;;;;;;;;;;;;;;;;;;;;;
05:42:26;12;70;9999;070;673;09;111111111111000000000000;000000000000000000000000;11101000;000;_;e;10;011100000000000000000000;____;04;043;090;019;041;043;052;0425611263;;;;;;;;;;;;;;;;;;;;;;;;;;;;;;;;;;;;;;;;;;;;;;;;;;
05:45:47;12;71;9999;074;999;09;111111111111000000000000;000000000000000000000000;11101000;000;_;e;10;001011011100000000000000;____;06;047;055;023;019;051;073;0425610271;;;;;;;;;;;;;;;;;;;;;;;;;;;;;;;;;;;;;;;;;;;;;;;;;;
05:46:39;12;72;9999;065;999;09;111111111111000000000000;000000000000000000000000;11101000;000;_;e;10;110100000000000000000000;____;01;039;100;020;018;040;057;0425610272;;;;;;;;;;;;;;;;;;;;;;;;;;;;;;;;;;;;;;;;;;;;;;;;;;
05:46:47;12;73;9999;058;639;09;111111111111000000000000;000000000000000000000000;11101000;000;_;e;10;100000101100000000000000;____;10;025;073;024;023;025;018;0425611573;;;;;;;;;;;;;;;;;;;;;;;;;;;;;;;;;;;;;;;;;;;;;;;;;;
05:47:30;12;74;9999;058;999;09;111111111111000000000000;000000000000000000000000;11001000;000;_;e;10;111000001101000000000000;____;02;035;096;019;013;037;034;0425610273;024;082;023;022;025;011;0425582427;;;;;;;;;;;;;;;;;;;;;;;;;;;;;;;;;;;;;;;;;;;
05:47:38;12;75;9999;063;688;08;111111111111000000000000;000000000000000000000000;11101000;000;_;e;10;000000000101000000000000;____;10;000;073;003;-01;020;071;0425611574;;;;;;;;;;;;;;;;;;;;;;;;;;;;;;;;;;;;;;;;;;;;;;;;;;
05:48:29;12;76;9999;054;999;09;111111111111000000000000;000000000000000000000000;11101000;000;_;e;10;001101110111000000000000;____;06;-07;062;000;-08;020;160;0425610274;;;;;;;;;;;;;;;;;;;;;;;;;;;;;;;;;;;;;;;;;;;;;;;;;;
05:49:08;12;77;9999;055;999;09;111111111111000000000000;000000000000000000000000;11101000;000;_;e;10;001111000101000000000000;____;05;032;052;000;031;036;068;0425610275;;;;;;;;;;;;;;;;;;;;;;;;;;;;;;;;;;;;;;;;;;;;;;;;;;
05:50:43;12;78;9999;074;999;09;111111111111000000000000;000000000000000000000000;11101000;000;_;e;10;100000000000000000000000;____;01;037;098;019;037;037;038;0425611576;;;;;;;;;;;;;;;;;;;;;;;;;;;;;;;;;;;;;;;;;;;;;;;;;;
05:50:47;12;79;9999;079;328;09;111111111111000000000000;000000000000000000000000;11101000;000;_;e;10;000011001000000000000000;____;09;031;054;047;026;031;036;0425611266;;;;;;;;;;;;;;;;;;;;;;;;;;;;;;;;;;;;;;;;;;;;;;;;;;
05:51:59;12;80;9999;058;999;09;111111111111000000000000;000000000000000000000000;11101000;000;_;e;10;001110000100000000000000;____;04;024;087;035;012;026;040;0425610276;;;;;;;;;;;;;;;;;;;;;;;;;;;;;;;;;;;;;;;;;;;;;;;;;;
05:52:25;12;81;9999;071;999;09;111111111111000000000000;000000000000000000000000;11101000;000;_;e;10;010000011101000000000000;____;09;-09;075;020;-09;039;061;0425611048;;;;;;;;;;;;;;;;;;;;;;;;;;;;;;;;;;;;;;;;;;;;;;;;;;
05:53:08;12;82;9999;075;999;09;111111111111000000000000;000000000000000000000000;11101000;000;_;e;10;111110000000000000000000;____;04;036;080;022;023;037;062;0425611047;;;;;;;;;;;;;;;;;;;;;;;;;;;;;;;;;;;;;;;;;;;;;;;;;;
05:54:04;12;83;9999;058;999;09;111111111111000000000000;000000000000000000000000;11101000;000;_;e;10;000000000100000000000000;____;10;-01;080;015;-01;-01;003;0425611578;;;;;;;;;;;;;;;;;;;;;;;;;;;;;;;;;;;;;;;;;;;;;;;;;;
05:55:20;12;84;9999;074;999;09;111111111111000000000000;000000000000000000000000;11101000;000;_;e;10;001001000000000000000000;____;06;031;065;035;029;031;010;0425611268;;;;;;;;;;;;;;;;;;;;;;;;;;;;;;;;;;;;;;;;;;;;;;;;;;
05:57:41;12;85;9999;053;999;09;111111111111000000000000;000000000000000000000000;11101000;000;_;e;10;001001001101000000000000;____;09;-01;086;019;-01;038;049;0425611052;;;;;;;;;;;;;;;;;;;;;;;;;;;;;;;;;;;;;;;;;;;;;;;;;;
05:57:46;12;86;9999;075;330;09;111111111111000000000000;000000000000000000000000;11101000;000;_;e;10;101111001000000000000000;____;05;034;064;040;009;039;127;0425611270;;;;;;;;;;;;;;;;;;;;;;;;;;;;;;;;;;;;;;;;;;;;;;;;;;
05:57:58;12;87;9999;075;978;09;111111111111000000000000;000000000000000000000000;11101000;000;_;e;10;111100001100000000000000;____;09;045;090;031;036;046;050;0425611054;;;;;;;;;;;;;;;;;;;;;;;;;;;;;;;;;;;;;;;;;;;;;;;;;;
05:58:24;12;88;9999;053;999;09;111111111111000000000000;000000000000000000000000;11101000;000;_;e;10;110001111000000000000000;____;09;-15;086;019;-15;000;072;0425611055;;;;;;;;;;;;;;;;;;;;;;;;;;;;;;;;;;;;;;;;;;;;;;;;;;
05:58:37;12;89;9999;067;999;09;111111111111000000000000;000000000000000000000000;11101000;000;_;e;10;000010111000000000000000;____;07;041;045;011;040;059;031;0425611056;;;;;;;;;;;;;;;;;;;;;;;;;;;;;;;;;;;;;;;;;;;;;;;;;;
05:58:54;12;90;9999;076;999;09;111111111111000000000000;000000000000000000000000;11101000;000;_;e;10;001101000100000000000000;____;03;011;059;006;008;035;056;0425612174;;;;;;;;;;;;;;;;;;;;;;;;;;;;;;;;;;;;;;;;;;;;;;;;;;
06:02:19;12;91;9999;074;999;09;111111111111000000000000;000000000000000000000000;11101000;000;_;e;10;011111001100000000000000;____;06;033;069;032;006;036;151;0425611788;;;;;;;;;;;;;;;;;;;;;;;;;;;;;;;;;;;;;;;;;;;;;;;;;;
06:03:10;12;92;9999;075;999;09;111111111111000000000000;000000000000000000000000;11101000;000;_;e;10;111100000000000000000000;____;01;037;090;039;036;043;080;0425611789;;;;;;;;;;;;;;;;;;;;;;;;;;;;;;;;;;;;;;;;;;;;;;;;;;
06:04:23;12;93;9999;074;999;09;111111111111000000000000;000000000000000000000000;11101000;000;_;e;10;010011110100000000000000;____;06;037;052;024;034;042;089;0425607389;;;;;;;;;;;;;;;;;;;;;;;;;;;;;;;;;;;;;;;;;;;;;;;;;;
06:05:02;12;94;9999;077;999;09;111111111111000000000000;000000000000000000000000;11101000;000;_;e;10;000000001100000000000000;____;10;073;087;018;034;073;034;0425611053;;;;;;;;;;;;;;;;;;;;;;;;;;;;;;;;;;;;;;;;;;;;;;;;;;
06:05:10;12;95;9999;079;612;09;111111111111000000000000;000000000000000000000000;11101000;000;_;e;10;110100000101000000000000;____;04;-01;079;007;-05;026;131;0425611274;;;;;;;;;;;;;;;;;;;;;;;;;;;;;;;;;;;;;;;;;;;;;;;;;;
06:06:57;12;96;9999;054;999;09;111111111111000000000000;000000000000000000000000;11101000;000;_;e;10;001011110000000000000000;____;06;025;057;013;024;029;071;0425611061;;;;;;;;;;;;;;;;;;;;;;;;;;;;;;;;;;;;;;;;;;;;;;;;;;
06:07:44;12;97;9999;074;999;09;111111111111000000000000;000000000000000000000000;11101000;000;_;e;10;010001110000000000000000;____;08;043;052;038;034;045;042;0425611062;;;;;;;;;;;;;;;;;;;;;;;;;;;;;;;;;;;;;;;;;;;;;;;;;;
06:10:14;12;98;9999;076;999;09;111111111111000000000000;000000000000000000000000;11101000;000;_;e;10;101011110000000000000000;____;06;047;054;026;042;050;077;0425611067;;;;;;;;;;;;;;;;;;;;;;;;;;;;;;;;;;;;;;;;;;;;;;;;;;
06:10:31;12;99;9999;077;999;09;111111111111000000000000;000000000000000000000000;11101000;000;_;e;10;011101000000000000000000;____;02;075;097;020;033;077;027;0425611584;;;;;;;;;;;;;;;;;;;;;;;;;;;;;;;;;;;;;;;;;;;;;;;;;;
06:10:40;12;01;9999;076;635;09;111111111111000000000000;000000000000000000000000;11101000;000;_;e;10;001100001100000000000000;____;04;032;080;008;016;048;033;0425611066;;;;;;;;;;;;;;;;;;;;;;;;;;;;;;;;;;;;;;;;;;;;;;;;;;
06:12:56;12;02;9999;058;999;09;111111111111000000000000;000000000000000000000000;11101000;000;_;e;10;010001010000000000000000;____;02;-03;083;016;-04;-01;016;0425614148;;;;;;;;;;;;;;;;;;;;;;;;;;;;;;;;;;;;;;;;;;;;;;;;;;
06:14:09;12;03;9999;074;999;09;111111111111000000000000;000000000000000000000000;11101000;000;_;e;10;101111000000000000000000;____;05;038;062;036;035;042;105;0425610281;;;;;;;;;;;;;;;;;;;;;;;;;;;;;;;;;;;;;;;;;;;;;;;;;;
06:14:48;12;04;9999;078;999;09;111111111111000000000000;000000000000000000000000;11101000;000;_;e;10;000101010000000000000000;____;04;030;055;022;011;030;061;0425611069;;;;;;;;;;;;;;;;;;;;;;;;;;;;;;;;;;;;;;;;;;;;;;;;;;
06:15:04;12;05;9999;053;999;09;111111111111000000000000;000000000000000000000000;11101000;000;_;e;10;001111011100000000000000;____;06;023;054;009;022;027;101;0425611587;;;;;;;;;;;;;;;;;;;;;;;;;;;;;;;;;;;;;;;;;;;;;;;;;;
06:15:56;12;06;9999;075;999;09;111111111111000000000000;000000000000000000000000;11101000;000;_;e;10;111110001100000000000000;____;09;049;070;030;043;049;091;0425611275;;;;;;;;;;;;;;;;;;;;;;;;;;;;;;;;;;;;;;;;;;;;;;;;;;
06:16:26;12;07;9999;073;999;09;111111111111000000000000;000000000000000000000000;11101000;000;_;e;10;011111111000000000000000;____;08;054;045;038;047;056;130;0425611583;;;;;;;;;;;;;;;;;;;;;;;;;;;;;;;;;;;;;;;;;;;;;;;;;;
06:17:39;12;08;9999;074;999;09;111111111111000000000000;000000000000000000000000;11101000;000;_;e;10;001100000000000000000000;____;04;048;055;033;043;048;052;0425611276;;;;;;;;;;;;;;;;;;;;;;;;;;;;;;;;;;;;;;;;;;;;;;;;;;
06:18:07;12;09;9999;058;999;09;111111111111000000000000;000000000000000000000000;11101000;000;_;e;10;000100000100000000000000;____;10;-03;083;005;-03;009;056;0425611070;;;;;;;;;;;;;;;;;;;;;;;;;;;;;;;;;;;;;;;;;;;;;;;;;;
06:18:34;12;10;9999;062;999;09;111111111111000000000000;000000000000000000000000;11101000;000;_;e;10;001111001100000000000000;____;10;-09;082;009;-15;035;119;0425611790;;;;;;;;;;;;;;;;;;;;;;;;;;;;;;;;;;;;;;;;;;;;;;;;;;
06:20:07;12;11;9999;050;999;09;111111111111000000000000;000000000000000000000000;11101000;000;_;e;10;110010000000000000000000;____;02;031;100;019;019;033;060;0425611074;;;;;;;;;;;;;;;;;;;;;;;;;;;;;;;;;;;;;;;;;;;;;;;;;;
06:20:30;12;12;9999;072;999;08;111111111111000000000000;000000000000000000000000;11101000;000;_;e;10;110000000000000000000000;____;01;039;101;012;037;040;061;0425612176;;;;;;;;;;;;;;;;;;;;;;;;;;;;;;;;;;;;;;;;;;;;;;;;;;
06:20:35;12;13;9999;067;333;09;111111111111000000000000;000000000000000000000000;11101000;000;_;e;10;000000001111000000000000;____;10;-02;070;006;-02;027;049;0425607598;;;;;;;;;;;;;;;;;;;;;;;;;;;;;;;;;;;;;;;;;;;;;;;;;;
06:21:21;12;14;9999;053;999;09;111111111111000000000000;000000000000000000000000;11101000;000;_;e;10;001110000100000000000000;____;10;007;081;020;-05;009;088;0425613940;;;;;;;;;;;;;;;;;;;;;;;;;;;;;;;;;;;;;;;;;;;;;;;;;;
06:23:45;12;15;9999;072;999;09;111111111111000000000000;000000000000000000000000;11101000;000;_;e;10;001100101100000000000000;____;10;003;078;023;-07;041;084;0425611791;;;;;;;;;;;;;;;;;;;;;;;;;;;;;;;;;;;;;;;;;;;;;;;;;;
06:23:50;12;16;9999;055;389;09;111111111111000000000000;000000000000000000000000;11101000;000;_;e;10;011100000000000000000000;____;02;040;102;008;036;044;051;0425611076;;;;;;;;;;;;;;;;;;;;;;;;;;;;;;;;;;;;;;;;;;;;;;;;;;
06:30:49;12;17;9999;075;999;09;111111111111000000000000;000000000000000000000000;11101000;000;_;e;10;001011010000000000000000;____;06;050;071;043;049;053;055;0425611792;;;;;;;;;;;;;;;;;;;;;;;;;;;;;;;;;;;;;;;;;;;;;;;;;;
06:32:10;12;18;9999;074;999;09;111111111111000000000000;000000000000000000000000;11101000;000;_;e;10;000011110000000000000000;____;06;026;054;027;026;034;061;0425611282;;;;;;;;;;;;;;;;;;;;;;;;;;;;;;;;;;;;;;;;;;;;;;;;;;
06:32:28;12;19;9999;064;999;09;111111111111000000000000;000000000000000000000000;11101000;000;_;e;10;100111000101000000000000;____;06;001;063;021;-11;021;038;0425611793;;;;;;;;;;;;;;;;;;;;;;;;;;;;;;;;;;;;;;;;;;;;;;;;;;
06:33:14;12;20;9999;065;999;09;111111111111000000000000;000000000000000000000000;11101000;000;_;e;10;001110000101000000000000;____;10;-07;084;011;-14;033;093;0425612177;;;;;;;;;;;;;;;;;;;;;;;;;;;;;;;;;;;;;;;;;;;;;;;;;;
06:33:39;12;21;9999;057;999;09;111111111111000000000000;000000000000000000000000;11101000;000;_;e;10;001111001101000000000000;____;04;-02;084;007;-11;019;168;0425611077;;;;;;;;;;;;;;;;;;;;;;;;;;;;;;;;;;;;;;;;;;;;;;;;;;
06:33:56;12;22;9999;074;999;08;111111111111000000000000;000000000000000000000000;11101000;000;_;e;10;001111000100000000000000;____;03;049;070;036;045;050;073;0425611078;;;;;;;;;;;;;;;;;;;;;;;;;;;;;;;;;;;;;;;;;;;;;;;;;;
06:34:58;12;23;9999;076;999;09;111111111111000000000000;000000000000000000000000;11101000;000;_;e;10;001000001100000000000000;____;10;061;074;043;057;064;044;0425612180;;;;;;;;;;;;;;;;;;;;;;;;;;;;;;;;;;;;;;;;;;;;;;;;;;
06:35:39;12;24;9999;075;999;09;111111111111000000000000;000000000000000000000000;11101000;000;_;e;10;101000000000000000000000;____;03;040;072;023;037;041;036;0425611284;;;;;;;;;;;;;;;;;;;;;;;;;;;;;;;;;;;;;;;;;;;;;;;;;;
06:36:09;12;25;9999;070;999;09;111111111111000000000000;000000000000000000000000;11101000;000;_;e;10;110010000000000000000000;____;02;037;098;022;031;038;047;0425613941;;;;;;;;;;;;;;;;;;;;;;;;;;;;;;;;;;;;;;;;;;;;;;;;;;
06:36:57;12;26;9999;079;999;09;111111111111000000000000;000000000000000000000000;11101000;000;_;e;10;001110000100000000000000;____;04;-01;075;001;-06;030;075;0425610287;;;;;;;;;;;;;;;;;;;;;;;;;;;;;;;;;;;;;;;;;;;;;;;;;;
06:44:59;12;27;9999;076;999;09;111111111111000000000000;000000000000000000000000;11101000;000;_;e;10;101111000000000000000000;____;03;035;072;033;032;037;065;0425612181;;;;;;;;;;;;;;;;;;;;;;;;;;;;;;;;;;;;;;;;;;;;;;;;;;
06:45:34;12;28;9999;078;999;09;111111111111000000000000;000000000000000000000000;11101000;000;_;e;10;000011110000000000000000;____;06;036;043;020;036;040;043;0425612182;;;;;;;;;;;;;;;;;;;;;;;;;;;;;;;;;;;;;;;;;;;;;;;;;;
06:46:25;12;29;9999;074;999;09;111111111111000000000000;000000000000000000000000;11101000;000;_;e;10;001101001100000000000000;____;09;-11;083;020;-11;044;064;0425615201;;;;;;;;;;;;;;;;;;;;;;;;;;;;;;;;;;;;;;;;;;;;;;;;;;
06:46:49;12;30;9999;075;999;09;111111111111000000000000;000000000000000000000000;11101000;000;_;e;10;101101001100000000000000;____;10;055;078;031;051;055;164;0425611794;;;;;;;;;;;;;;;;;;;;;;;;;;;;;;;;;;;;;;;;;;;;;;;;;;
06:49:33;12;31;9999;095;999;09;111111111111000000000000;000000000000000000000000;11101000;000;_;e;10;101000000001000000000000;____;12;031;087;004;028;047;021;0425615204;;;;;;;;;;;;;;;;;;;;;;;;;;;;;;;;;;;;;;;;;;;;;;;;;;
06:49:45;12;32;9999;075;978;09;111111111111000000000000;000000000000000000000000;11101000;000;_;e;10;001111101100000000000000;____;05;046;048;027;045;050;123;0425611290;;;;;;;;;;;;;;;;;;;;;;;;;;;;;;;;;;;;;;;;;;;;;;;;;;
06:49:54;12;33;9999;075;640;09;111111111111000000000000;000000000000000000000000;11101000;000;_;e;10;001111001100000000000000;____;04;055;051;017;021;056;080;0425611291;;;;;;;;;;;;;;;;;;;;;;;;;;;;;;;;;;;;;;;;;;;;;;;;;;
06:51:54;12;34;9999;076;999;09;111111111111000000000000;000000000000000000000000;11101000;000;_;e;10;001111001100000000000000;____;05;039;085;038;028;046;064;0425612184;;;;;;;;;;;;;;;;;;;;;;;;;;;;;;;;;;;;;;;;;;;;;;;;;;
07:02:12;12;35;9999;054;999;09;111111111111000000000000;000000000000000000000000;11101000;000;_;e;10;000111000100000000000000;____;10;000;070;021;-01;023;059;0425612188;;;;;;;;;;;;;;;;;;;;;;;;;;;;;;;;;;;;;;;;;;;;;;;;;;
07:02:21;12;36;9999;075;683;09;111111111111000000000000;000000000000000000000000;11101000;000;_;e;10;111100000100000000000000;____;04;043;083;021;041;044;092;0425611084;;;;;;;;;;;;;;;;;;;;;;;;;;;;;;;;;;;;;;;;;;;;;;;;;;
07:03:11;12;37;9999;057;999;09;111111111111000000000000;000000000000000000000000;11101000;000;_;e;10;001111001101000000000000;____;09;-01;075;014;-08;003;088;0425610296;;;;;;;;;;;;;;;;;;;;;;;;;;;;;;;;;;;;;;;;;;;;;;;;;;
07:04:03;12;38;9999;067;999;09;111111111111000000000000;000000000000000000000000;11101000;000;_;e;10;110000000000000000000000;____;01;037;100;009;037;050;059;0425614151;;;;;;;;;;;;;;;;;;;;;;;;;;;;;;;;;;;;;;;;;;;;;;;;;;
07:04:51;12;39;9999;059;999;09;111111111111000000000000;000000000000000000000000;11101000;000;_;e;10;011111001101000000000000;____;09;-07;081;007;-12;035;140;0425615211;;;;;;;;;;;;;;;;;;;;;;;;;;;;;;;;;;;;;;;;;;;;;;;;;;
07:05:07;12;40;9999;070;999;09;111111111111000000000000;000000000000000000000000;11101000;000;_;e;10;110000000000000000000000;____;01;032;100;010;030;033;056;0425614152;;;;;;;;;;;;;;;;;;;;;;;;;;;;;;;;;;;;;;;;;;;;;;;;;;
07:05:16;12;41;9999;065;707;09;111111111111000000000000;000000000000000000000000;11101000;000;_;e;10;001110000111000000000000;____;10;001;067;002;-04;003;145;0425613945;;;;;;;;;;;;;;;;;;;;;;;;;;;;;;;;;;;;;;;;;;;;;;;;;;
07:05:24;12;42;9999;077;620;09;111111111111000000000000;000000000000000000000000;11101000;000;_;e;10;011111001100000000000000;____;06;035;086;035;019;037;112;0425611295;;;;;;;;;;;;;;;;;;;;;;;;;;;;;;;;;;;;;;;;;;;;;;;;;;
07:06:03;12;43;9999;075;999;09;111111111111000000000000;000000000000000000000000;11010000;000;_;;;;;;;;;;;;;;;;;;;;;;;;;;;;;;;;;;;;;;;;;;;;;;;;;;;;;;;;;;;;;;
07:06:16;12;44;9999;065;977;09;111111111111000000000000;000000000000000000000000;11101000;000;_;e;10;000101101000000000000000;____;04;049;048;021;045;051;085;0425610294;;;;;;;;;;;;;;;;;;;;;;;;;;;;;;;;;;;;;;;;;;;;;;;;;;
07:06:24;12;45;9999;067;652;09;111111111111000000000000;000000000000000000000000;11101000;000;_;e;10;000001111010000000000000;____;11;039;031;004;038;054;045;0425613946;;;;;;;;;;;;;;;;;;;;;;;;;;;;;;;;;;;;;;;;;;;;;;;;;;
07:06:32;12;46;9999;086;634;08;111111111111000000000000;000000000000000000000000;11101000;000;_;e;10;110011000100000000000000;____;10;050;092;036;044;064;049;0425611797;;;;;;;;;;;;;;;;;;;;;;;;;;;;;;;;;;;;;;;;;;;;;;;;;;
07:07:00;12;47;9999;074;999;09;111111111111000000000000;000000000000000000000000;11101000;000;_;e;10;000111000100000000000000;____;06;056;075;036;048;060;024;0425614049;;;;;;;;;;;;;;;;;;;;;;;;;;;;;;;;;;;;;;;;;;;;;;;;;;
07:07:25;12;48;9999;075;999;09;111111111111000000000000;000000000000000000000000;11101000;000;_;e;10;011101010100000000000000;____;10;022;068;008;021;046;061;0425611297;;;;;;;;;;;;;;;;;;;;;;;;;;;;;;;;;;;;;;;;;;;;;;;;;;
07:07:28;12;49;9999;065;241;09;111111111111000000000000;000000000000000000000000;11101000;000;_;e;10;110000000000000000000000;____;02;034;101;012;020;035;035;0425610297;;;;;;;;;;;;;;;;;;;;;;;;;;;;;;;;;;;;;;;;;;;;;;;;;;
07:07:37;12;50;9999;075;659;08;111111111111000000000000;000000000000000000000000;11101000;000;_;e;10;001111001100000000000000;____;03;036;063;038;006;040;078;0425611296;;;;;;;;;;;;;;;;;;;;;;;;;;;;;;;;;;;;;;;;;;;;;;;;;;
07:08:07;12;51;9999;074;999;09;111111111111000000000000;000000000000000000000000;11101000;000;_;e;10;001011001100000000000000;____;03;024;060;024;020;033;093;0425611798;;;;;;;;;;;;;;;;;;;;;;;;;;;;;;;;;;;;;;;;;;;;;;;;;;
07:08:41;12;52;9999;070;999;08;111111111111000000000000;000000000000000000000000;11101000;000;_;e;10;101100000000000000000000;____;01;040;100;025;039;042;046;0425611086;;;;;;;;;;;;;;;;;;;;;;;;;;;;;;;;;;;;;;;;;;;;;;;;;;
07:10:15;12;53;9999;059;999;09;111111111111000000000000;000000000000000000000000;11101000;000;_;e;10;000000000100000000000000;____;10;002;079;003;002;004;012;0425610299;;;;;;;;;;;;;;;;;;;;;;;;;;;;;;;;;;;;;;;;;;;;;;;;;;
07:11:29;12;54;9999;077;999;09;111111111111000000000000;000000000000000000000000;11101000;000;_;e;10;000010001000000000000000;____;09;042;054;012;039;042;042;0425610298;;;;;;;;;;;;;;;;;;;;;;;;;;;;;;;;;;;;;;;;;;;;;;;;;;
07:20:08;12;55;9999;057;999;09;111111111111000000000000;000000000000000000000000;11101000;000;_;e;10;000000001000000000000000;____;09;039;083;005;039;039;002;0555623730;;;;;;;;;;;;;;;;;;;;;;;;;;;;;;;;;;;;;;;;;;;;;;;;;;
07:22:09;12;56;9999;075;999;09;111111111111000000000000;000000000000000000000000;11101000;000;_;e;10;001110000100000000000000;____;10;017;070;023;014;020;049;0425615703;;;;;;;;;;;;;;;;;;;;;;;;;;;;;;;;;;;;;;;;;;;;;;;;;;
07:24:08;12;57;9999;075;999;09;111111111111000000000000;000000000000000000000000;11101000;000;_;e;10;001100001100000000000000;____;03;023;069;022;019;026;104;0425613952;;;;;;;;;;;;;;;;;;;;;;;;;;;;;;;;;;;;;;;;;;;;;;;;;;
07:26:11;12;58;9999;053;999;09;111111111111000000000000;000000000000000000000000;11101000;000;_;e;10;010000000001000000000000;____;12;004;080;004;002;014;027;0425612195;;;;;;;;;;;;;;;;;;;;;;;;;;;;;;;;;;;;;;;;;;;;;;;;;;
07:26:58;12;59;9999;069;999;09;111111111111000000000000;000000000000000000000000;11101000;000;_;e;10;000100000101000000000000;____;10;007;084;005;004;026;042;0425615218;;;;;;;;;;;;;;;;;;;;;;;;;;;;;;;;;;;;;;;;;;;;;;;;;;
07:29:25;12;60;9999;075;999;09;111111111111000000000000;000000000000000000000000;11101000;000;_;e;10;001111001100000000000000;____;10;031;064;021;026;035;110;0425612197;;;;;;;;;;;;;;;;;;;;;;;;;;;;;;;;;;;;;;;;;;;;;;;;;;
07:35:49;12;61;9999;075;999;09;111111111111000000000000;000000000000000000000000;11101000;000;_;e;10;000011110000000000000000;____;08;048;046;038;039;048;071;0425615705;;;;;;;;;;;;;;;;;;;;;;;;;;;;;;;;;;;;;;;;;;;;;;;;;;
07:36:36;12;62;9999;053;999;09;111111111111000000000000;000000000000000000000000;11101000;000;_;e;10;001000000100000000000000;____;03;017;080;029;002;017;008;0425615706;;;;;;;;;;;;;;;;;;;;;;;;;;;;;;;;;;;;;;;;;;;;;;;;;;
07:37:36;12;63;9999;071;999;09;111111111111000000000000;000000000000000000000000;11101000;000;_;e;10;000100001100000000000000;____;10;-02;081;022;-10;000;061;0425614154;;;;;;;;;;;;;;;;;;;;;;;;;;;;;;;;;;;;;;;;;;;;;;;;;;
07:39:48;12;64;9999;085;999;09;111111111111000000000000;000000000000000000000000;11101000;000;_;e;10;101110000101000000000000;____;10;-03;075;010;-12;034;160;0425615707;;;;;;;;;;;;;;;;;;;;;;;;;;;;;;;;;;;;;;;;;;;;;;;;;;
07:44:51;12;65;9999;076;999;09;111111111111000000000000;000000000000000000000000;11101000;000;_;e;10;000011101000000000000000;____;06;039;065;042;037;042;041;0425615105;;;;;;;;;;;;;;;;;;;;;;;;;;;;;;;;;;;;;;;;;;;;;;;;;;
07:45:26;12;66;9999;078;999;09;111111111111000000000000;000000000000000000000000;11101000;000;_;e;10;101110000100000000000000;____;03;048;073;034;046;050;063;0425615107;;;;;;;;;;;;;;;;;;;;;;;;;;;;;;;;;;;;;;;;;;;;;;;;;;
07:45:34;12;67;9999;074;636;09;111111111111000000000000;000000000000000000000000;11101000;000;_;e;10;001100000000000000000000;____;04;036;087;028;036;039;052;0425615106;;;;;;;;;;;;;;;;;;;;;;;;;;;;;;;;;;;;;;;;;;;;;;;;;;
07:48:03;12;68;9999;062;999;09;111111111111000000000000;000000000000000000000000;11101000;000;_;e;10;001111001100000000000000;____;06;030;068;045;018;031;093;0425615109;;;;;;;;;;;;;;;;;;;;;;;;;;;;;;;;;;;;;;;;;;;;;;;;;;
07:59:19;12;69;9999;058;999;09;111111111111000000000000;000000000000000000000000;11101000;000;_;e;10;000110000101000000000000;____;10;-07;084;007;-10;-01;133;0425615243;;;;;;;;;;;;;;;;;;;;;;;;;;;;;;;;;;;;;;;;;;;;;;;;;;
08:03:16;12;70;9999;075;999;09;111111111111000000000000;000000000000000000000000;11101000;000;_;e;10;010000000101000000000000;____;10;-06;072;020;-07;015;064;0425613957;;;;;;;;;;;;;;;;;;;;;;;;;;;;;;;;;;;;;;;;;;;;;;;;;;
08:04:29;12;71;9999;069;999;08;111111111111000000000000;000000000000000000000000;11101000;000;_;e;10;001111000000000000000000;____;03;034;069;044;034;052;068;0425614160;;;;;;;;;;;;;;;;;;;;;;;;;;;;;;;;;;;;;;;;;;;;;;;;;;
08:06:31;12;72;9999;063;999;09;111111111111000000000000;000000000000000000000000;11101000;000;_;e;10;001101110000000000000000;____;03;028;049;020;022;031;071;0425615115;;;;;;;;;;;;;;;;;;;;;;;;;;;;;;;;;;;;;;;;;;;;;;;;;;
08:07:10;12;73;9999;075;999;09;111111111111000000000000;000000000000000000000000;11101000;000;_;e;10;001100101100000000000000;____;04;042;060;032;037;055;106;0425616002;;;;;;;;;;;;;;;;;;;;;;;;;;;;;;;;;;;;;;;;;;;;;;;;;;
08:07:57;12;74;9999;062;999;09;111111111111000000000000;000000000000000000000000;11101000;000;_;e;10;110000000000000000000000;____;01;032;101;015;031;033;056;0425615249;;;;;;;;;;;;;;;;;;;;;;;;;;;;;;;;;;;;;;;;;;;;;;;;;;
08:09:10;12;75;9999;079;999;09;111111111111000000000000;000000000000000000000000;11101000;000;_;e;10;000111000100000000000000;____;05;070;072;006;070;077;104;0425615119;;;;;;;;;;;;;;;;;;;;;;;;;;;;;;;;;;;;;;;;;;;;;;;;;;
08:16:34;12;76;9999;070;999;09;111111111111000000000000;000000000000000000000000;11101000;000;_;e;10;000000110000000000000000;____;07;053;041;013;051;054;066;0425614164;;;;;;;;;;;;;;;;;;;;;;;;;;;;;;;;;;;;;;;;;;;;;;;;;;
08:30:34;12;77;9999;065;999;08;111111111111000000000000;000000000000000000000000;11101000;000;_;e;10;110000000000000000000000;____;01;036;101;014;035;037;060;0425615260;;;;;;;;;;;;;;;;;;;;;;;;;;;;;;;;;;;;;;;;;;;;;;;;;;
08:32:05;12;78;9999;076;999;09;111111111111000000000000;000000000000000000000000;11101000;000;_;e;10;111011101100000000000000;____;01;040;085;038;039;047;133;0425615262;;;;;;;;;;;;;;;;;;;;;;;;;;;;;;;;;;;;;;;;;;;;;;;;;;
08:37:00;12;79;9999;049;999;09;111111111111000000000000;000000000000000000000000;11101000;000;_;e;10;000011001001000000000000;____;09;058;065;017;053;061;070;0425615134;;;;;;;;;;;;;;;;;;;;;;;;;;;;;;;;;;;;;;;;;;;;;;;;;;
09:02:14;12;80;9999;075;999;09;111111111111000000000000;000000000000000000000000;11101000;000;_;e;10;000011100000000000000000;____;07;048;046;035;047;053;023;0425615151;;;;;;;;;;;;;;;;;;;;;;;;;;;;;;;;;;;;;;;;;;;;;;;;;;
09:28:30;12;81;9999;065;999;08;111111111111000000000000;000000000000000000000000;11101000;000;_;e;10;110000000000000000000000;____;02;038;099;008;017;038;030;0425615005;;;;;;;;;;;;;;;;;;;;;;;;;;;;;;;;;;;;;;;;;;;;;;;;;;
09:36:51;12;82;9999;066;999;09;111111111111000000000000;000000000000000000000000;11101000;000;_;e;10;110000000000000000000000;____;01;037;099;008;035;038;046;0425615009;;;;;;;;;;;;;;;;;;;;;;;;;;;;;;;;;;;;;;;;;;;;;;;;;;
10:11:03;12;83;9999;074;999;09;111111111111000000000000;000000000000000000000000;11101000;000;_;e;10;011000101000000000000000;____;03;087;080;029;085;089;062;0425615806;;;;;;;;;;;;;;;;;;;;;;;;;;;;;;;;;;;;;;;;;;;;;;;;;;
10:28:43;12;84;9999;074;999;09;111111111111000000000000;000000000000000000000000;11101000;000;_;e;10;000100001100000000000000;____;04;030;075;031;029;033;071;0425614062;;;;;;;;;;;;;;;;;;;;;;;;;;;;;;;;;;;;;;;;;;;;;;;;;;
10:41:12;12;85;9999;068;999;09;111111111111000000000000;000000000000000000000000;11101000;000;_;e;10;101111000101000000000000;____;10;005;076;006;-08;036;269;0425615908;;;;;;;;;;;;;;;;;;;;;;;;;;;;;;;;;;;;;;;;;;;;;;;;;;
10:41:58;12;86;9999;078;999;09;111111111111000000000000;000000000000000000000000;11101000;000;_;e;10;111100000100000000000000;____;04;045;086;018;041;045;084;0425614068;;;;;;;;;;;;;;;;;;;;;;;;;;;;;;;;;;;;;;;;;;;;;;;;;;
11:00:17;12;87;9999;057;999;09;111111111111000000000000;000000000000000000000000;11101000;000;_;e;10;001101000100000000000000;____;10;-07;078;011;-10;-01;114;0425615825;;;;;;;;;;;;;;;;;;;;;;;;;;;;;;;;;;;;;;;;;;;;;;;;;;
11:08:27;12;88;9999;094;999;09;111111111111000000000000;000000000000000000000000;11101000;000;_;e;10;110100000001000000000000;____;02;032;088;010;031;034;048;0425615829;;;;;;;;;;;;;;;;;;;;;;;;;;;;;;;;;;;;;;;;;;;;;;;;;;
11:14:04;12;89;9999;075;999;09;111111111111000000000000;000000000000000000000000;11101000;000;_;e;10;001011100100000000000000;____;10;045;066;039;042;048;059;0425615828;;;;;;;;;;;;;;;;;;;;;;;;;;;;;;;;;;;;;;;;;;;;;;;;;;
11:21:53;12;90;9999;057;999;09;111111111111000000000000;000000000000000000000000;11101000;000;_;e;10;001000001100000000000000;____;09;008;076;029;008;032;070;0425614084;;;;;;;;;;;;;;;;;;;;;;;;;;;;;;;;;;;;;;;;;;;;;;;;;;
11:28:05;12;91;9999;075;999;09;111111111111000000000000;000000000000000000000000;11101000;000;_;e;10;001000000000000000000000;____;03;038;040;009;037;054;050;0425616007;;;;;;;;;;;;;;;;;;;;;;;;;;;;;;;;;;;;;;;;;;;;;;;;;;
11:31:00;12;92;9999;077;999;08;111111111111000000000000;000000000000000000000000;11101000;000;_;e;10;000011001100000000000000;____;05;034;052;040;029;036;086;0425615948;;;;;;;;;;;;;;;;;;;;;;;;;;;;;;;;;;;;;;;;;;;;;;;;;;
11:43:58;12;93;9999;076;999;09;111111111111000000000000;000000000000000000000000;11101000;000;_;e;10;101101000000000000000000;____;01;056;087;024;052;059;043;0425616010;;;;;;;;;;;;;;;;;;;;;;;;;;;;;;;;;;;;;;;;;;;;;;;;;;
11:51:46;12;94;9999;079;999;09;111111111111000000000000;000000000000000000000000;11101000;000;_;e;10;101000001000000000000000;____;03;080;077;018;078;085;058;0425613969;;;;;;;;;;;;;;;;;;;;;;;;;;;;;;;;;;;;;;;;;;;;;;;;;;
11:52:58;12;95;9999;050;999;09;111111111111000000000000;000000000000000000000000;11101000;000;_;e;10;000000000100000000000000;____;10;001;080;004;001;001;015;0425615723;;;;;;;;;;;;;;;;;;;;;;;;;;;;;;;;;;;;;;;;;;;;;;;;;;
11:53:32;12;96;9999;051;999;09;111111111111000000000000;000000000000000000000000;11101000;000;_;e;10;110000000000000000000000;____;02;036;101;012;033;036;033;0425615724;;;;;;;;;;;;;;;;;;;;;;;;;;;;;;;;;;;;;;;;;;;;;;;;;;
12:09:09;12;97;9999;051;999;09;111111111111000000000000;000000000000000000000000;11101000;000;_;e;10;011111000100000000000000;____;10;-08;079;004;-08;018;096;0425615839;;;;;;;;;;;;;;;;;;;;;;;;;;;;;;;;;;;;;;;;;;;;;;;;;;
12:11:45;12;98;9999;057;999;09;111111111111000000000000;000000000000000000000000;11101000;000;_;e;10;000101000101000000000000;____;10;-03;077;007;-18;001;075;0425613981;;;;;;;;;;;;;;;;;;;;;;;;;;;;;;;;;;;;;;;;;;;;;;;;;;
12:11:53;12;99;9999;075;686;09;111111111111000000000000;000000000000000000000000;11101000;000;_;e;10;001110001100000000000000;____;09;011;066;012;008;042;103;0425613982;;;;;;;;;;;;;;;;;;;;;;;;;;;;;;;;;;;;;;;;;;;;;;;;;;
12:12:40;12;01;9999;053;999;09;111111111111000000000000;000000000000000000000000;11101000;000;_;e;10;111000000000000000000000;____;01;029;095;024;028;029;076;0425613984;;;;;;;;;;;;;;;;;;;;;;;;;;;;;;;;;;;;;;;;;;;;;;;;;;
12:13:02;12;02;9999;075;999;09;111111111111000000000000;000000000000000000000000;11101000;000;_;e;10;001110001100000000000000;____;10;055;072;032;048;055;134;0425613983;;;;;;;;;;;;;;;;;;;;;;;;;;;;;;;;;;;;;;;;;;;;;;;;;;
12:13:22;12;03;9999;051;999;09;111111111111000000000000;000000000000000000000000;11101000;000;_;e;10;000011111010000000000000;____;06;026;050;003;024;042;086;0425613985;;;;;;;;;;;;;;;;;;;;;;;;;;;;;;;;;;;;;;;;;;;;;;;;;;
12:14:19;12;04;9999;075;999;09;111111111111000000000000;000000000000000000000000;11101000;000;_;e;10;001000000000000000000000;____;03;012;084;014;012;012;007;0425613986;;;;;;;;;;;;;;;;;;;;;;;;;;;;;;;;;;;;;;;;;;;;;;;;;;
12:14:23;12;05;9999;057;254;09;111111111111000000000000;000000000000000000000000;11101000;000;_;e;10;110010000100000000000000;____;01;026;100;020;011;031;043;0425613987;;;;;;;;;;;;;;;;;;;;;;;;;;;;;;;;;;;;;;;;;;;;;;;;;;
12:14:53;12;06;9999;074;999;09;111111111111000000000000;000000000000000000000000;11101000;000;_;e;10;111100000000000000000000;____;01;001;090;013;001;027;044;0425615966;;;;;;;;;;;;;;;;;;;;;;;;;;;;;;;;;;;;;;;;;;;;;;;;;;
12:15:01;12;07;9999;084;590;09;111111111111000000000000;000000000000000000000000;11101000;000;_;e;10;110100000101000000000000;____;02;031;091;008;030;033;082;0425616044;;;;;;;;;;;;;;;;;;;;;;;;;;;;;;;;;;;;;;;;;;;;;;;;;;
12:15:14;12;08;9999;055;999;09;111111111111000000000000;000000000000000000000000;11101000;000;_;e;10;001110000101000000000000;____;04;-11;082;014;-12;-02;123;0425613988;;;;;;;;;;;;;;;;;;;;;;;;;;;;;;;;;;;;;;;;;;;;;;;;;;
12:15:52;12;09;9999;074;999;09;111111111111000000000000;000000000000000000000000;11001000;000;_;e;10;111100000101000000000000;____;04;044;081;019;022;046;091;0425616045;012;066;004;012;034;032;0050120162;;;;;;;;;;;;;;;;;;;;;;;;;;;;;;;;;;;;;;;;;;;
12:15:56;12;10;9999;060;249;09;111111111111000000000000;000000000000000000000000;11101000;000;_;e;10;100001000000000000000000;____;01;029;101;013;022;037;057;0425613989;;;;;;;;;;;;;;;;;;;;;;;;;;;;;;;;;;;;;;;;;;;;;;;;;;
12:21:21;12;11;9999;066;999;09;111111111111000000000000;000000000000000000000000;11101000;000;_;e;10;111101000000000000000000;____;02;030;097;023;025;031;091;0425615730;;;;;;;;;;;;;;;;;;;;;;;;;;;;;;;;;;;;;;;;;;;;;;;;;;
12:21:26;12;12;9999;055;348;09;111111111111000000000000;000000000000000000000000;11010000;000;_;;;;;;;;;;;;;;;;;;;;;;;;;;;;;;;;;;;;;;;;;;;;;;;;;;;;;;;;;;;;;;
12:33:42;12;13;9999;056;999;09;111111111111000000000000;000000000000000000000000;11101000;000;_;e;10;110000000000000000000000;____;01;029;097;022;026;032;051;0425613999;;;;;;;;;;;;;;;;;;;;;;;;;;;;;;;;;;;;;;;;;;;;;;;;;;
12:34:06;12;14;9999;086;999;09;111111111111000000000000;000000000000000000000000;11101000;000;_;e;10;110000000000000000000000;____;01;048;100;019;048;050;037;0425613998;;;;;;;;;;;;;;;;;;;;;;;;;;;;;;;;;;;;;;;;;;;;;;;;;;
12:35:06;12;15;9999;059;999;09;111111111111000000000000;000000000000000000000000;11101000;000;_;e;10;000010101100000000000000;____;07;-05;072;009;-10;010;021;0425615277;;;;;;;;;;;;;;;;;;;;;;;;;;;;;;;;;;;;;;;;;;;;;;;;;;
12:36:23;12;16;9999;075;999;08;111111111111000000000000;000000000000000000000000;11101000;000;_;e;10;000111001100000000000000;____;04;042;052;037;036;044;111;0425615970;;;;;;;;;;;;;;;;;;;;;;;;;;;;;;;;;;;;;;;;;;;;;;;;;;
12:39:00;12;17;9999;056;999;09;111111111111000000000000;000000000000000000000000;11101000;000;_;e;10;000000000100000000000000;____;10;001;073;019;001;006;050;0425615279;;;;;;;;;;;;;;;;;;;;;;;;;;;;;;;;;;;;;;;;;;;;;;;;;;
12:51:01;12;18;9999;055;999;09;111111111111000000000000;000000000000000000000000;11101000;000;_;e;10;001111011101000000000000;____;10;-07;075;012;-07;013;094;0425616056;;;;;;;;;;;;;;;;;;;;;;;;;;;;;;;;;;;;;;;;;;;;;;;;;;
12:52:58;12;19;9999;076;999;09;111111111111000000000000;000000000000000000000000;11101000;000;_;e;10;001101001100000000000000;____;03;054;065;034;016;055;064;0425615971;;;;;;;;;;;;;;;;;;;;;;;;;;;;;;;;;;;;;;;;;;;;;;;;;;
12:58:14;12;20;9999;075;999;09;111111111111000000000000;000000000000000000000000;11101000;000;_;e;10;001111000100000000000000;____;03;055;065;032;041;061;083;0425616060;;;;;;;;;;;;;;;;;;;;;;;;;;;;;;;;;;;;;;;;;;;;;;;;;;
12:59:26;12;21;9999;070;999;09;111111111111000000000000;000000000000000000000000;11101000;000;_;e;10;110001000000000000000000;____;02;041;097;014;041;057;042;0425616061;;;;;;;;;;;;;;;;;;;;;;;;;;;;;;;;;;;;;;;;;;;;;;;;;;
13:00:39;12;22;9999;074;999;09;111111111111000000000000;000000000000000000000000;11101000;000;_;e;10;001110111100000000000000;____;04;054;039;024;051;064;088;0425615283;;;;;;;;;;;;;;;;;;;;;;;;;;;;;;;;;;;;;;;;;;;;;;;;;;
13:18:46;12;23;9999;074;999;09;111111111111000000000000;000000000000000000000000;11101000;000;_;e;10;001011110100000000000000;____;06;039;056;026;021;042;078;0425615739;;;;;;;;;;;;;;;;;;;;;;;;;;;;;;;;;;;;;;;;;;;;;;;;;;
13:23:45;12;24;9999;055;999;09;111111111111000000000000;000000000000000000000000;11101000;000;_;e;10;001111000101000000000000;____;10;-02;082;001;-10;-01;128;0425615741;;;;;;;;;;;;;;;;;;;;;;;;;;;;;;;;;;;;;;;;;;;;;;;;;;
13:45:53;12;25;9999;076;999;09;111111111111000000000000;000000000000000000000000;11101000;000;_;e;10;010011011100000000000000;____;06;051;071;035;050;058;122;0425615295;;;;;;;;;;;;;;;;;;;;;;;;;;;;;;;;;;;;;;;;;;;;;;;;;;
14:51:26;12;26;9999;066;999;09;111111111111000000000000;000000000000000000000000;11101000;000;_;e;10;110000000001000000000000;____;01;031;101;014;015;032;065;0425615022;;;;;;;;;;;;;;;;;;;;;;;;;;;;;;;;;;;;;;;;;;;;;;;;;;
14:53:11;12;27;9999;075;999;09;111111111111000000000000;000000000000000000000000;11101000;000;_;e;10;001000000000000000000000;____;03;036;088;016;036;036;013;0425615023;;;;;;;;;;;;;;;;;;;;;;;;;;;;;;;;;;;;;;;;;;;;;;;;;;
14:55:28;12;28;9999;061;999;09;111111111111000000000000;000000000000000000000000;11101000;000;_;e;10;001100000000000000000000;____;03;026;090;044;025;028;046;0425615024;;;;;;;;;;;;;;;;;;;;;;;;;;;;;;;;;;;;;;;;;;;;;;;;;;
15:01:56;12;29;9999;059;999;09;111111111111000000000000;000000000000000000000000;11101000;000;_;e;10;000100000100000000000000;____;10;004;075;016;004;019;037;0425615179;;;;;;;;;;;;;;;;;;;;;;;;;;;;;;;;;;;;;;;;;;;;;;;;;;
15:44:14;12;30;9999;057;999;09;111111111111000000000000;000000000000000000000000;11101000;000;_;e;10;001111000101000000000000;____;10;-09;062;019;-09;-01;120;0425615190;;;;;;;;;;;;;;;;;;;;;;;;;;;;;;;;;;;;;;;;;;;;;;;;;;
16:29:06;12;31;9999;074;999;09;111111111111000000000000;000000000000000000000000;11101000;000;_;e;10;001111001100000000000000;____;04;080;054;019;041;080;164;0425615035;;;;;;;;;;;;;;;;;;;;;;;;;;;;;;;;;;;;;;;;;;;;;;;;;;
16:31:13;12;32;9999;075;999;09;111111111111000000000000;000000000000000000000000;11101000;000;_;e;10;001101001100000000000000;____;09;056;063;035;035;058;051;0425615044;;;;;;;;;;;;;;;;;;;;;;;;;;;;;;;;;;;;;;;;;;;;;;;;;;
16:33:29;12;33;9999;073;999;09;111111111111000000000000;000000000000000000000000;11101000;000;_;e;10;110000000000000000000000;____;01;043;099;014;042;045;047;0425615047;;;;;;;;;;;;;;;;;;;;;;;;;;;;;;;;;;;;;;;;;;;;;;;;;;
17:04:52;12;34;9999;076;999;09;111111111111000000000000;000000000000000000000000;11101000;000;_;e;10;001111000100000000000000;____;06;040;052;028;023;041;096;0425615863;;;;;;;;;;;;;;;;;;;;;;;;;;;;;;;;;;;;;;;;;;;;;;;;;;
17:06:36;12;35;9999;068;999;09;111111111111000000000000;000000000000000000000000;11010000;000;_;;;;;;;;;;;;;;;;;;;;;;;;;;;;;;;;;;;;;;;;;;;;;;;;;;;;;;;;;;;;;;
17:11:52;12;36;9999;074;999;09;111111111111000000000000;000000000000000000000000;11101000;000;_;e;10;000010110000000000000000;____;07;054;045;025;052;055;043;0425615868;;;;;;;;;;;;;;;;;;;;;;;;;;;;;;;;;;;;;;;;;;;;;;;;;;
17:13:17;12;37;9999;061;999;08;111111111111000000000000;000000000000000000000000;11101000;000;_;e;10;111110001100000000000000;____;10;040;097;026;016;045;065;0425618306;;;;;;;;;;;;;;;;;;;;;;;;;;;;;;;;;;;;;;;;;;;;;;;;;;
17:25:24;12;38;9999;075;999;08;111111111111000000000000;000000000000000000000000;11101000;000;_;e;10;111100010100000000000000;____;01;044;074;039;035;053;095;0425618401;;;;;;;;;;;;;;;;;;;;;;;;;;;;;;;;;;;;;;;;;;;;;;;;;;
17:37:45;12;39;9999;066;999;09;111111111111000000000000;000000000000000000000000;11101000;000;_;e;10;000000001100000000000000;____;10;006;087;029;001;011;011;0425618502;;;;;;;;;;;;;;;;;;;;;;;;;;;;;;;;;;;;;;;;;;;;;;;;;;
17:40:37;12;40;9999;045;999;08;111111111111000000000000;000000000000000000000000;11101000;000;_;e;10;000011110000000000000000;____;07;026;056;011;023;026;065;0425618504;;;;;;;;;;;;;;;;;;;;;;;;;;;;;;;;;;;;;;;;;;;;;;;;;;
17:52:24;12;41;9999;075;999;08;111111111111000000000000;000000000000000000000000;11101000;000;_;e;10;001001001100000000000000;____;03;047;079;031;039;051;019;0425618216;;;;;;;;;;;;;;;;;;;;;;;;;;;;;;;;;;;;;;;;;;;;;;;;;;
17:54:35;12;42;9999;081;999;09;111111111111000000000000;000000000000000000000000;11101000;000;_;e;10;000111011100000000000000;____;04;063;024;024;054;069;139;0425615763;;;;;;;;;;;;;;;;;;;;;;;;;;;;;;;;;;;;;;;;;;;;;;;;;;
17:56:07;12;43;9999;075;999;09;111111111111000000000000;000000000000000000000000;11101000;000;_;e;10;001111001100000000000000;____;10;041;064;030;021;043;119;0425618431;;;;;;;;;;;;;;;;;;;;;;;;;;;;;;;;;;;;;;;;;;;;;;;;;;
17:59:49;12;44;9999;075;999;09;111111111111000000000000;000000000000000000000000;11101000;000;_;e;10;000111001000000000000000;____;05;035;062;029;034;041;037;0425616083;;;;;;;;;;;;;;;;;;;;;;;;;;;;;;;;;;;;;;;;;;;;;;;;;;
18:00:48;12;45;9999;057;999;09;111111111111000000000000;000000000000000000000000;11101000;000;_;e;10;001110001100000000000000;____;09;000;081;016;-08;014;075;0425616084;;;;;;;;;;;;;;;;;;;;;;;;;;;;;;;;;;;;;;;;;;;;;;;;;;
18:02:19;12;46;9999;073;999;09;111111111111000000000000;000000000000000000000000;11101000;000;_;e;10;110000000000000000000000;____;01;037;101;014;036;038;064;0425615898;;;;;;;;;;;;;;;;;;;;;;;;;;;;;;;;;;;;;;;;;;;;;;;;;;
18:03:06;12;47;9999;074;999;09;111111111111000000000000;000000000000000000000000;11101000;000;_;e;10;001100000000000000000000;____;03;022;068;025;022;025;059;0425615899;;;;;;;;;;;;;;;;;;;;;;;;;;;;;;;;;;;;;;;;;;;;;;;;;;
18:03:56;12;48;9999;054;999;09;111111111111000000000000;000000000000000000000000;11101000;000;_;e;10;001100001000000000000000;____;09;061;076;009;060;061;079;0425616085;;;;;;;;;;;;;;;;;;;;;;;;;;;;;;;;;;;;;;;;;;;;;;;;;;
18:07:43;12;49;9999;071;999;09;111111111111000000000000;000000000000000000000000;11010000;000;_;;;;;;;;;;;;;;;;;;;;;;;;;;;;;;;;;;;;;;;;;;;;;;;;;;;;;;;;;;;;;;
18:09:51;12;50;9999;075;999;09;111111111111000000000000;000000000000000000000000;11101000;000;_;e;10;001111001100000000000000;____;04;048;068;033;043;051;149;0425618438;;;;;;;;;;;;;;;;;;;;;;;;;;;;;;;;;;;;;;;;;;;;;;;;;;
18:12:21;12;51;9999;054;999;09;111111111111000000000000;000000000000000000000000;11101000;000;_;e;10;000000001001000000000000;____;09;057;062;016;054;057;043;0425618444;;;;;;;;;;;;;;;;;;;;;;;;;;;;;;;;;;;;;;;;;;;;;;;;;;
18:14:50;12;52;9999;068;999;09;111111111111000000000000;000000000000000000000000;11101000;000;_;e;10;010000000000000000000000;____;02;009;080;007;009;009;005;0425618222;;;;;;;;;;;;;;;;;;;;;;;;;;;;;;;;;;;;;;;;;;;;;;;;;;
18:15:45;12;53;9999;075;999;09;111111111111000000000000;000000000000000000000000;11101000;000;_;e;10;001111001100000000000000;____;10;035;084;019;027;036;159;0425618224;;;;;;;;;;;;;;;;;;;;;;;;;;;;;;;;;;;;;;;;;;;;;;;;;;
18:16:20;12;54;9999;074;999;09;111111111111000000000000;000000000000000000000000;11101000;000;_;e;10;001111000100000000000000;____;06;038;054;026;035;043;113;0425618448;;;;;;;;;;;;;;;;;;;;;;;;;;;;;;;;;;;;;;;;;;;;;;;;;;
18:17:24;12;55;9999;074;999;09;111111111111000000000000;000000000000000000000000;11010000;000;_;;;;;;;;;;;;;;;;;;;;;;;;;;;;;;;;;;;;;;;;;;;;;;;;;;;;;;;;;;;;;;
18:18:06;12;56;9999;061;999;09;111111111111000000000000;000000000000000000000000;11101000;000;_;e;10;010000000000000000000000;____;02;045;099;015;045;045;006;0425618449;;;;;;;;;;;;;;;;;;;;;;;;;;;;;;;;;;;;;;;;;;;;;;;;;;
18:20:28;12;57;9999;075;999;09;111111111111000000000000;000000000000000000000000;11101000;000;_;e;10;000111000100000000000000;____;10;072;070;015;066;075;087;0425618452;;;;;;;;;;;;;;;;;;;;;;;;;;;;;;;;;;;;;;;;;;;;;;;;;;
18:27:26;12;58;9999;075;999;09;111111111111000000000000;000000000000000000000000;11101000;000;_;e;10;000001111000000000000000;____;07;042;048;031;040;043;034;0425618454;;;;;;;;;;;;;;;;;;;;;;;;;;;;;;;;;;;;;;;;;;;;;;;;;;
18:27:39;12;59;9999;066;999;09;111111111111000000000000;000000000000000000000000;11101000;000;_;e;10;000000001100000000000000;____;10;008;075;029;-06;010;009;0425618343;;;;;;;;;;;;;;;;;;;;;;;;;;;;;;;;;;;;;;;;;;;;;;;;;;
18:29:13;12;60;9999;062;999;09;111111111111000000000000;000000000000000000000000;11101000;000;_;e;10;000110001100000000000000;____;05;051;039;024;051;056;125;0425616090;;;;;;;;;;;;;;;;;;;;;;;;;;;;;;;;;;;;;;;;;;;;;;;;;;
18:29:34;12;61;9999;053;999;09;111111111111000000000000;000000000000000000000000;11101000;000;_;e;10;000000110000000000000000;____;07;031;060;009;029;037;054;0425618527;;;;;;;;;;;;;;;;;;;;;;;;;;;;;;;;;;;;;;;;;;;;;;;;;;
18:30:16;12;62;9999;061;999;09;111111111111000000000000;000000000000000000000000;11101000;000;_;e;10;111011001100000000000000;____;05;001;042;082;001;050;123;0425618346;;;;;;;;;;;;;;;;;;;;;;;;;;;;;;;;;;;;;;;;;;;;;;;;;;
18:32:59;12;63;9999;066;999;09;111111111111000000000000;000000000000000000000000;11101000;000;_;e;10;101101001100000000000000;____;10;001;078;026;-11;008;093;0425618230;;;;;;;;;;;;;;;;;;;;;;;;;;;;;;;;;;;;;;;;;;;;;;;;;;
18:35:03;12;64;9999;075;999;09;111111111111000000000000;000000000000000000000000;11101000;000;_;e;10;000000010000000000000000;____;08;059;054;021;059;059;003;0425618457;;;;;;;;;;;;;;;;;;;;;;;;;;;;;;;;;;;;;;;;;;;;;;;;;;
18:36:15;12;65;9999;078;999;09;111111111111000000000000;000000000000000000000000;11101000;000;_;e;10;101100110100000000000000;____;04;037;061;033;014;040;038;0425618349;;;;;;;;;;;;;;;;;;;;;;;;;;;;;;;;;;;;;;;;;;;;;;;;;;
18:36:28;12;66;9999;076;999;09;111111111111000000000000;000000000000000000000000;11010000;000;_;;;;;;;;;;;;;;;;;;;;;;;;;;;;;;;;;;;;;;;;;;;;;;;;;;;;;;;;;;;;;;
18:42:23;12;67;9999;061;999;09;111111111111000000000000;000000000000000000000000;11101000;000;_;e;10;000111101010000000000000;____;05;040;049;014;040;045;092;0425616092;;;;;;;;;;;;;;;;;;;;;;;;;;;;;;;;;;;;;;;;;;;;;;;;;;
18:44:56;12;68;9999;065;999;09;111111111111000000000000;000000000000000000000000;11101000;000;_;e;10;100000000000000000000000;____;01;040;100;019;038;041;030;0425618462;;;;;;;;;;;;;;;;;;;;;;;;;;;;;;;;;;;;;;;;;;;;;;;;;;
18:45:17;12;69;9999;049;999;08;111111111111000000000000;000000000000000000000000;11101000;000;_;e;10;000010110000000000000000;____;07;034;059;015;031;035;060;0425618461;;;;;;;;;;;;;;;;;;;;;;;;;;;;;;;;;;;;;;;;;;;;;;;;;;
18:47:09;12;70;9999;083;999;08;111111111111000000000000;000000000000000000000000;11101000;000;_;e;10;110000000000000000000000;____;02;051;100;023;051;059;015;0425618534;;;;;;;;;;;;;;;;;;;;;;;;;;;;;;;;;;;;;;;;;;;;;;;;;;
18:48:34;12;71;9999;065;999;08;111111111111000000000000;000000000000000000000000;11101000;000;_;e;10;110010000100000000000000;____;01;034;099;026;-02;049;074;0425618535;;;;;;;;;;;;;;;;;;;;;;;;;;;;;;;;;;;;;;;;;;;;;;;;;;
18:51:46;12;72;9999;075;999;09;111111111111000000000000;000000000000000000000000;11101000;000;_;e;10;110100000000000000000000;____;02;046;094;024;045;048;105;0425618354;;;;;;;;;;;;;;;;;;;;;;;;;;;;;;;;;;;;;;;;;;;;;;;;;;
18:53:46;12;73;9999;074;999;09;111111111111000000000000;000000000000000000000000;11101000;000;_;e;10;000011111100000000000000;____;05;046;062;034;046;051;127;0425618235;;;;;;;;;;;;;;;;;;;;;;;;;;;;;;;;;;;;;;;;;;;;;;;;;;
18:56:37;12;74;9999;053;999;09;111111111111000000000000;000000000000000000000000;11101000;000;_;e;10;001111001101000000000000;____;10;-10;070;018;-14;-04;098;0425618236;;;;;;;;;;;;;;;;;;;;;;;;;;;;;;;;;;;;;;;;;;;;;;;;;;
19:02:30;12;75;9999;056;999;09;111111111111000000000000;000000000000000000000000;11101000;000;_;e;10;111000000100000000000000;____;01;036;098;006;003;037;040;0425618357;;;;;;;;;;;;;;;;;;;;;;;;;;;;;;;;;;;;;;;;;;;;;;;;;;
19:03:35;12;76;9999;074;999;09;111111111111000000000000;000000000000000000000000;11101000;000;_;e;10;111111001100000000000000;____;03;036;079;033;030;044;069;0425618539;;;;;;;;;;;;;;;;;;;;;;;;;;;;;;;;;;;;;;;;;;;;;;;;;;
19:22:20;12;77;9999;076;999;09;111111111111000000000000;000000000000000000000000;11101000;000;_;e;10;111100001100000000000000;____;04;048;088;024;046;049;058;0425615197;;;;;;;;;;;;;;;;;;;;;;;;;;;;;;;;;;;;;;;;;;;;;;;;;;
19:27:13;12;78;9999;075;999;09;111111111111000000000000;000000000000000000000000;11101000;000;_;e;10;001111001100000000000000;____;05;047;059;027;042;074;110;0425615198;;;;;;;;;;;;;;;;;;;;;;;;;;;;;;;;;;;;;;;;;;;;;;;;;;
19:34:46;12;79;9999;058;999;09;111111111111000000000000;000000000000000000000000;11101000;000;_;e;10;001100000101000000000000;____;10;-05;079;007;-07;018;083;0425618546;;;;;;;;;;;;;;;;;;;;;;;;;;;;;;;;;;;;;;;;;;;;;;;;;;
19:36:50;12;80;9999;048;999;09;111111111111000000000000;000000000000000000000000;11101000;000;_;e;10;001111110100000000000000;____;07;027;051;029;012;036;088;0425618477;;;;;;;;;;;;;;;;;;;;;;;;;;;;;;;;;;;;;;;;;;;;;;;;;;
19:36:54;12;81;9999;074;286;09;111111111111000000000000;000000000000000000000000;11101000;000;_;e;10;001111001100000000000000;____;04;039;068;033;036;053;101;0425615064;;;;;;;;;;;;;;;;;;;;;;;;;;;;;;;;;;;;;;;;;;;;;;;;;;
19:45:21;12;82;9999;070;999;09;111111111111000000000000;000000000000000000000000;11101000;000;_;e;10;010000000000000000000000;____;02;039;100;026;039;039;020;0425619300;;;;;;;;;;;;;;;;;;;;;;;;;;;;;;;;;;;;;;;;;;;;;;;;;;
19:53:28;12;83;9999;074;999;09;111111111111000000000000;000000000000000000000000;11101000;000;_;e;10;111100000100000000000000;____;03;042;093;030;012;047;056;0425618553;;;;;;;;;;;;;;;;;;;;;;;;;;;;;;;;;;;;;;;;;;;;;;;;;;
20:07:59;12;84;9999;075;999;09;111111111111000000000000;000000000000000000000000;11101000;000;_;e;10;011100001100000000000000;____;03;026;084;036;020;078;068;0425615074;;;;;;;;;;;;;;;;;;;;;;;;;;;;;;;;;;;;;;;;;;;;;;;;;;
20:16:26;12;85;9999;076;999;09;111111111111000000000000;000000000000000000000000;11101000;000;_;e;10;001111001100000000000000;____;06;025;057;033;004;037;093;0425619605;;;;;;;;;;;;;;;;;;;;;;;;;;;;;;;;;;;;;;;;;;;;;;;;;;
20:24:01;12;86;9999;057;999;08;111111111111000000000000;000000000000000000000000;11101000;000;_;e;10;001111001100000000000000;____;03;008;079;020;001;016;079;0425615080;;;;;;;;;;;;;;;;;;;;;;;;;;;;;;;;;;;;;;;;;;;;;;;;;;
20:29:48;12;87;9999;082;999;09;111111111111000000000000;000000000000000000000000;11101000;000;_;e;10;000010001000000000000000;____;05;045;036;014;044;045;016;0425619304;;;;;;;;;;;;;;;;;;;;;;;;;;;;;;;;;;;;;;;;;;;;;;;;;;
20:43:12;12;88;9999;073;999;09;111111111111000000000000;000000000000000000000000;11101000;000;_;e;10;010011110100000000000000;____;07;023;048;026;018;028;074;0425615089;;;;;;;;;;;;;;;;;;;;;;;;;;;;;;;;;;;;;;;;;;;;;;;;;;
20:52:00;12;89;9999;068;999;09;111111111111000000000000;000000000000000000000000;11101000;000;_;e;10;000000011100000000000000;____;10;000;077;019;000;025;040;0425615092;;;;;;;;;;;;;;;;;;;;;;;;;;;;;;;;;;;;;;;;;;;;;;;;;;
21:05:52;12;90;9999;062;999;09;111111111111000000000000;000000000000000000000000;11101000;000;_;e;10;001100001100000000000000;____;10;-01;073;020;-01;033;056;0425619314;;;;;;;;;;;;;;;;;;;;;;;;;;;;;;;;;;;;;;;;;;;;;;;;;;
21:07:13;12;91;9999;067;999;08;111111111111000000000000;000000000000000000000000;11101000;000;_;e;10;000000011100000000000000;____;10;003;073;019;003;031;029;0425619106;;;;;;;;;;;;;;;;;;;;;;;;;;;;;;;;;;;;;;;;;;;;;;;;;;
21:11:37;12;92;9999;057;999;09;111111111111000000000000;000000000000000000000000;11101000;000;_;e;10;110000000000000000000000;____;01;041;103;010;039;042;053;0425615099;;;;;;;;;;;;;;;;;;;;;;;;;;;;;;;;;;;;;;;;;;;;;;;;;;
21:15:02;12;93;9999;077;999;09;111111111111000000000000;000000000000000000000000;11101000;000;_;e;10;000010000101000000000000;____;10;-02;073;005;-03;001;049;0425618827;;;;;;;;;;;;;;;;;;;;;;;;;;;;;;;;;;;;;;;;;;;;;;;;;;
21:16:31;12;94;9999;070;999;09;111111111111000000000000;000000000000000000000000;11101000;000;_;e;10;000111111000000000000000;____;07;048;047;028;045;049;055;0425619626;;;;;;;;;;;;;;;;;;;;;;;;;;;;;;;;;;;;;;;;;;;;;;;;;;
21:17:18;12;95;9999;064;999;09;111111111111000000000000;000000000000000000000000;11101000;000;_;e;10;000000000100000000000000;____;10;002;073;003;002;002;003;0425619113;;;;;;;;;;;;;;;;;;;;;;;;;;;;;;;;;;;;;;;;;;;;;;;;;;
21:20:01;12;96;9999;062;999;09;111111111111000000000000;000000000000000000000000;11101000;000;_;e;10;000000000101000000000000;____;10;-11;077;007;-11;024;042;0425619317;;;;;;;;;;;;;;;;;;;;;;;;;;;;;;;;;;;;;;;;;;;;;;;;;;
21:21:00;12;97;9999;063;999;09;111111111111000000000000;000000000000000000000000;11101000;000;_;e;10;000110011100000000000000;____;10;-07;079;007;-08;035;133;0425619629;;;;;;;;;;;;;;;;;;;;;;;;;;;;;;;;;;;;;;;;;;;;;;;;;;
21:22:00;12;98;9999;065;999;09;111111111111000000000000;000000000000000000000000;11101000;000;_;e;10;111000000000000000000000;____;03;039;093;014;038;039;025;0425615788;;;;;;;;;;;;;;;;;;;;;;;;;;;;;;;;;;;;;;;;;;;;;;;;;;
21:26:21;12;99;9999;065;999;08;111111111111000000000000;000000000000000000000000;11101000;000;_;e;10;001000000100000000000000;____;03;024;074;031;002;024;009;0425619631;;;;;;;;;;;;;;;;;;;;;;;;;;;;;;;;;;;;;;;;;;;;;;;;;;
21:30:58;12;01;9999;069;999;08;111111111111000000000000;000000000000000000000000;11101000;000;_;e;10;100000000000000000000000;____;01;020;095;028;019;020;008;0425619634;;;;;;;;;;;;;;;;;;;;;;;;;;;;;;;;;;;;;;;;;;;;;;;;;;
21:32:15;12;02;9999;082;999;09;111111111111000000000000;000000000000000000000000;11101000;000;_;e;10;011110000100000000000000;____;10;052;091;034;016;057;056;0425619633;;;;;;;;;;;;;;;;;;;;;;;;;;;;;;;;;;;;;;;;;;;;;;;;;;
21:33:07;12;03;9999;076;999;09;111111111111000000000000;000000000000000000000000;11101000;000;_;e;10;001111001000000000000000;____;05;042;056;016;040;045;103;0425619319;;;;;;;;;;;;;;;;;;;;;;;;;;;;;;;;;;;;;;;;;;;;;;;;;;
21:40:13;12;04;9999;074;999;09;111111111111000000000000;000000000000000000000000;11101000;000;_;e;10;001100000000000000000000;____;03;065;055;002;065;069;037;0425615794;;;;;;;;;;;;;;;;;;;;;;;;;;;;;;;;;;;;;;;;;;;;;;;;;;
21:40:39;12;05;9999;077;999;08;111111111111000000000000;000000000000000000000000;11101000;000;_;e;10;100111001000000000000000;____;04;058;066;049;037;060;056;0425615793;;;;;;;;;;;;;;;;;;;;;;;;;;;;;;;;;;;;;;;;;;;;;;;;;;
22:05:28;12;06;9999;074;999;08;111111111111000000000000;000000000000000000000000;11101000;000;_;e;10;111110000000000000000000;____;02;049;077;047;039;055;090;0425619322;;;;;;;;;;;;;;;;;;;;;;;;;;;;;;;;;;;;;;;;;;;;;;;;;;
22:06:34;12;07;9999;075;999;09;111111111111000000000000;000000000000000000000000;11101000;000;_;e;10;001100001100000000000000;____;03;063;078;029;031;065;055;0425619323;;;;;;;;;;;;;;;;;;;;;;;;;;;;;;;;;;;;;;;;;;;;;;;;;;
22:16:31;12;08;9999;077;999;09;111111111111000000000000;000000000000000000000000;11010000;000;_;;;;;;;;;;;;;;;;;;;;;;;;;;;;;;;;;;;;;;;;;;;;;;;;;;;;;;;;;;;;;;
22:17:57;12;09;9999;077;999;09;111111111111000000000000;000000000000000000000000;11101000;000;_;e;10;111110000000000000000000;____;04;031;083;031;027;058;097;0425618852;;;;;;;;;;;;;;;;;;;;;;;;;;;;;;;;;;;;;;;;;;;;;;;;;;
22:19:34;12;10;9999;056;999;09;111111111111000000000000;000000000000000000000000;11101000;000;_;e;10;001111001100000000000000;____;03;054;074;025;048;064;084;0425618853;;;;;;;;;;;;;;;;;;;;;;;;;;;;;;;;;;;;;;;;;;;;;;;;;;
22:22:38;12;11;9999;075;999;09;111111111111000000000000;000000000000000000000000;11101000;000;_;e;10;001000000100000000000000;____;10;073;077;014;067;075;028;0425618359;;;;;;;;;;;;;;;;;;;;;;;;;;;;;;;;;;;;;;;;;;;;;;;;;;
22:26:37;12;12;9999;062;999;09;111111111111000000000000;000000000000000000000000;11101000;000;_;e;10;000010011000000000000000;____;05;041;041;018;040;043;063;0425619134;;;;;;;;;;;;;;;;;;;;;;;;;;;;;;;;;;;;;;;;;;;;;;;;;;
22:37:32;12;13;9999;077;999;09;111111111111000000000000;000000000000000000000000;11101000;000;_;e;10;110000000000000000000000;____;02;039;100;010;039;060;048;0425619136;;;;;;;;;;;;;;;;;;;;;;;;;;;;;;;;;;;;;;;;;;;;;;;;;;
22:40:55;12;14;9999;054;999;09;111111111111000000000000;000000000000000000000000;11101000;000;_;e;10;000110000010000000000000;____;11;026;045;004;019;026;034;0425619138;;;;;;;;;;;;;;;;;;;;;;;;;;;;;;;;;;;;;;;;;;;;;;;;;;
22:42:20;12;15;9999;055;999;09;111111111111000000000000;000000000000000000000000;11101000;000;_;e;10;111100000000000000000000;____;04;037;094;018;035;039;094;0425619331;;;;;;;;;;;;;;;;;;;;;;;;;;;;;;;;;;;;;;;;;;;;;;;;;;
22:44:42;12;16;9999;077;999;09;111111111111000000000000;000000000000000000000000;11101000;000;_;e;10;001000000100000000000000;____;03;069;068;006;040;070;031;0425619129;;;;;;;;;;;;;;;;;;;;;;;;;;;;;;;;;;;;;;;;;;;;;;;;;;
22:45:15;12;17;9999;059;999;09;111111111111000000000000;000000000000000000000000;11101000;000;_;e;10;000000000100000000000000;____;10;-07;078;015;-07;-06;043;0425619128;;;;;;;;;;;;;;;;;;;;;;;;;;;;;;;;;;;;;;;;;;;;;;;;;;
22:45:20;12;18;9999;063;331;09;111111111111000000000000;000000000000000000000000;11101000;000;_;e;10;001100001100000000000000;____;10;004;076;018;004;033;057;0425618858;;;;;;;;;;;;;;;;;;;;;;;;;;;;;;;;;;;;;;;;;;;;;;;;;;
22:54:18;12;19;9999;075;999;09;111111111111000000000000;000000000000000000000000;11101000;000;_;e;10;000011011000000000000000;____;09;084;065;030;078;084;049;0425618861;;;;;;;;;;;;;;;;;;;;;;;;;;;;;;;;;;;;;;;;;;;;;;;;;;
22:58:25;12;20;9999;073;999;09;111111111111000000000000;000000000000000000000000;11101000;000;_;e;10;000011101100000000000000;____;05;030;051;026;028;035;127;0425619141;;;;;;;;;;;;;;;;;;;;;;;;;;;;;;;;;;;;;;;;;;;;;;;;;;
