RDT400 Server V3.30
Site: 
System: Barcode scanner PLC06_178 (Sick); System type: OPS
Date: 09-12-2024  00:00:25
Date    ;ID;CT;IDX ;TLE;TGA;V ;DEVICE LIST             ;ERROR LIST              ;OUTPUT  ;ENR;R;CODE1 ID;LENGTH;READ LIST;RES;CLV ID;XPOS;YPOS;ZPOS;XMIN;XMAX;CS;CODE CONTENT;XPOS;YPOS;ZPOS;XMIN;XMAX;CS;CODE CONTENT;CODE2 ID;LENGTH;READ LIST;RES;CLV ID;XPOS;YPOS;ZPOS;XMIN;XMAX;CS;CODE CONTENT;XPOS;YPOS;ZPOS;XMIN;XMAX;CS;CODE CONTENT;CODE3 ID;LENGTH;READ LIST;RES;CLV ID;XPOS;YPOS;ZPOS;XMIN;XMAX;CS;CODE CONTENT;XPOS;YPOS;ZPOS;XMIN;XMAX;CS;CODE CONTENT;INFO1;INFO2;CUSTOM1;CUSTOM2;
00:04:48;17;36;9999;059;999;11;111111111111000000000000;000000000000000000000000;11101000;000;_;e;10;000001001010000000000000;____;11;-19;013;004;-19;-09;006;0316111915;;;;;;;;;;;;;;;;;;;;;;;;;;;;;;;;;;;;;;;;;;;;;;;;;;
00:04:50;17;37;9999;045;151;11;111111111111000000000000;000000000000000000000000;11101000;000;_;e;10;000000001100000000000000;____;10;-15;051;035;-15;-06;011;0316111916;;;;;;;;;;;;;;;;;;;;;;;;;;;;;;;;;;;;;;;;;;;;;;;;;;
00:04:52;17;38;9999;073;157;11;111111111111000000000000;000000000000000000000000;11101000;000;_;e;10;000010110010000000000000;____;07;019;010;005;019;027;032;0316111918;;;;;;;;;;;;;;;;;;;;;;;;;;;;;;;;;;;;;;;;;;;;;;;;;;
00:04:54;17;39;9999;067;156;11;111111111111000000000000;000000000000000000000000;11101000;000;_;e;10;010010000001000000000000;____;12;041;052;004;016;041;018;0316111917;;;;;;;;;;;;;;;;;;;;;;;;;;;;;;;;;;;;;;;;;;;;;;;;;;
00:04:59;17;40;9999;054;178;06;111111111111000000000000;000000000000000000000000;11010000;000;_;;;;;;;;;;;;;;;;;;;;;;;;;;;;;;;;;;;;;;;;;;;;;;;;;;;;;;;;;;;;;;
00:05:01;17;41;9999;066;163;11;111111111111000000000000;000000000000000000000000;11101000;000;_;e;10;000011001010000000000000;____;09;042;018;009;033;044;086;0316111920;;;;;;;;;;;;;;;;;;;;;;;;;;;;;;;;;;;;;;;;;;;;;;;;;;
00:05:05;17;42;9999;054;166;11;111111111111000000000000;000000000000000000000000;11101000;000;_;e;10;000000000001000000000000;____;12;033;046;004;033;033;014;0316111922;;;;;;;;;;;;;;;;;;;;;;;;;;;;;;;;;;;;;;;;;;;;;;;;;;
00:05:07;17;43;9999;056;129;11;111111111111000000000000;000000000000000000000000;11101000;000;_;e;10;000011001001000000000000;____;09;032;049;008;032;036;048;0316111923;;;;;;;;;;;;;;;;;;;;;;;;;;;;;;;;;;;;;;;;;;;;;;;;;;
00:05:14;17;44;9999;067;341;00;111111111111000000000000;000000000000000000000000;11101000;000;_;e;10;000110111010000000000000;____;05;043;015;004;037;049;096;0316111924;;;;;;;;;;;;;;;;;;;;;;;;;;;;;;;;;;;;;;;;;;;;;;;;;;
00:05:17;17;45;9999;086;241;11;111111111111000000000000;000000000000000000000000;11101000;000;_;e;10;000101001000000000000000;____;04;009;057;039;007;035;045;0316111921;;;;;;;;;;;;;;;;;;;;;;;;;;;;;;;;;;;;;;;;;;;;;;;;;;
00:05:19;17;46;9999;046;153;11;111111111111000000000000;000000000000000000000000;11101000;000;_;e;10;000111001010000000000000;____;09;035;030;007;004;038;068;0316111925;;;;;;;;;;;;;;;;;;;;;;;;;;;;;;;;;;;;;;;;;;;;;;;;;;
05:04:51;17;47;9999;076;999;11;111111111111000000000000;000000000000000000000000;11101000;000;_;e;10;100010001100000000000000;____;05;-01;058;036;-04;002;098;0425516690;;;;;;;;;;;;;;;;;;;;;;;;;;;;;;;;;;;;;;;;;;;;;;;;;;
05:04:53;17;48;9999;074;153;11;111111111111000000000000;000000000000000000000000;11101000;000;_;e;10;001001000000000000000000;____;03;023;063;033;023;027;006;0425516691;;;;;;;;;;;;;;;;;;;;;;;;;;;;;;;;;;;;;;;;;;;;;;;;;;
05:04:57;17;49;9999;057;155;03;111111111111000000000000;000000000000000000000000;11101000;000;_;e;10;000000001001000000000000;____;09;027;063;007;027;031;031;0425516692;;;;;;;;;;;;;;;;;;;;;;;;;;;;;;;;;;;;;;;;;;;;;;;;;;
05:04:59;17;50;9999;073;193;11;111111111111000000000000;000000000000000000000000;11101000;000;_;e;10;000111001100000000000000;____;04;002;065;032;002;015;037;0425516693;;;;;;;;;;;;;;;;;;;;;;;;;;;;;;;;;;;;;;;;;;;;;;;;;;
05:05:01;17;51;9999;074;151;11;111111111111000000000000;000000000000000000000000;11101000;000;_;e;10;000100000000000000000000;____;04;012;088;015;006;017;029;0425516694;;;;;;;;;;;;;;;;;;;;;;;;;;;;;;;;;;;;;;;;;;;;;;;;;;
05:05:03;17;52;9999;080;165;11;111111111111000000000000;000000000000000000000000;11101000;000;_;e;10;100101000100000000000000;____;01;010;060;040;-02;029;047;0425516696;;;;;;;;;;;;;;;;;;;;;;;;;;;;;;;;;;;;;;;;;;;;;;;;;;
05:05:08;17;53;9999;072;241;11;111111111111000000000000;000000000000000000000000;11101000;000;_;e;10;000011001000000000000000;____;05;003;060;029;-01;009;305;0425516697;;;;;;;;;;;;;;;;;;;;;;;;;;;;;;;;;;;;;;;;;;;;;;;;;;
05:34:04;17;54;9999;054;999;11;111111111111000000000000;000000000000000000000000;11010000;000;_;;;;;;;;;;;;;;;;;;;;;;;;;;;;;;;;;;;;;;;;;;;;;;;;;;;;;;;;;;;;;;
05:34:06;17;55;9999;091;149;11;111111111111000000000000;000000000000000000000000;11101000;000;_;e;10;000000101000000000000000;____;09;065;026;020;060;065;012;0425514295;;;;;;;;;;;;;;;;;;;;;;;;;;;;;;;;;;;;;;;;;;;;;;;;;;
05:34:08;17;56;9999;080;155;11;111111111111000000000000;000000000000000000000000;11101000;000;_;e;10;000100000000000000000000;____;04;007;046;042;007;007;004;0425514296;;;;;;;;;;;;;;;;;;;;;;;;;;;;;;;;;;;;;;;;;;;;;;;;;;
05:34:10;17;57;9999;053;153;11;111111111111000000000000;000000000000000000000000;11101000;000;_;e;10;000010000100000000000000;____;05;031;028;030;024;040;094;0425514297;;;;;;;;;;;;;;;;;;;;;;;;;;;;;;;;;;;;;;;;;;;;;;;;;;
05:34:13;17;58;9999;077;193;11;111111111111000000000000;000000000000000000000000;11101000;000;_;e;10;000001000000000000000000;____;06;-03;045;020;-03;-03;005;0425512897;;;;;;;;;;;;;;;;;;;;;;;;;;;;;;;;;;;;;;;;;;;;;;;;;;
05:34:16;17;59;9999;075;146;06;111111111111000000000000;000000000000000000000000;11101000;000;_;e;10;000110001100000000000000;____;04;-09;053;041;-11;012;042;0425514298;;;;;;;;;;;;;;;;;;;;;;;;;;;;;;;;;;;;;;;;;;;;;;;;;;
05:34:20;17;60;9999;081;152;02;111111111111000000000000;000000000000000000000000;11101000;000;_;e;10;000111001000000000000000;____;06;013;029;026;011;020;050;0425514299;;;;;;;;;;;;;;;;;;;;;;;;;;;;;;;;;;;;;;;;;;;;;;;;;;
05:34:22;17;61;9999;063;165;11;111111111111000000000000;000000000000000000000000;11010000;000;_;;;;;;;;;;;;;;;;;;;;;;;;;;;;;;;;;;;;;;;;;;;;;;;;;;;;;;;;;;;;;;
05:34:25;17;62;9999;045;156;06;111111111111000000000000;000000000000000000000000;11101000;000;_;e;10;000011000100000000000000;____;05;-05;018;039;-13;-05;033;0425520066;;;;;;;;;;;;;;;;;;;;;;;;;;;;;;;;;;;;;;;;;;;;;;;;;;
05:34:30;17;63;9999;060;205;00;111111111111000000000000;000000000000000000000000;11101000;000;_;e;10;000010001100000000000000;____;05;022;049;037;017;028;052;0425520067;;;;;;;;;;;;;;;;;;;;;;;;;;;;;;;;;;;;;;;;;;;;;;;;;;
05:34:33;17;64;9999;067;232;11;111111111111000000000000;000000000000000000000000;11101000;000;_;e;10;000000001000000000000000;____;09;021;055;032;021;021;005;0425520069;;;;;;;;;;;;;;;;;;;;;;;;;;;;;;;;;;;;;;;;;;;;;;;;;;
05:34:37;17;65;9999;066;356;11;111111111111000000000000;000000000000000000000000;11101000;000;_;e;10;000010110000000000000000;____;08;008;002;008;008;029;043;0425520068;;;;;;;;;;;;;;;;;;;;;;;;;;;;;;;;;;;;;;;;;;;;;;;;;;
05:34:40;17;66;9999;071;241;11;111111111111000000000000;000000000000000000000000;11101000;000;_;e;10;000110111010000000000000;____;05;028;020;001;021;034;087;0425520070;;;;;;;;;;;;;;;;;;;;;;;;;;;;;;;;;;;;;;;;;;;;;;;;;;
05:34:42;17;67;9999;080;165;11;111111111111000000000000;000000000000000000000000;11101000;000;_;e;10;000110001000000000000000;____;04;019;056;023;019;051;042;0425520073;;;;;;;;;;;;;;;;;;;;;;;;;;;;;;;;;;;;;;;;;;;;;;;;;;
05:34:44;17;68;9999;071;151;11;111111111111000000000000;000000000000000000000000;11101000;000;_;e;10;000110000000000000000000;____;05;-08;036;025;-09;-08;006;0425520072;;;;;;;;;;;;;;;;;;;;;;;;;;;;;;;;;;;;;;;;;;;;;;;;;;
05:34:46;17;69;9999;057;161;11;111111111111000000000000;000000000000000000000000;11101000;000;_;e;10;000001010010000000000000;____;06;-19;015;006;-19;-14;061;0425520071;;;;;;;;;;;;;;;;;;;;;;;;;;;;;;;;;;;;;;;;;;;;;;;;;;
05:34:49;17;70;9999;048;191;11;111111111111000000000000;000000000000000000000000;11101000;000;_;e;10;000000110000000000000000;____;07;001;017;004;000;001;027;0425520261;;;;;;;;;;;;;;;;;;;;;;;;;;;;;;;;;;;;;;;;;;;;;;;;;;
05:34:50;17;71;9999;056;147;11;111111111111000000000000;000000000000000000000000;11101000;000;_;e;10;000000001100000000000000;____;10;-09;027;021;-09;-06;004;0425520262;;;;;;;;;;;;;;;;;;;;;;;;;;;;;;;;;;;;;;;;;;;;;;;;;;
05:34:54;17;72;9999;083;201;05;111111111111000000000000;000000000000000000000000;11101000;000;_;e;10;100000001001000000000000;____;01;042;062;007;042;054;028;0425512898;;;;;;;;;;;;;;;;;;;;;;;;;;;;;;;;;;;;;;;;;;;;;;;;;;
05:34:56;17;73;9999;062;158;11;111111111111000000000000;000000000000000000000000;11010000;000;_;;;;;;;;;;;;;;;;;;;;;;;;;;;;;;;;;;;;;;;;;;;;;;;;;;;;;;;;;;;;;;
05:34:58;17;74;9999;056;165;11;111111111111000000000000;000000000000000000000000;11101000;000;_;e;10;000010001010000000000000;____;09;026;038;001;025;029;038;0425520075;;;;;;;;;;;;;;;;;;;;;;;;;;;;;;;;;;;;;;;;;;;;;;;;;;
05:35:00;17;75;9999;072;187;11;111111111111000000000000;000000000000000000000000;11101000;000;_;e;10;000001000000000000000000;____;06;-03;034;025;-03;-03;006;0425514547;;;;;;;;;;;;;;;;;;;;;;;;;;;;;;;;;;;;;;;;;;;;;;;;;;
05:35:05;17;76;9999;063;227;00;111111111111000000000000;000000000000000000000000;11101000;000;_;e;10;000011010010000000000000;____;06;-09;015;000;-09;-03;079;0425520263;;;;;;;;;;;;;;;;;;;;;;;;;;;;;;;;;;;;;;;;;;;;;;;;;;
05:35:09;17;77;9999;078;231;03;111111111111000000000000;000000000000000000000000;11101000;000;_;e;10;000110001000000000000000;____;05;-08;038;028;-13;-05;073;0425514548;;;;;;;;;;;;;;;;;;;;;;;;;;;;;;;;;;;;;;;;;;;;;;;;;;
05:35:11;17;78;9999;079;164;11;111111111111000000000000;000000000000000000000000;11101000;000;_;e;10;000011000000000000000000;____;05;018;015;026;011;018;047;0425520076;;;;;;;;;;;;;;;;;;;;;;;;;;;;;;;;;;;;;;;;;;;;;;;;;;
05:35:13;17;79;9999;074;173;11;111111111111000000000000;000000000000000000000000;11101000;000;_;e;10;100101001000000000000000;____;01;020;043;030;018;022;035;0425520074;;;;;;;;;;;;;;;;;;;;;;;;;;;;;;;;;;;;;;;;;;;;;;;;;;
05:35:15;17;80;9999;077;143;11;111111111111000000000000;000000000000000000000000;11101000;000;_;e;10;110000000000000000000000;____;01;026;062;007;022;032;027;0555612450;;;;;;;;;;;;;;;;;;;;;;;;;;;;;;;;;;;;;;;;;;;;;;;;;;
05:35:19;17;81;9999;045;234;09;111111111111000000000000;000000000000000000000000;11101000;000;_;e;10;000111001000000000000000;____;06;-06;041;028;-07;-04;081;0425520264;;;;;;;;;;;;;;;;;;;;;;;;;;;;;;;;;;;;;;;;;;;;;;;;;;
05:35:21;17;82;9999;080;191;11;111111111111000000000000;000000000000000000000000;11010000;000;_;;;;;;;;;;;;;;;;;;;;;;;;;;;;;;;;;;;;;;;;;;;;;;;;;;;;;;;;;;;;;;
05:35:24;17;83;9999;076;159;11;111111111111000000000000;000000000000000000000000;11101000;000;_;e;10;001000000000000000000000;____;03;029;047;030;029;029;004;0425520077;;;;;;;;;;;;;;;;;;;;;;;;;;;;;;;;;;;;;;;;;;;;;;;;;;
05:35:29;17;84;9999;070;159;00;111111111111000000000000;000000000000000000000000;11101000;000;_;e;10;000010101010000000000000;____;07;031;021;007;029;038;044;0425514550;;;;;;;;;;;;;;;;;;;;;;;;;;;;;;;;;;;;;;;;;;;;;;;;;;
05:35:32;17;85;9999;078;239;11;111111111111000000000000;000000000000000000000000;11101000;000;_;e;10;001111001000000000000000;____;04;028;044;025;027;028;047;0425514551;;;;;;;;;;;;;;;;;;;;;;;;;;;;;;;;;;;;;;;;;;;;;;;;;;
05:35:34;17;86;9999;081;153;11;111111111111000000000000;000000000000000000000000;11101000;000;_;e;10;100000001101000000000000;____;12;046;067;004;036;046;018;0425520265;;;;;;;;;;;;;;;;;;;;;;;;;;;;;;;;;;;;;;;;;;;;;;;;;;
05:35:35;17;87;9999;064;021;11;111111111111000000000000;000000000000000000000000;11101000;000;_;e;10;100000000000000000000000;____;01;025;054;011;025;040;026;0425520267;;;;;;;;;;;;;;;;;;;;;;;;;;;;;;;;;;;;;;;;;;;;;;;;;;
05:35:39;17;88;9999;053;157;07;111111111111000000000000;000000000000000000000000;11101000;000;_;e;10;000011101010000000000000;____;05;026;008;008;017;026;048;0425514552;;;;;;;;;;;;;;;;;;;;;;;;;;;;;;;;;;;;;;;;;;;;;;;;;;
05:35:41;17;89;9999;084;164;11;111111111111000000000000;000000000000000000000000;11101000;000;_;e;10;000010000000000000000000;____;05;042;054;005;041;042;006;0425520266;;;;;;;;;;;;;;;;;;;;;;;;;;;;;;;;;;;;;;;;;;;;;;;;;;
06:04:32;17;90;9999;075;999;11;111111111111000000000000;000000000000000000000000;11010000;000;_;;;;;;;;;;;;;;;;;;;;;;;;;;;;;;;;;;;;;;;;;;;;;;;;;;;;;;;;;;;;;;
06:04:36;17;91;9999;084;331;11;111111111111000000000000;000000000000000000000000;11101000;000;_;e;10;000000000001000000000000;____;12;-14;047;004;-14;-14;002;0425520115;;;;;;;;;;;;;;;;;;;;;;;;;;;;;;;;;;;;;;;;;;;;;;;;;;
06:04:39;17;92;9999;047;232;11;111111111111000000000000;000000000000000000000000;11101000;000;_;e;10;000010001000000000000000;____;05;-05;020;005;-08;-04;026;0425512272;;;;;;;;;;;;;;;;;;;;;;;;;;;;;;;;;;;;;;;;;;;;;;;;;;
06:04:41;17;93;9999;055;187;11;111111111111000000000000;000000000000000000000000;11101000;000;_;e;10;000110101000000000000000;____;07;011;026;016;010;017;065;0425520116;;;;;;;;;;;;;;;;;;;;;;;;;;;;;;;;;;;;;;;;;;;;;;;;;;
06:04:43;17;94;9999;082;155;11;111111111111000000000000;000000000000000000000000;11101000;000;_;e;10;000001000000000000000000;____;06;003;032;021;003;003;002;0425512273;;;;;;;;;;;;;;;;;;;;;;;;;;;;;;;;;;;;;;;;;;;;;;;;;;
06:04:46;17;95;9999;057;249;11;111111111111000000000000;000000000000000000000000;11101000;000;_;e;10;000000110000000000000000;____;07;016;001;004;016;017;020;0425520117;;;;;;;;;;;;;;;;;;;;;;;;;;;;;;;;;;;;;;;;;;;;;;;;;;
06:04:48;17;96;9999;079;181;11;111111111111000000000000;000000000000000000000000;11101000;000;_;e;10;000110001000000000000000;____;09;024;055;013;006;024;007;0425512274;;;;;;;;;;;;;;;;;;;;;;;;;;;;;;;;;;;;;;;;;;;;;;;;;;
06:04:50;17;97;9999;045;163;11;111111111111000000000000;000000000000000000000000;11101000;000;_;e;10;000000000100000000000000;____;10;004;013;004;004;004;004;0425512275;;;;;;;;;;;;;;;;;;;;;;;;;;;;;;;;;;;;;;;;;;;;;;;;;;
06:04:52;17;98;9999;054;185;11;111111111111000000000000;000000000000000000000000;11010000;000;_;;;;;;;;;;;;;;;;;;;;;;;;;;;;;;;;;;;;;;;;;;;;;;;;;;;;;;;;;;;;;;
06:04:54;17;99;9999;077;175;11;111111111111000000000000;000000000000000000000000;11101000;000;_;e;10;000000000100000000000000;____;10;-20;045;024;-20;-20;012;2555677702;;;;;;;;;;;;;;;;;;;;;;;;;;;;;;;;;;;;;;;;;;;;;;;;;;
06:04:59;17;01;9999;068;153;09;111111111111000000000000;000000000000000000000000;11101000;000;_;e;10;010101000000000000000000;____;06;000;083;026;-03;054;025;2555677703;;;;;;;;;;;;;;;;;;;;;;;;;;;;;;;;;;;;;;;;;;;;;;;;;;
06:05:01;17;02;9999;051;148;11;111111111111000000000000;000000000000000000000000;11010000;000;_;;;;;;;;;;;;;;;;;;;;;;;;;;;;;;;;;;;;;;;;;;;;;;;;;;;;;;;;;;;;;;
06:05:05;17;03;9999;082;157;06;111111111111000000000000;000000000000000000000000;11101000;000;_;e;10;000010101000000000000000;____;05;055;022;016;013;055;036;0425512276;;;;;;;;;;;;;;;;;;;;;;;;;;;;;;;;;;;;;;;;;;;;;;;;;;
06:05:07;17;04;9999;085;123;11;111111111111000000000000;000000000000000000000000;11101000;000;_;e;10;000101001000000000000000;____;09;033;048;018;017;035;027;0425520118;;;;;;;;;;;;;;;;;;;;;;;;;;;;;;;;;;;;;;;;;;;;;;;;;;
06:05:12;17;05;9999;088;338;11;111111111111000000000000;000000000000000000000000;11101000;000;_;e;10;000100001000000000000000;____;09;006;039;029;-14;006;006;0425520119;;;;;;;;;;;;;;;;;;;;;;;;;;;;;;;;;;;;;;;;;;;;;;;;;;
06:05:16;17;06;9999;066;313;11;111111111111000000000000;000000000000000000000000;11101000;000;_;e;10;010000000000000000000000;____;02;-12;053;010;-12;-12;006;0425520120;;;;;;;;;;;;;;;;;;;;;;;;;;;;;;;;;;;;;;;;;;;;;;;;;;
06:05:18;17;07;9999;060;232;11;111111111111000000000000;000000000000000000000000;11101000;000;_;e;10;000111101010000000000000;____;05;031;014;010;021;033;107;0425520121;;;;;;;;;;;;;;;;;;;;;;;;;;;;;;;;;;;;;;;;;;;;;;;;;;
06:05:21;17;08;9999;073;165;11;111111111111000000000000;000000000000000000000000;11101000;000;_;e;10;000001000000000000000000;____;06;-01;015;019;-01;-01;005;0425512278;;;;;;;;;;;;;;;;;;;;;;;;;;;;;;;;;;;;;;;;;;;;;;;;;;
06:05:23;17;09;9999;063;164;11;111111111111000000000000;000000000000000000000000;11101000;000;_;e;10;000000000100000000000000;____;10;012;007;005;012;012;004;0425520122;;;;;;;;;;;;;;;;;;;;;;;;;;;;;;;;;;;;;;;;;;;;;;;;;;
06:05:51;17;10;9999;063;999;11;111111111111000000000000;000000000000000000000000;11101000;000;_;e;10;000011110000000000000000;____;07;031;010;012;000;032;068;0425520123;;;;;;;;;;;;;;;;;;;;;;;;;;;;;;;;;;;;;;;;;;;;;;;;;;
06:05:53;17;11;9999;069;171;11;111111111111000000000000;000000000000000000000000;11101000;000;_;e;10;100000000000000000000000;____;01;-09;059;011;-09;-08;023;0425520124;;;;;;;;;;;;;;;;;;;;;;;;;;;;;;;;;;;;;;;;;;;;;;;;;;
06:05:56;17;12;9999;055;158;11;111111111111000000000000;000000000000000000000000;11101000;000;_;e;10;000000100000000000000000;____;07;-02;001;018;-02;000;027;0425520125;;;;;;;;;;;;;;;;;;;;;;;;;;;;;;;;;;;;;;;;;;;;;;;;;;
06:05:59;17;13;9999;065;175;01;111111111111000000000000;000000000000000000000000;11101000;000;_;e;10;000111010010000000000000;____;06;-17;016;006;-17;007;055;0425520126;;;;;;;;;;;;;;;;;;;;;;;;;;;;;;;;;;;;;;;;;;;;;;;;;;
06:06:01;17;14;9999;071;171;11;111111111111000000000000;000000000000000000000000;11101000;000;_;e;10;111110001010000000000000;____;01;025;066;009;014;034;040;0425520127;;;;;;;;;;;;;;;;;;;;;;;;;;;;;;;;;;;;;;;;;;;;;;;;;;
06:34:44;17;15;9999;082;999;11;111111111111000000000000;000000000000000000000000;11101000;000;_;e;10;000111000100000000000000;____;06;-07;033;017;-07;010;038;0425521345;;;;;;;;;;;;;;;;;;;;;;;;;;;;;;;;;;;;;;;;;;;;;;;;;;
06:34:46;17;16;9999;072;147;11;111111111111000000000000;000000000000000000000000;11101000;000;_;e;10;010000001000000000000000;____;09;002;058;031;000;002;007;0425521346;;;;;;;;;;;;;;;;;;;;;;;;;;;;;;;;;;;;;;;;;;;;;;;;;;
06:34:49;17;17;9999;074;164;05;111111111111000000000000;000000000000000000000000;11101000;000;_;e;10;001111001000000000000000;____;04;001;073;037;000;007;058;0425450376;;;;;;;;;;;;;;;;;;;;;;;;;;;;;;;;;;;;;;;;;;;;;;;;;;
06:34:51;17;18;9999;076;156;11;111111111111000000000000;000000000000000000000000;11101000;000;_;e;10;000110001000000000000000;____;04;010;060;043;007;019;144;0425450375;;;;;;;;;;;;;;;;;;;;;;;;;;;;;;;;;;;;;;;;;;;;;;;;;;
06:34:54;17;19;9999;061;142;08;111111111111000000000000;000000000000000000000000;11101000;000;_;e;10;000111001100000000000000;____;04;013;065;038;-02;025;089;0425521347;;;;;;;;;;;;;;;;;;;;;;;;;;;;;;;;;;;;;;;;;;;;;;;;;;
06:34:57;17;20;9999;046;210;11;111111111111000000000000;000000000000000000000000;11101000;000;_;e;10;000001001000000000000000;____;06;053;057;011;042;055;035;0425521348;;;;;;;;;;;;;;;;;;;;;;;;;;;;;;;;;;;;;;;;;;;;;;;;;;
06:35:00;17;21;9999;071;256;11;111111111111000000000000;000000000000000000000000;11101000;000;_;e;10;000010000000000000000000;____;05;023;043;009;023;024;002;0425521349;;;;;;;;;;;;;;;;;;;;;;;;;;;;;;;;;;;;;;;;;;;;;;;;;;
07:04:24;17;22;9999;070;999;11;111111111111000000000000;000000000000000000000000;11101000;000;_;e;10;100000001000000000000000;____;01;029;062;012;028;030;019;2555507706;;;;;;;;;;;;;;;;;;;;;;;;;;;;;;;;;;;;;;;;;;;;;;;;;;
07:04:26;17;23;9999;068;153;11;111111111111000000000000;000000000000000000000000;11101000;000;_;e;10;000000001100000000000000;____;10;010;030;002;-07;010;008;0425519866;;;;;;;;;;;;;;;;;;;;;;;;;;;;;;;;;;;;;;;;;;;;;;;;;;
07:04:30;17;24;9999;051;172;00;111111111111000000000000;000000000000000000000000;11010000;000;_;;;;;;;;;;;;;;;;;;;;;;;;;;;;;;;;;;;;;;;;;;;;;;;;;;;;;;;;;;;;;;
07:04:32;17;25;9999;090;188;11;111111111111000000000000;000000000000000000000000;11101000;000;_;e;10;110000000000000000000000;____;02;029;071;007;025;034;068;0316110758;;;;;;;;;;;;;;;;;;;;;;;;;;;;;;;;;;;;;;;;;;;;;;;;;;
07:04:35;17;26;9999;062;159;11;111111111111000000000000;000000000000000000000000;11101000;000;_;e;10;000001010000000000000000;____;06;-15;021;004;-15;009;029;0316110761;;;;;;;;;;;;;;;;;;;;;;;;;;;;;;;;;;;;;;;;;;;;;;;;;;
07:04:37;17;27;9999;046;166;11;111111111111000000000000;000000000000000000000000;11101000;000;_;e;10;000111001100000000000000;____;04;-12;038;022;-15;-11;125;0316110763;;;;;;;;;;;;;;;;;;;;;;;;;;;;;;;;;;;;;;;;;;;;;;;;;;
07:04:45;17;28;9999;055;811;11;111111111111000000000000;000000000000000000000000;11101000;000;_;e;10;000111001100000000000000;____;06;-16;031;018;-18;007;067;0316110759;;;;;;;;;;;;;;;;;;;;;;;;;;;;;;;;;;;;;;;;;;;;;;;;;;
07:04:47;17;29;9999;083;233;11;111111111111000000000000;000000000000000000000000;11101000;000;_;e;10;100111000000000000000000;____;04;015;067;040;-08;021;045;0316110764;;;;;;;;;;;;;;;;;;;;;;;;;;;;;;;;;;;;;;;;;;;;;;;;;;
07:04:50;17;30;9999;080;189;11;111111111111000000000000;000000000000000000000000;11101000;000;_;e;10;000111000000000000000000;____;06;-06;040;020;-06;-03;007;0425515902;;;;;;;;;;;;;;;;;;;;;;;;;;;;;;;;;;;;;;;;;;;;;;;;;;
07:05:00;17;31;9999;074;999;11;111111111111000000000000;000000000000000000000000;11101000;000;_;e;10;001111001000000000000000;____;04;010;055;045;005;011;052;0316110765;;;;;;;;;;;;;;;;;;;;;;;;;;;;;;;;;;;;;;;;;;;;;;;;;;
07:05:03;17;32;9999;044;306;11;111111111111000000000000;000000000000000000000000;11101000;000;_;e;10;000111001000000000000000;____;09;-06;040;035;-10;001;060;0316110766;;;;;;;;;;;;;;;;;;;;;;;;;;;;;;;;;;;;;;;;;;;;;;;;;;
07:05:06;17;33;9999;082;189;11;111111111111000000000000;000000000000000000000000;11101000;000;_;e;10;110000000000000000000000;____;01;032;066;005;028;035;027;0316110760;;;;;;;;;;;;;;;;;;;;;;;;;;;;;;;;;;;;;;;;;;;;;;;;;;
07:05:08;17;34;9999;045;153;11;111111111111000000000000;000000000000000000000000;11101000;000;_;e;10;000111001000000000000000;____;09;016;051;025;011;016;069;0316110767;;;;;;;;;;;;;;;;;;;;;;;;;;;;;;;;;;;;;;;;;;;;;;;;;;
07:05:11;17;35;9999;077;159;02;111111111111000000000000;000000000000000000000000;11101000;000;_;e;10;001001001100000000000000;____;06;-04;044;034;-05;-01;101;0316110768;;;;;;;;;;;;;;;;;;;;;;;;;;;;;;;;;;;;;;;;;;;;;;;;;;
07:05:13;17;36;9999;081;149;11;111111111111000000000000;000000000000000000000000;11101000;000;_;e;10;110000000000000000000000;____;02;028;069;008;013;033;032;0316110762;;;;;;;;;;;;;;;;;;;;;;;;;;;;;;;;;;;;;;;;;;;;;;;;;;
07:05:16;17;37;9999;045;156;01;111111111111000000000000;000000000000000000000000;11101000;000;_;e;10;000001100001000000000000;____;06;-08;032;016;-13;-08;037;0316110770;;;;;;;;;;;;;;;;;;;;;;;;;;;;;;;;;;;;;;;;;;;;;;;;;;
07:05:18;17;38;9999;069;208;11;111111111111000000000000;000000000000000000000000;11101000;000;_;e;10;000001001000000000000000;____;06;013;042;034;-02;034;174;0316110771;;;;;;;;;;;;;;;;;;;;;;;;;;;;;;;;;;;;;;;;;;;;;;;;;;
07:05:22;17;39;9999;075;231;11;111111111111000000000000;000000000000000000000000;11101000;000;_;e;10;000011110100000000000000;____;06;-13;014;013;-15;010;089;0425519868;;;;;;;;;;;;;;;;;;;;;;;;;;;;;;;;;;;;;;;;;;;;;;;;;;
07:05:25;17;40;9999;057;213;11;111111111111000000000000;000000000000000000000000;11101000;000;_;e;10;000010001010000000000000;____;09;034;021;012;017;035;047;0425519869;;;;;;;;;;;;;;;;;;;;;;;;;;;;;;;;;;;;;;;;;;;;;;;;;;
07:34:40;17;41;9999;051;999;11;111111111111000000000000;000000000000000000000000;11101000;000;_;e;10;000100000000000000000000;____;04;028;032;015;028;028;002;0425515756;;;;;;;;;;;;;;;;;;;;;;;;;;;;;;;;;;;;;;;;;;;;;;;;;;
07:34:42;17;42;9999;067;141;11;111111111111000000000000;000000000000000000000000;11101000;000;_;e;10;000001000100000000000000;____;06;032;051;018;031;046;027;0425515760;;;;;;;;;;;;;;;;;;;;;;;;;;;;;;;;;;;;;;;;;;;;;;;;;;
07:34:45;17;43;9999;064;158;01;111111111111000000000000;000000000000000000000000;11101000;000;_;e;10;000010101010000000000000;____;07;033;015;006;031;039;085;0425515759;;;;;;;;;;;;;;;;;;;;;;;;;;;;;;;;;;;;;;;;;;;;;;;;;;
07:34:47;17;44;9999;080;158;11;111111111111000000000000;000000000000000000000000;11010000;000;_;;;;;;;;;;;;;;;;;;;;;;;;;;;;;;;;;;;;;;;;;;;;;;;;;;;;;;;;;;;;;;
07:34:50;17;45;9999;073;164;03;111111111111000000000000;000000000000000000000000;11101000;000;_;e;10;000001110000000000000000;____;07;-08;013;011;-08;-05;020;0425515757;;;;;;;;;;;;;;;;;;;;;;;;;;;;;;;;;;;;;;;;;;;;;;;;;;
07:34:53;17;46;9999;061;176;11;111111111111000000000000;000000000000000000000000;11010000;000;_;;;;;;;;;;;;;;;;;;;;;;;;;;;;;;;;;;;;;;;;;;;;;;;;;;;;;;;;;;;;;;
07:34:55;17;47;9999;045;235;11;111111111111000000000000;000000000000000000000000;11010000;000;_;;;;;;;;;;;;;;;;;;;;;;;;;;;;;;;;;;;;;;;;;;;;;;;;;;;;;;;;;;;;;;
07:34:57;17;48;9999;075;073;11;111111111111000000000000;000000000000000000000000;11101000;000;_;e;10;100000000000000000000000;____;01;041;069;007;041;041;009;0425521641;;;;;;;;;;;;;;;;;;;;;;;;;;;;;;;;;;;;;;;;;;;;;;;;;;
07:34:59;17;49;9999;044;162;11;111111111111000000000000;000000000000000000000000;11101000;000;_;e;10;010000001000000000000000;____;09;025;043;027;002;026;005;0425521642;;;;;;;;;;;;;;;;;;;;;;;;;;;;;;;;;;;;;;;;;;;;;;;;;;
07:35:02;17;50;9999;054;194;06;111111111111000000000000;000000000000000000000000;11010000;000;_;;;;;;;;;;;;;;;;;;;;;;;;;;;;;;;;;;;;;;;;;;;;;;;;;;;;;;;;;;;;;;
07:35:07;17;51;9999;058;183;04;111111111111000000000000;000000000000000000000000;11101000;000;_;e;10;000001000010000000000000;____;11;-18;033;004;-18;-08;004;0425521644;;;;;;;;;;;;;;;;;;;;;;;;;;;;;;;;;;;;;;;;;;;;;;;;;;
07:35:09;17;52;9999;058;169;11;111111111111000000000000;000000000000000000000000;11101000;000;_;e;10;110101001000000000000000;____;04;007;051;003;005;017;054;0425521645;;;;;;;;;;;;;;;;;;;;;;;;;;;;;;;;;;;;;;;;;;;;;;;;;;
07:35:13;17;53;9999;049;131;00;111111111111000000000000;000000000000000000000000;11101000;000;_;e;10;000111000000000000000000;____;04;009;065;002;007;010;036;0425521646;;;;;;;;;;;;;;;;;;;;;;;;;;;;;;;;;;;;;;;;;;;;;;;;;;
07:35:15;17;54;9999;046;188;11;111111111111000000000000;000000000000000000000000;11010000;000;_;;;;;;;;;;;;;;;;;;;;;;;;;;;;;;;;;;;;;;;;;;;;;;;;;;;;;;;;;;;;;;
08:04:43;17;55;9999;085;999;11;111111111111000000000000;000000000000000000000000;11101000;000;_;e;10;000001110000000000000000;____;08;-11;015;007;-12;-09;009;0555164794;;;;;;;;;;;;;;;;;;;;;;;;;;;;;;;;;;;;;;;;;;;;;;;;;;
08:04:45;17;56;9999;066;139;11;111111111111000000000000;000000000000000000000000;11101000;000;_;e;10;000001001001000000000000;____;09;049;062;013;047;049;024;0555164795;;;;;;;;;;;;;;;;;;;;;;;;;;;;;;;;;;;;;;;;;;;;;;;;;;
08:04:49;17;57;9999;081;155;02;111111111111000000000000;000000000000000000000000;11101000;000;_;e;10;000111000000000000000000;____;04;013;041;024;011;014;076;0425521023;;;;;;;;;;;;;;;;;;;;;;;;;;;;;;;;;;;;;;;;;;;;;;;;;;
08:04:51;17;58;9999;083;159;11;111111111111000000000000;000000000000000000000000;11101000;000;_;e;10;000000100000000000000000;____;07;031;034;021;031;031;002;0425521024;;;;;;;;;;;;;;;;;;;;;;;;;;;;;;;;;;;;;;;;;;;;;;;;;;
08:04:54;17;59;9999;077;145;07;111111111111000000000000;000000000000000000000000;11101000;000;_;e;10;000011000000000000000000;____;06;021;049;023;021;023;044;0425521025;;;;;;;;;;;;;;;;;;;;;;;;;;;;;;;;;;;;;;;;;;;;;;;;;;
08:04:56;17;60;9999;079;166;11;111111111111000000000000;000000000000000000000000;11101000;000;_;e;10;000110000100000000000000;____;04;-02;054;021;-02;002;095;0425521026;;;;;;;;;;;;;;;;;;;;;;;;;;;;;;;;;;;;;;;;;;;;;;;;;;
08:04:59;17;61;9999;059;245;11;111111111111000000000000;000000000000000000000000;11101000;000;_;e;10;000000001100000000000000;____;09;-07;048;023;-07;-06;005;0425521027;;;;;;;;;;;;;;;;;;;;;;;;;;;;;;;;;;;;;;;;;;;;;;;;;;
08:05:02;17;62;9999;051;225;11;111111111111000000000000;000000000000000000000000;11101000;000;_;e;10;000011100010000000000000;____;06;-14;037;000;-16;-11;043;0425521028;;;;;;;;;;;;;;;;;;;;;;;;;;;;;;;;;;;;;;;;;;;;;;;;;;
08:05:06;17;63;9999;076;148;00;111111111111000000000000;000000000000000000000000;11101000;000;_;e;10;101101000000000000000000;____;01;013;070;032;010;028;057;0425521029;;;;;;;;;;;;;;;;;;;;;;;;;;;;;;;;;;;;;;;;;;;;;;;;;;
08:05:08;17;64;9999;087;171;11;111111111111000000000000;000000000000000000000000;11101000;000;_;e;10;000010110000000000000000;____;05;042;027;010;033;042;072;0425521030;;;;;;;;;;;;;;;;;;;;;;;;;;;;;;;;;;;;;;;;;;;;;;;;;;
08:05:12;17;65;9999;069;343;11;111111111111000000000000;000000000000000000000000;11101000;000;_;e;10;110000000000000000000000;____;02;012;096;004;012;020;026;0425521032;;;;;;;;;;;;;;;;;;;;;;;;;;;;;;;;;;;;;;;;;;;;;;;;;;
09:34:56;17;66;9999;080;999;11;111111111111000000000000;000000000000000000000000;11101000;000;_;e;10;000111001000000000000000;____;05;-03;062;026;-03;014;058;0425519765;;;;;;;;;;;;;;;;;;;;;;;;;;;;;;;;;;;;;;;;;;;;;;;;;;
09:34:59;17;67;9999;077;239;11;111111111111000000000000;000000000000000000000000;11101000;000;_;e;10;000111001000000000000000;____;04;015;072;025;014;019;060;0425519766;;;;;;;;;;;;;;;;;;;;;;;;;;;;;;;;;;;;;;;;;;;;;;;;;;
10:04:46;17;68;9999;062;999;11;111111111111000000000000;000000000000000000000000;11101000;000;_;e;10;010100000001000000000000;____;12;039;078;004;029;039;020;0425451193;;;;;;;;;;;;;;;;;;;;;;;;;;;;;;;;;;;;;;;;;;;;;;;;;;
10:04:48;17;69;9999;051;157;11;111111111111000000000000;000000000000000000000000;11101000;000;_;e;10;000001110000000000000000;____;07;000;023;009;000;005;028;0425520092;;;;;;;;;;;;;;;;;;;;;;;;;;;;;;;;;;;;;;;;;;;;;;;;;;
10:04:50;17;70;9999;077;154;11;111111111111000000000000;000000000000000000000000;11101000;000;_;e;10;000111001000000000000000;____;09;003;049;024;000;035;060;0425520093;;;;;;;;;;;;;;;;;;;;;;;;;;;;;;;;;;;;;;;;;;;;;;;;;;
10:04:52;17;71;9999;062;151;11;111111111111000000000000;000000000000000000000000;11101000;000;_;e;10;011001000110000000000000;____;06;-20;042;006;-20;-01;058;0425520094;;;;;;;;;;;;;;;;;;;;;;;;;;;;;;;;;;;;;;;;;;;;;;;;;;
10:04:54;17;72;9999;054;179;11;111111111111000000000000;000000000000000000000000;11101000;000;_;e;10;000111110010000000000000;____;06;005;025;009;-03;009;033;0425520095;;;;;;;;;;;;;;;;;;;;;;;;;;;;;;;;;;;;;;;;;;;;;;;;;;
10:04:56;17;73;9999;084;169;11;111111111111000000000000;000000000000000000000000;11101000;000;_;e;10;000001010010000000000000;____;06;-18;024;010;-20;003;062;0425520096;;;;;;;;;;;;;;;;;;;;;;;;;;;;;;;;;;;;;;;;;;;;;;;;;;
10:04:59;17;74;9999;081;153;11;111111111111000000000000;000000000000000000000000;11101000;000;_;e;10;000111000000000000000000;____;05;005;050;033;004;015;049;0425520097;;;;;;;;;;;;;;;;;;;;;;;;;;;;;;;;;;;;;;;;;;;;;;;;;;
11:04:46;17;75;9999;055;999;11;111111111111000000000000;000000000000000000000000;11010000;000;_;;;;;;;;;;;;;;;;;;;;;;;;;;;;;;;;;;;;;;;;;;;;;;;;;;;;;;;;;;;;;;
11:04:48;17;76;9999;060;146;11;111111111111000000000000;000000000000000000000000;11101000;000;_;e;10;000010000000000000000000;____;05;-05;032;026;-05;-05;005;0425525422;;;;;;;;;;;;;;;;;;;;;;;;;;;;;;;;;;;;;;;;;;;;;;;;;;
11:04:50;17;77;9999;057;141;11;111111111111000000000000;000000000000000000000000;11101000;000;_;e;10;000011000000000000000000;____;06;-03;002;029;-03;019;021;0425525424;;;;;;;;;;;;;;;;;;;;;;;;;;;;;;;;;;;;;;;;;;;;;;;;;;
11:04:53;17;78;9999;066;157;05;111111111111000000000000;000000000000000000000000;11101000;000;_;e;10;000000110000000000000000;____;07;021;007;005;020;021;033;0425525425;;;;;;;;;;;;;;;;;;;;;;;;;;;;;;;;;;;;;;;;;;;;;;;;;;
11:04:55;17;79;9999;044;151;11;111111111111000000000000;000000000000000000000000;11101000;000;_;e;10;000111000000000000000000;____;05;010;033;040;007;011;040;0425525426;;;;;;;;;;;;;;;;;;;;;;;;;;;;;;;;;;;;;;;;;;;;;;;;;;
11:34:53;17;80;9999;071;999;11;111111111111000000000000;000000000000000000000000;11001000;000;_;e;10;000111001011000000000000;____;05;011;047;030;008;013;059;0425484339;005;047;004;003;013;021;0050120465;;;;;;;;;;;;;;;;;;;;;;;;;;;;;;;;;;;;;;;;;;;
11:34:55;17;81;9999;056;150;11;111111111111000000000000;000000000000000000000000;11010000;000;_;;;;;;;;;;;;;;;;;;;;;;;;;;;;;;;;;;;;;;;;;;;;;;;;;;;;;;;;;;;;;;
11:34:58;17;82;9999;076;179;06;111111111111000000000000;000000000000000000000000;11101000;000;_;e;10;000010000000000000000000;____;05;001;048;041;001;001;002;0425516003;;;;;;;;;;;;;;;;;;;;;;;;;;;;;;;;;;;;;;;;;;;;;;;;;;
11:35:00;17;83;9999;076;156;11;111111111111000000000000;000000000000000000000000;11010000;000;_;;;;;;;;;;;;;;;;;;;;;;;;;;;;;;;;;;;;;;;;;;;;;;;;;;;;;;;;;;;;;;
11:35:03;17;84;9999;059;157;11;111111111111000000000000;000000000000000000000000;11101000;000;_;e;10;100100000000000000000000;____;04;-09;085;002;-09;-04;011;0555687240;;;;;;;;;;;;;;;;;;;;;;;;;;;;;;;;;;;;;;;;;;;;;;;;;;
11:35:05;17;85;9999;048;189;11;111111111111000000000000;000000000000000000000000;11101000;000;_;e;10;000011100110000000000000;____;05;017;034;007;011;021;094;0425515169;;;;;;;;;;;;;;;;;;;;;;;;;;;;;;;;;;;;;;;;;;;;;;;;;;
11:35:07;17;86;9999;034;238;11;111111111111000000000000;000000000000000000000000;11101000;000;_;e;10;000011110000000000000000;____;05;-12;038;011;-18;-12;060;0425515171;;;;;;;;;;;;;;;;;;;;;;;;;;;;;;;;;;;;;;;;;;;;;;;;;;
11:35:09;17;87;9999;083;179;11;111111111111000000000000;000000000000000000000000;11101000;000;_;e;10;000010111100000000000000;____;05;018;070;017;018;058;025;0425515173;;;;;;;;;;;;;;;;;;;;;;;;;;;;;;;;;;;;;;;;;;;;;;;;;;
11:35:13;17;88;9999;073;147;03;111111111111000000000000;000000000000000000000000;11101000;000;_;e;10;000111000100000000000000;____;06;020;063;034;008;020;073;0425515174;;;;;;;;;;;;;;;;;;;;;;;;;;;;;;;;;;;;;;;;;;;;;;;;;;
11:35:15;17;89;9999;078;172;11;111111111111000000000000;000000000000000000000000;11101000;000;_;e;10;001111001100000000000000;____;10;005;063;029;-02;011;147;0425515170;;;;;;;;;;;;;;;;;;;;;;;;;;;;;;;;;;;;;;;;;;;;;;;;;;
11:35:17;17;90;9999;043;150;11;111111111111000000000000;000000000000000000000000;11101000;000;_;e;10;000111000001000000000000;____;12;025;064;004;-03;025;049;0425515175;;;;;;;;;;;;;;;;;;;;;;;;;;;;;;;;;;;;;;;;;;;;;;;;;;
12:04:06;17;91;9999;076;999;11;111111111111000000000000;000000000000000000000000;11101000;000;_;e;10;000010000000000000000000;____;05;020;035;035;020;020;003;0425523400;;;;;;;;;;;;;;;;;;;;;;;;;;;;;;;;;;;;;;;;;;;;;;;;;;
12:04:09;17;92;9999;077;143;11;111111111111000000000000;000000000000000000000000;11001000;000;_;e;10;100000001010000000000000;____;11;032;040;004;008;032;027;0050120453;005;058;021;002;005;014;0555485512;;;;;;;;;;;;;;;;;;;;;;;;;;;;;;;;;;;;;;;;;;;
12:04:11;17;93;9999;078;151;08;111111111111000000000000;000000000000000000000000;11101000;000;_;e;10;000011001000000000000000;____;06;037;032;031;035;042;069;0425523100;;;;;;;;;;;;;;;;;;;;;;;;;;;;;;;;;;;;;;;;;;;;;;;;;;
12:04:14;17;94;9999;063;157;11;111111111111000000000000;000000000000000000000000;11101000;000;_;e;10;000001000000000000000000;____;06;034;017;016;034;034;010;0555530306;;;;;;;;;;;;;;;;;;;;;;;;;;;;;;;;;;;;;;;;;;;;;;;;;;
12:04:17;17;95;9999;041;166;00;111111111111000000000000;000000000000000000000000;11101000;000;_;e;10;111100001100000000000000;____;02;-05;064;002;-12;015;052;0425522500;;;;;;;;;;;;;;;;;;;;;;;;;;;;;;;;;;;;;;;;;;;;;;;;;;
12:04:19;17;96;9999;066;210;11;111111111111000000000000;000000000000000000000000;11101000;000;_;e;10;010000000000000000000000;____;02;-14;071;005;-14;-14;011;0425433115;;;;;;;;;;;;;;;;;;;;;;;;;;;;;;;;;;;;;;;;;;;;;;;;;;
12:04:22;17;97;9999;039;235;11;111111111111000000000000;000000000000000000000000;11101000;000;_;e;10;000011110000000000000000;____;07;-11;001;018;-15;-04;045;0425514570;;;;;;;;;;;;;;;;;;;;;;;;;;;;;;;;;;;;;;;;;;;;;;;;;;
12:04:23;17;98;9999;057;029;11;111111111111000000000000;000000000000000000000000;11101000;000;_;e;10;000111001010000000000000;____;09;041;037;005;031;041;053;0555697606;;;;;;;;;;;;;;;;;;;;;;;;;;;;;;;;;;;;;;;;;;;;;;;;;;
12:04:25;17;99;9999;051;167;11;111111111111000000000000;000000000000000000000000;11101000;000;_;e;10;000100000000000000000000;____;04;-19;052;002;-19;-19;007;0555618009;;;;;;;;;;;;;;;;;;;;;;;;;;;;;;;;;;;;;;;;;;;;;;;;;;
12:04:28;17;01;9999;061;169;00;111111111111000000000000;000000000000000000000000;11101000;000;_;e;10;000001001000000000000000;____;06;036;046;010;020;036;022;0555697607;;;;;;;;;;;;;;;;;;;;;;;;;;;;;;;;;;;;;;;;;;;;;;;;;;
12:04:33;17;02;9999;048;184;05;111111111111000000000000;000000000000000000000000;11010000;000;_;;;;;;;;;;;;;;;;;;;;;;;;;;;;;;;;;;;;;;;;;;;;;;;;;;;;;;;;;;;;;;
12:04:36;17;03;9999;087;157;03;111111111111000000000000;000000000000000000000000;11101000;000;_;e;10;000010000000000000000000;____;05;035;016;016;035;036;019;0555697605;;;;;;;;;;;;;;;;;;;;;;;;;;;;;;;;;;;;;;;;;;;;;;;;;;
12:04:38;17;04;9999;088;125;11;111111111111000000000000;000000000000000000000000;11010000;000;_;;;;;;;;;;;;;;;;;;;;;;;;;;;;;;;;;;;;;;;;;;;;;;;;;;;;;;;;;;;;;;
12:04:40;17;05;9999;068;127;11;111111111111000000000000;000000000000000000000000;11101000;000;_;e;10;100101000000000000000000;____;01;006;056;010;-03;010;033;0425521474;;;;;;;;;;;;;;;;;;;;;;;;;;;;;;;;;;;;;;;;;;;;;;;;;;
12:04:44;17;06;9999;063;112;07;111111111111000000000000;000000000000000000000000;11101000;000;_;e;10;110100001000000000000000;____;01;024;053;019;019;026;058;0425521475;;;;;;;;;;;;;;;;;;;;;;;;;;;;;;;;;;;;;;;;;;;;;;;;;;
12:04:47;17;07;9999;078;164;02;111111111111000000000000;000000000000000000000000;11101000;000;_;e;10;000000001001000000000000;____;12;047;056;004;042;047;031;0425521476;;;;;;;;;;;;;;;;;;;;;;;;;;;;;;;;;;;;;;;;;;;;;;;;;;
12:04:49;17;08;9999;066;165;11;111111111111000000000000;000000000000000000000000;11101000;000;_;e;10;110000000001000000000000;____;02;002;068;016;-07;006;020;0425521477;;;;;;;;;;;;;;;;;;;;;;;;;;;;;;;;;;;;;;;;;;;;;;;;;;
12:04:54;17;09;9999;048;407;11;111111111111000000000000;000000000000000000000000;11101000;000;_;e;10;000111001100000000000000;____;09;016;037;024;008;017;070;0425514571;;;;;;;;;;;;;;;;;;;;;;;;;;;;;;;;;;;;;;;;;;;;;;;;;;
12:04:56;17;10;9999;050;260;11;111111111111000000000000;000000000000000000000000;11101000;000;_;e;10;000001100000000000000000;____;06;-03;020;015;-03;011;009;0425514572;;;;;;;;;;;;;;;;;;;;;;;;;;;;;;;;;;;;;;;;;;;;;;;;;;
12:04:58;17;11;9999;053;137;11;111111111111000000000000;000000000000000000000000;11101000;000;_;e;10;000110101000000000000000;____;05;019;012;011;014;023;059;0425514573;;;;;;;;;;;;;;;;;;;;;;;;;;;;;;;;;;;;;;;;;;;;;;;;;;
12:05:01;17;12;9999;058;235;11;111111111111000000000000;000000000000000000000000;11101000;000;_;e;10;000111101010000000000000;____;09;038;017;003;030;042;113;0425515186;;;;;;;;;;;;;;;;;;;;;;;;;;;;;;;;;;;;;;;;;;;;;;;;;;
12:05:04;17;13;9999;078;283;11;111111111111000000000000;000000000000000000000000;11101000;000;_;e;10;000011011000000000000000;____;09;044;034;002;040;049;065;0425521479;;;;;;;;;;;;;;;;;;;;;;;;;;;;;;;;;;;;;;;;;;;;;;;;;;
12:05:07;17;14;9999;083;181;11;111111111111000000000000;000000000000000000000000;11101000;000;_;e;10;010000000000000000000000;____;02;028;062;006;028;028;003;0425514574;;;;;;;;;;;;;;;;;;;;;;;;;;;;;;;;;;;;;;;;;;;;;;;;;;
12:05:09;17;15;9999;079;145;11;111111111111000000000000;000000000000000000000000;11101000;000;_;e;10;100101101000000000000000;____;06;018;045;034;015;037;034;0425521480;;;;;;;;;;;;;;;;;;;;;;;;;;;;;;;;;;;;;;;;;;;;;;;;;;
12:05:15;17;16;9999;045;165;01;111111111111000000000000;000000000000000000000000;11101000;000;_;e;10;000011110000000000000000;____;06;-09;021;-01;-12;-05;062;0425521481;;;;;;;;;;;;;;;;;;;;;;;;;;;;;;;;;;;;;;;;;;;;;;;;;;
12:05:17;17;17;9999;081;239;11;111111111111000000000000;000000000000000000000000;11101000;000;_;e;10;110101001000000000000000;____;04;030;066;003;019;034;033;0425515187;;;;;;;;;;;;;;;;;;;;;;;;;;;;;;;;;;;;;;;;;;;;;;;;;;
12:05:19;17;18;9999;058;149;11;111111111111000000000000;000000000000000000000000;11010000;000;_;;;;;;;;;;;;;;;;;;;;;;;;;;;;;;;;;;;;;;;;;;;;;;;;;;;;;;;;;;;;;;
12:05:24;17;19;9999;052;138;00;111111111111000000000000;000000000000000000000000;11001000;000;_;e;10;000111001011000000000000;____;09;008;045;028;003;009;054;0425484339;-02;039;004;-02;000;040;0050120465;;;;;;;;;;;;;;;;;;;;;;;;;;;;;;;;;;;;;;;;;;;
12:05:26;17;20;9999;080;238;11;111111111111000000000000;000000000000000000000000;11010000;000;_;;;;;;;;;;;;;;;;;;;;;;;;;;;;;;;;;;;;;;;;;;;;;;;;;;;;;;;;;;;;;;
12:05:29;17;21;9999;057;159;11;111111111111000000000000;000000000000000000000000;11101000;000;_;e;10;110100000000000000000000;____;04;-02;050;000;-03;003;030;0555687240;;;;;;;;;;;;;;;;;;;;;;;;;;;;;;;;;;;;;;;;;;;;;;;;;;
12:05:33;17;22;9999;062;121;00;111111111111000000000000;000000000000000000000000;11101000;000;_;e;10;000111111010000000000000;____;05;034;019;002;013;036;125;0425515169;;;;;;;;;;;;;;;;;;;;;;;;;;;;;;;;;;;;;;;;;;;;;;;;;;
12:05:36;17;23;9999;058;232;11;111111111111000000000000;000000000000000000000000;11101000;000;_;e;10;000110110000000000000000;____;08;000;000;008;000;022;026;0425515173;;;;;;;;;;;;;;;;;;;;;;;;;;;;;;;;;;;;;;;;;;;;;;;;;;
12:05:38;17;24;9999;054;185;11;111111111111000000000000;000000000000000000000000;11101000;000;_;e;10;000111001100000000000000;____;06;004;044;037;001;008;114;0425515174;;;;;;;;;;;;;;;;;;;;;;;;;;;;;;;;;;;;;;;;;;;;;;;;;;
12:05:40;17;25;9999;060;128;11;111111111111000000000000;000000000000000000000000;11101000;000;_;e;10;010111001100000000000000;____;05;004;034;022;-01;007;047;0425515170;;;;;;;;;;;;;;;;;;;;;;;;;;;;;;;;;;;;;;;;;;;;;;;;;;
12:05:42;17;26;9999;045;236;11;111111111111000000000000;000000000000000000000000;11101000;000;_;e;10;000110111100000000000000;____;08;-14;006;011;-15;015;047;0425515189;;;;;;;;;;;;;;;;;;;;;;;;;;;;;;;;;;;;;;;;;;;;;;;;;;
12:05:45;17;27;9999;078;154;04;111111111111000000000000;000000000000000000000000;11101000;000;_;e;10;000110001000000000000000;____;04;026;040;014;001;031;079;0425515190;;;;;;;;;;;;;;;;;;;;;;;;;;;;;;;;;;;;;;;;;;;;;;;;;;
12:05:47;17;28;9999;060;163;11;111111111111000000000000;000000000000000000000000;11101000;000;_;e;10;100000000010000000000000;____;01;011;054;010;-08;018;036;0425515191;;;;;;;;;;;;;;;;;;;;;;;;;;;;;;;;;;;;;;;;;;;;;;;;;;
12:05:49;17;29;9999;076;169;11;111111111111000000000000;000000000000000000000000;11101000;000;_;e;10;000011111010000000000000;____;05;045;032;004;034;045;106;0425521373;;;;;;;;;;;;;;;;;;;;;;;;;;;;;;;;;;;;;;;;;;;;;;;;;;
12:05:55;17;30;9999;060;270;11;111111111111000000000000;000000000000000000000000;11101000;000;_;e;10;100110000000000000000000;____;01;015;052;009;013;029;051;0425515193;;;;;;;;;;;;;;;;;;;;;;;;;;;;;;;;;;;;;;;;;;;;;;;;;;
12:05:58;17;31;9999;048;214;11;111111111111000000000000;000000000000000000000000;11010000;000;_;;;;;;;;;;;;;;;;;;;;;;;;;;;;;;;;;;;;;;;;;;;;;;;;;;;;;;;;;;;;;;
12:06:07;17;32;9999;078;969;11;111111111111000000000000;000000000000000000000000;11010000;000;_;;;;;;;;;;;;;;;;;;;;;;;;;;;;;;;;;;;;;;;;;;;;;;;;;;;;;;;;;;;;;;
12:06:09;17;33;9999;051;137;11;111111111111000000000000;000000000000000000000000;11101000;000;_;e;10;000000001000000000000000;____;09;003;030;016;003;003;004;0425515171;;;;;;;;;;;;;;;;;;;;;;;;;;;;;;;;;;;;;;;;;;;;;;;;;;
12:06:11;17;34;9999;059;155;11;111111111111000000000000;000000000000000000000000;11101000;000;_;e;10;000011010000000000000000;____;06;-17;030;007;-20;-16;040;0425515195;;;;;;;;;;;;;;;;;;;;;;;;;;;;;;;;;;;;;;;;;;;;;;;;;;
12:06:13;17;35;9999;050;183;11;111111111111000000000000;000000000000000000000000;11101000;000;_;e;10;000110000100000000000000;____;05;-18;056;026;-20;-15;023;0425515196;;;;;;;;;;;;;;;;;;;;;;;;;;;;;;;;;;;;;;;;;;;;;;;;;;
12:06:16;17;36;9999;075;187;11;111111111111000000000000;000000000000000000000000;11101000;000;_;e;10;010100000000000000000000;____;02;-02;087;005;-02;001;036;0425515192;;;;;;;;;;;;;;;;;;;;;;;;;;;;;;;;;;;;;;;;;;;;;;;;;;
12:06:18;17;37;9999;054;144;11;111111111111000000000000;000000000000000000000000;11101000;000;_;e;10;010110001000000000000000;____;02;006;103;006;006;027;044;0425515175;;;;;;;;;;;;;;;;;;;;;;;;;;;;;;;;;;;;;;;;;;;;;;;;;;
12:06:22;17;38;9999;050;190;08;111111111111000000000000;000000000000000000000000;11101000;000;_;e;10;001000000000000000000000;____;03;000;051;003;000;000;005;0425515194;;;;;;;;;;;;;;;;;;;;;;;;;;;;;;;;;;;;;;;;;;;;;;;;;;
12:06:25;17;39;9999;070;175;04;111111111111000000000000;000000000000000000000000;11101000;000;_;e;10;000111001000000000000000;____;05;021;049;035;012;027;126;0425521375;;;;;;;;;;;;;;;;;;;;;;;;;;;;;;;;;;;;;;;;;;;;;;;;;;
12:06:27;17;40;9999;061;153;11;111111111111000000000000;000000000000000000000000;11101000;000;_;e;10;000011101001000000000000;____;05;015;050;005;012;024;073;0425515197;;;;;;;;;;;;;;;;;;;;;;;;;;;;;;;;;;;;;;;;;;;;;;;;;;
12:06:31;17;41;9999;052;142;11;111111111111000000000000;000000000000000000000000;11101000;000;_;e;10;110000000000000000000000;____;01;007;092;010;002;007;032;0425515198;;;;;;;;;;;;;;;;;;;;;;;;;;;;;;;;;;;;;;;;;;;;;;;;;;
12:06:33;17;42;9999;087;103;11;111111111111000000000000;000000000000000000000000;11101000;000;_;e;10;100100000000000000000000;____;01;009;076;034;008;010;034;0425521376;;;;;;;;;;;;;;;;;;;;;;;;;;;;;;;;;;;;;;;;;;;;;;;;;;
12:06:36;17;43;9999;066;136;08;111111111111000000000000;000000000000000000000000;11010000;000;_;;;;;;;;;;;;;;;;;;;;;;;;;;;;;;;;;;;;;;;;;;;;;;;;;;;;;;;;;;;;;;
12:06:38;17;44;9999;077;132;11;111111111111000000000000;000000000000000000000000;11101000;000;_;e;10;001111000000000000000000;____;05;-04;073;020;-08;002;073;0425521374;;;;;;;;;;;;;;;;;;;;;;;;;;;;;;;;;;;;;;;;;;;;;;;;;;
13:04:50;17;45;9999;063;999;11;111111111111000000000000;000000000000000000000000;11101000;000;_;e;10;010100001100000000000000;____;10;-09;034;028;-14;-09;013;0316111961;;;;;;;;;;;;;;;;;;;;;;;;;;;;;;;;;;;;;;;;;;;;;;;;;;
13:04:52;17;46;9999;051;144;11;111111111111000000000000;000000000000000000000000;11101000;000;_;e;10;000000010000000000000000;____;08;014;005;011;012;014;008;0316111962;;;;;;;;;;;;;;;;;;;;;;;;;;;;;;;;;;;;;;;;;;;;;;;;;;
13:04:54;17;47;9999;044;134;11;111111111111000000000000;000000000000000000000000;11101000;000;_;e;10;000001000000000000000000;____;06;-14;032;021;-14;-14;003;0316111963;;;;;;;;;;;;;;;;;;;;;;;;;;;;;;;;;;;;;;;;;;;;;;;;;;
13:04:57;17;48;9999;046;162;09;111111111111000000000000;000000000000000000000000;11101000;000;_;e;10;000101001000000000000000;____;04;-07;067;012;-07;-02;025;0316111964;;;;;;;;;;;;;;;;;;;;;;;;;;;;;;;;;;;;;;;;;;;;;;;;;;
13:04:59;17;49;9999;044;162;11;111111111111000000000000;000000000000000000000000;11101000;000;_;e;10;000011000000000000000000;____;05;-18;033;-02;-18;003;008;0316111965;;;;;;;;;;;;;;;;;;;;;;;;;;;;;;;;;;;;;;;;;;;;;;;;;;
13:05:01;17;50;9999;050;151;11;111111111111000000000000;000000000000000000000000;11010000;000;_;;;;;;;;;;;;;;;;;;;;;;;;;;;;;;;;;;;;;;;;;;;;;;;;;;;;;;;;;;;;;;
14:34:50;17;51;9999;060;999;11;111111111111000000000000;000000000000000000000000;11101000;000;_;e;10;000000010010000000000000;____;11;-13;012;004;-14;-06;018;0316111502;;;;;;;;;;;;;;;;;;;;;;;;;;;;;;;;;;;;;;;;;;;;;;;;;;
14:34:52;17;52;9999;075;144;11;111111111111000000000000;000000000000000000000000;11101000;000;_;e;10;000011111000000000000000;____;07;035;006;010;028;044;077;0316111503;;;;;;;;;;;;;;;;;;;;;;;;;;;;;;;;;;;;;;;;;;;;;;;;;;
14:34:56;17;53;9999;065;355;11;111111111111000000000000;000000000000000000000000;11101000;000;_;e;10;100111001000000000000000;____;05;-06;054;037;-08;-03;058;0316111506;;;;;;;;;;;;;;;;;;;;;;;;;;;;;;;;;;;;;;;;;;;;;;;;;;
14:34:58;17;54;9999;038;175;11;111111111111000000000000;000000000000000000000000;11101000;000;_;e;10;110000000000000000000000;____;01;-02;059;004;-06;-01;018;0316111507;;;;;;;;;;;;;;;;;;;;;;;;;;;;;;;;;;;;;;;;;;;;;;;;;;
14:35:00;17;55;9999;063;191;11;111111111111000000000000;000000000000000000000000;11101000;000;_;e;10;000011111000000000000000;____;05;025;009;013;012;025;047;0316111505;;;;;;;;;;;;;;;;;;;;;;;;;;;;;;;;;;;;;;;;;;;;;;;;;;
15:04:48;17;56;9999;063;999;11;111111111111000000000000;000000000000000000000000;11101000;000;_;e;10;100000000000000000000000;____;01;004;100;017;004;004;016;0425517603;;;;;;;;;;;;;;;;;;;;;;;;;;;;;;;;;;;;;;;;;;;;;;;;;;
15:04:50;17;57;9999;067;145;11;111111111111000000000000;000000000000000000000000;11101000;000;_;e;10;000010001101000000000000;____;09;043;060;012;018;048;028;0425502203;;;;;;;;;;;;;;;;;;;;;;;;;;;;;;;;;;;;;;;;;;;;;;;;;;
15:04:52;17;58;9999;049;236;11;111111111111000000000000;000000000000000000000000;11101000;000;_;e;10;000000000001000000000000;____;12;024;066;004;020;025;020;0425502204;;;;;;;;;;;;;;;;;;;;;;;;;;;;;;;;;;;;;;;;;;;;;;;;;;
15:04:56;17;59;9999;059;299;11;111111111111000000000000;000000000000000000000000;11101000;000;_;e;10;100000000000000000000000;____;01;006;081;018;006;006;003;0425478153;;;;;;;;;;;;;;;;;;;;;;;;;;;;;;;;;;;;;;;;;;;;;;;;;;
15:04:57;17;60;9999;060;144;11;111111111111000000000000;000000000000000000000000;11010000;000;_;;;;;;;;;;;;;;;;;;;;;;;;;;;;;;;;;;;;;;;;;;;;;;;;;;;;;;;;;;;;;;
16:04:38;17;61;9999;051;999;11;111111111111000000000000;000000000000000000000000;11101000;000;_;e;10;000111101010000000000000;____;05;018;013;006;-06;022;056;0425525489;;;;;;;;;;;;;;;;;;;;;;;;;;;;;;;;;;;;;;;;;;;;;;;;;;
16:04:40;17;62;9999;074;144;11;111111111111000000000000;000000000000000000000000;11101000;000;_;e;10;000111100100000000000000;____;06;-04;022;017;-05;009;047;0425525486;;;;;;;;;;;;;;;;;;;;;;;;;;;;;;;;;;;;;;;;;;;;;;;;;;
16:04:42;17;63;9999;051;153;11;111111111111000000000000;000000000000000000000000;11101000;000;_;e;10;000000110000000000000000;____;07;-05;007;006;-05;-03;041;0425525488;;;;;;;;;;;;;;;;;;;;;;;;;;;;;;;;;;;;;;;;;;;;;;;;;;
16:04:45;17;64;9999;071;161;05;111111111111000000000000;000000000000000000000000;11010000;000;_;;;;;;;;;;;;;;;;;;;;;;;;;;;;;;;;;;;;;;;;;;;;;;;;;;;;;;;;;;;;;;
16:04:47;17;65;9999;083;152;11;111111111111000000000000;000000000000000000000000;11101000;000;_;e;10;100000001001000000000000;____;01;034;071;005;033;047;038;0425525491;;;;;;;;;;;;;;;;;;;;;;;;;;;;;;;;;;;;;;;;;;;;;;;;;;
16:04:49;17;66;9999;064;137;11;111111111111000000000000;000000000000000000000000;11101000;000;_;e;10;000000110000000000000000;____;07;009;001;015;007;011;040;0425530202;;;;;;;;;;;;;;;;;;;;;;;;;;;;;;;;;;;;;;;;;;;;;;;;;;
16:04:52;17;67;9999;060;068;11;111111111111000000000000;000000000000000000000000;11101000;000;_;e;10;000100001000000000000000;____;04;-19;025;024;-20;-19;007;0425530203;;;;;;;;;;;;;;;;;;;;;;;;;;;;;;;;;;;;;;;;;;;;;;;;;;
16:04:54;17;68;9999;067;151;11;111111111111000000000000;000000000000000000000000;11101000;000;_;e;10;110000001000000000000000;____;01;023;052;018;009;023;047;0425530204;;;;;;;;;;;;;;;;;;;;;;;;;;;;;;;;;;;;;;;;;;;;;;;;;;
16:05:20;17;69;9999;050;999;11;111111111111000000000000;000000000000000000000000;11101000;000;_;e;10;010000000000000000000000;____;02;-09;055;015;-09;-09;004;0425522701;;;;;;;;;;;;;;;;;;;;;;;;;;;;;;;;;;;;;;;;;;;;;;;;;;
16:05:22;17;70;9999;044;166;11;111111111111000000000000;000000000000000000000000;11101000;000;_;e;10;000111000100000000000000;____;05;005;031;040;-19;007;042;0425523200;;;;;;;;;;;;;;;;;;;;;;;;;;;;;;;;;;;;;;;;;;;;;;;;;;
16:05:24;17;71;9999;051;173;11;111111111111000000000000;000000000000000000000000;11010000;000;_;;;;;;;;;;;;;;;;;;;;;;;;;;;;;;;;;;;;;;;;;;;;;;;;;;;;;;;;;;;;;;
16:05:26;17;72;9999;080;160;11;111111111111000000000000;000000000000000000000000;11101000;000;_;e;10;000001000000000000000000;____;06;031;036;028;031;031;003;0425526603;;;;;;;;;;;;;;;;;;;;;;;;;;;;;;;;;;;;;;;;;;;;;;;;;;
16:05:28;17;73;9999;058;153;11;111111111111000000000000;000000000000000000000000;11010000;000;_;;;;;;;;;;;;;;;;;;;;;;;;;;;;;;;;;;;;;;;;;;;;;;;;;;;;;;;;;;;;;;
16:05:31;17;74;9999;053;157;04;111111111111000000000000;000000000000000000000000;11010000;000;_;;;;;;;;;;;;;;;;;;;;;;;;;;;;;;;;;;;;;;;;;;;;;;;;;;;;;;;;;;;;;;
16:05:34;17;75;9999;052;158;01;111111111111000000000000;000000000000000000000000;11010000;000;_;;;;;;;;;;;;;;;;;;;;;;;;;;;;;;;;;;;;;;;;;;;;;;;;;;;;;;;;;;;;;;
16:05:36;17;76;9999;058;162;11;111111111111000000000000;000000000000000000000000;11101000;000;_;e;10;000111110000000000000000;____;07;-03;011;013;-06;014;033;0425525450;;;;;;;;;;;;;;;;;;;;;;;;;;;;;;;;;;;;;;;;;;;;;;;;;;
16:05:39;17;77;9999;072;081;00;111111111111000000000000;000000000000000000000000;11101000;000;_;e;10;000001000000000000000000;____;06;000;034;012;000;000;017;0425525451;;;;;;;;;;;;;;;;;;;;;;;;;;;;;;;;;;;;;;;;;;;;;;;;;;
16:05:41;17;78;9999;087;196;11;111111111111000000000000;000000000000000000000000;11010000;000;_;;;;;;;;;;;;;;;;;;;;;;;;;;;;;;;;;;;;;;;;;;;;;;;;;;;;;;;;;;;;;;
16:05:47;17;79;9999;053;325;11;111111111111000000000000;000000000000000000000000;11101000;000;_;e;10;000000111100000000000000;____;08;006;000;006;006;037;024;0425525455;;;;;;;;;;;;;;;;;;;;;;;;;;;;;;;;;;;;;;;;;;;;;;;;;;
16:05:50;17;80;9999;059;346;11;111111111111000000000000;000000000000000000000000;11101000;000;_;e;10;000000110000000000000000;____;07;-01;001;004;-01;001;022;0425525454;;;;;;;;;;;;;;;;;;;;;;;;;;;;;;;;;;;;;;;;;;;;;;;;;;
16:05:53;17;81;9999;051;238;11;111111111111000000000000;000000000000000000000000;11101000;000;_;e;10;000011101000000000000000;____;05;000;017;-03;-02;017;034;0425525453;;;;;;;;;;;;;;;;;;;;;;;;;;;;;;;;;;;;;;;;;;;;;;;;;;
16:05:55;17;82;9999;057;161;11;111111111111000000000000;000000000000000000000000;11101000;000;_;e;10;000001001000000000000000;____;09;-17;004;025;-19;-17;027;0425525457;;;;;;;;;;;;;;;;;;;;;;;;;;;;;;;;;;;;;;;;;;;;;;;;;;
16:05:57;17;83;9999;058;163;11;111111111111000000000000;000000000000000000000000;11101000;000;_;e;10;000011000100000000000000;____;10;-09;043;038;-10;-03;010;0425525459;;;;;;;;;;;;;;;;;;;;;;;;;;;;;;;;;;;;;;;;;;;;;;;;;;
16:05:59;17;84;9999;050;176;11;111111111111000000000000;000000000000000000000000;11101000;000;_;e;10;000010100000000000000000;____;05;011;008;016;003;011;027;0425525458;;;;;;;;;;;;;;;;;;;;;;;;;;;;;;;;;;;;;;;;;;;;;;;;;;
16:06:02;17;85;9999;072;154;01;111111111111000000000000;000000000000000000000000;11010000;000;_;;;;;;;;;;;;;;;;;;;;;;;;;;;;;;;;;;;;;;;;;;;;;;;;;;;;;;;;;;;;;;
16:06:06;17;86;9999;042;153;00;111111111111000000000000;000000000000000000000000;11101000;000;_;e;10;000010001010000000000000;____;09;021;032;008;020;024;055;0425525461;;;;;;;;;;;;;;;;;;;;;;;;;;;;;;;;;;;;;;;;;;;;;;;;;;
16:06:08;17;87;9999;056;161;11;111111111111000000000000;000000000000000000000000;11101000;000;_;e;10;000011001000000000000000;____;09;022;039;027;-09;022;039;0425530201;;;;;;;;;;;;;;;;;;;;;;;;;;;;;;;;;;;;;;;;;;;;;;;;;;
16:06:12;17;88;9999;083;059;00;111111111111000000000000;000000000000000000000000;11101000;000;_;e;10;000110001100000000000000;____;05;051;032;024;005;051;059;0425525464;;;;;;;;;;;;;;;;;;;;;;;;;;;;;;;;;;;;;;;;;;;;;;;;;;
16:06:14;17;89;9999;083;218;11;111111111111000000000000;000000000000000000000000;11101000;000;_;e;10;000100001000000000000000;____;04;004;074;025;003;004;036;0425525466;;;;;;;;;;;;;;;;;;;;;;;;;;;;;;;;;;;;;;;;;;;;;;;;;;
16:06:16;17;90;9999;065;112;11;111111111111000000000000;000000000000000000000000;11101000;000;_;e;10;000110000010000000000000;____;11;-18;025;004;-18;010;010;0425525462;;;;;;;;;;;;;;;;;;;;;;;;;;;;;;;;;;;;;;;;;;;;;;;;;;
16:06:18;17;91;9999;086;157;11;111111111111000000000000;000000000000000000000000;11101000;000;_;e;10;101110000001000000000000;____;05;060;047;024;041;061;040;0425525460;;;;;;;;;;;;;;;;;;;;;;;;;;;;;;;;;;;;;;;;;;;;;;;;;;
16:06:24;17;92;9999;074;237;11;111111111111000000000000;000000000000000000000000;11010000;000;_;;;;;;;;;;;;;;;;;;;;;;;;;;;;;;;;;;;;;;;;;;;;;;;;;;;;;;;;;;;;;;
16:06:26;17;93;9999;044;140;11;111111111111000000000000;000000000000000000000000;11101000;000;_;e;10;000000110000000000000000;____;08;-03;014;005;-03;-02;013;0425525468;;;;;;;;;;;;;;;;;;;;;;;;;;;;;;;;;;;;;;;;;;;;;;;;;;
16:06:30;17;94;9999;071;160;00;111111111111000000000000;000000000000000000000000;11010000;000;_;;;;;;;;;;;;;;;;;;;;;;;;;;;;;;;;;;;;;;;;;;;;;;;;;;;;;;;;;;;;;;
16:06:33;17;95;9999;068;237;11;111111111111000000000000;000000000000000000000000;11101000;000;_;e;10;100101001100000000000000;____;04;019;047;008;005;041;052;0425525469;;;;;;;;;;;;;;;;;;;;;;;;;;;;;;;;;;;;;;;;;;;;;;;;;;
16:06:34;17;96;9999;053;094;11;111111111111000000000000;000000000000000000000000;11101000;000;_;e;10;001111001000000000000000;____;09;-06;055;021;-07;-01;080;0425525456;;;;;;;;;;;;;;;;;;;;;;;;;;;;;;;;;;;;;;;;;;;;;;;;;;
16:06:39;17;97;9999;050;195;00;111111111111000000000000;000000000000000000000000;11101000;000;_;e;10;000000110010000000000000;____;07;-06;005;012;-07;007;042;0425525471;;;;;;;;;;;;;;;;;;;;;;;;;;;;;;;;;;;;;;;;;;;;;;;;;;
16:06:42;17;98;9999;061;251;11;111111111111000000000000;000000000000000000000000;11101000;000;_;e;10;000001110000000000000000;____;06;-19;023;000;-19;-08;276;0425525473;;;;;;;;;;;;;;;;;;;;;;;;;;;;;;;;;;;;;;;;;;;;;;;;;;
16:06:44;17;99;9999;060;164;11;111111111111000000000000;000000000000000000000000;11101000;000;_;e;10;000000100100000000000000;____;07;-20;017;011;-20;-12;034;0425525472;;;;;;;;;;;;;;;;;;;;;;;;;;;;;;;;;;;;;;;;;;;;;;;;;;
16:06:49;17;01;9999;042;134;00;111111111111000000000000;000000000000000000000000;11101000;000;_;e;10;110100000000000000000000;____;01;002;048;017;-03;002;056;0425525465;;;;;;;;;;;;;;;;;;;;;;;;;;;;;;;;;;;;;;;;;;;;;;;;;;
16:06:51;17;02;9999;067;241;11;111111111111000000000000;000000000000000000000000;11101000;000;_;e;10;000111001001000000000000;____;09;047;054;008;041;050;067;0425525475;;;;;;;;;;;;;;;;;;;;;;;;;;;;;;;;;;;;;;;;;;;;;;;;;;
16:06:53;17;03;9999;073;167;11;111111111111000000000000;000000000000000000000000;11101000;000;_;e;10;000111100000000000000000;____;06;030;016;025;011;042;023;0425525474;;;;;;;;;;;;;;;;;;;;;;;;;;;;;;;;;;;;;;;;;;;;;;;;;;
16:06:57;17;04;9999;075;065;03;111111111111000000000000;000000000000000000000000;11101000;000;_;e;10;100110101000000000000000;____;07;042;017;011;032;047;065;0425525476;;;;;;;;;;;;;;;;;;;;;;;;;;;;;;;;;;;;;;;;;;;;;;;;;;
16:06:59;17;05;9999;052;165;11;111111111111000000000000;000000000000000000000000;11101000;000;_;e;10;000001110100000000000000;____;07;-05;007;016;-10;-02;039;0425525477;;;;;;;;;;;;;;;;;;;;;;;;;;;;;;;;;;;;;;;;;;;;;;;;;;
16:07:02;17;06;9999;055;155;09;111111111111000000000000;000000000000000000000000;11101000;000;_;e;10;000000000010000000000000;____;11;028;013;004;028;028;008;0425525478;;;;;;;;;;;;;;;;;;;;;;;;;;;;;;;;;;;;;;;;;;;;;;;;;;
16:07:04;17;07;9999;091;152;11;111111111111000000000000;000000000000000000000000;11010000;000;_;;;;;;;;;;;;;;;;;;;;;;;;;;;;;;;;;;;;;;;;;;;;;;;;;;;;;;;;;;;;;;
16:07:10;17;08;9999;086;331;11;111111111111000000000000;000000000000000000000000;11101000;000;_;e;10;000011000000000000000000;____;06;-04;021;038;-20;-04;007;0425525481;;;;;;;;;;;;;;;;;;;;;;;;;;;;;;;;;;;;;;;;;;;;;;;;;;
16:07:13;17;09;9999;072;334;11;111111111111000000000000;000000000000000000000000;11101000;000;_;e;10;000000001100000000000000;____;10;-16;030;040;-16;-15;007;0425525482;;;;;;;;;;;;;;;;;;;;;;;;;;;;;;;;;;;;;;;;;;;;;;;;;;
16:07:16;17;10;9999;073;232;11;111111111111000000000000;000000000000000000000000;11101000;000;_;e;10;000000001001000000000000;____;09;032;061;001;032;038;038;0425525483;;;;;;;;;;;;;;;;;;;;;;;;;;;;;;;;;;;;;;;;;;;;;;;;;;
16:07:18;17;11;9999;069;160;11;111111111111000000000000;000000000000000000000000;11101000;000;_;e;10;110110000000000000000000;____;01;019;058;005;016;030;049;0425525485;;;;;;;;;;;;;;;;;;;;;;;;;;;;;;;;;;;;;;;;;;;;;;;;;;
16:07:22;17;12;9999;072;164;02;111111111111000000000000;000000000000000000000000;11101000;000;_;e;10;000011110000000000000000;____;06;-11;015;006;-13;-07;071;0425525484;;;;;;;;;;;;;;;;;;;;;;;;;;;;;;;;;;;;;;;;;;;;;;;;;;
16:07:24;17;13;9999;077;159;11;111111111111000000000000;000000000000000000000000;11010000;000;_;;;;;;;;;;;;;;;;;;;;;;;;;;;;;;;;;;;;;;;;;;;;;;;;;;;;;;;;;;;;;;
16:34:37;17;14;9999;054;999;11;111111111111000000000000;000000000000000000000000;11101000;000;_;e;10;000001001000000000000000;____;06;018;047;000;-09;019;012;0425517101;;;;;;;;;;;;;;;;;;;;;;;;;;;;;;;;;;;;;;;;;;;;;;;;;;
16:34:39;17;15;9999;061;159;11;111111111111000000000000;000000000000000000000000;11101000;000;_;e;10;010100000000000000000000;____;04;-08;085;001;-09;-08;063;0425503722;;;;;;;;;;;;;;;;;;;;;;;;;;;;;;;;;;;;;;;;;;;;;;;;;;
16:34:41;17;16;9999;063;150;11;111111111111000000000000;000000000000000000000000;11101000;000;_;e;10;000000001000000000000000;____;09;023;046;032;021;023;030;0425525813;;;;;;;;;;;;;;;;;;;;;;;;;;;;;;;;;;;;;;;;;;;;;;;;;;
16:34:43;17;17;9999;075;139;11;111111111111000000000000;000000000000000000000000;11101000;000;_;e;10;100100000001000000000000;____;04;-16;066;005;-20;-10;041;0425525814;;;;;;;;;;;;;;;;;;;;;;;;;;;;;;;;;;;;;;;;;;;;;;;;;;
16:34:46;17;18;9999;062;198;11;111111111111000000000000;000000000000000000000000;11101000;000;_;e;10;000010001000000000000000;____;05;009;070;026;-11;009;006;0425525815;;;;;;;;;;;;;;;;;;;;;;;;;;;;;;;;;;;;;;;;;;;;;;;;;;
16:34:49;17;19;9999;069;151;08;111111111111000000000000;000000000000000000000000;11101000;000;_;e;10;110100001000000000000000;____;01;003;094;007;-13;043;044;0425525816;;;;;;;;;;;;;;;;;;;;;;;;;;;;;;;;;;;;;;;;;;;;;;;;;;
16:34:52;17;20;9999;066;156;11;111111111111000000000000;000000000000000000000000;11101000;000;_;e;10;000000100000000000000000;____;07;022;033;004;022;022;015;0425525817;;;;;;;;;;;;;;;;;;;;;;;;;;;;;;;;;;;;;;;;;;;;;;;;;;
16:34:55;17;21;9999;063;154;06;111111111111000000000000;000000000000000000000000;11101000;000;_;e;10;000000100100000000000000;____;07;010;042;007;-13;010;007;0425525818;;;;;;;;;;;;;;;;;;;;;;;;;;;;;;;;;;;;;;;;;;;;;;;;;;
16:34:57;17;22;9999;062;131;11;111111111111000000000000;000000000000000000000000;11101000;000;_;e;10;001011001000000000000000;____;06;025;055;027;018;028;060;0425525819;;;;;;;;;;;;;;;;;;;;;;;;;;;;;;;;;;;;;;;;;;;;;;;;;;
16:35:04;17;23;9999;085;314;11;111111111111000000000000;000000000000000000000000;11101000;000;_;e;10;000110001000000000000000;____;05;051;050;003;044;051;006;0425525821;;;;;;;;;;;;;;;;;;;;;;;;;;;;;;;;;;;;;;;;;;;;;;;;;;
16:35:06;17;24;9999;081;139;11;111111111111000000000000;000000000000000000000000;11101000;000;_;e;10;000101000000000000000000;____;06;003;051;025;003;003;022;0425525820;;;;;;;;;;;;;;;;;;;;;;;;;;;;;;;;;;;;;;;;;;;;;;;;;;
16:35:09;17;25;9999;038;122;01;111111111111000000000000;000000000000000000000000;11101000;000;_;e;10;000010110000000000000000;____;07;-15;037;008;-15;-11;043;0425525823;;;;;;;;;;;;;;;;;;;;;;;;;;;;;;;;;;;;;;;;;;;;;;;;;;
16:35:11;17;26;9999;047;238;11;111111111111000000000000;000000000000000000000000;11101000;000;_;e;10;000010110000000000000000;____;07;007;024;009;003;008;036;0425525824;;;;;;;;;;;;;;;;;;;;;;;;;;;;;;;;;;;;;;;;;;;;;;;;;;
16:35:13;17;27;9999;083;161;11;111111111111000000000000;000000000000000000000000;11101000;000;_;e;10;000111001100000000000000;____;05;014;050;031;009;015;097;0425525825;;;;;;;;;;;;;;;;;;;;;;;;;;;;;;;;;;;;;;;;;;;;;;;;;;
16:35:15;17;28;9999;084;146;11;111111111111000000000000;000000000000000000000000;11101000;000;_;e;10;000000101001000000000000;____;09;051;045;002;051;054;030;0425525826;;;;;;;;;;;;;;;;;;;;;;;;;;;;;;;;;;;;;;;;;;;;;;;;;;
17:04:53;17;29;9999;084;999;11;111111111111000000000000;000000000000000000000000;11101000;000;_;e;10;000011110000000000000000;____;05;039;036;016;036;040;021;0425433597;;;;;;;;;;;;;;;;;;;;;;;;;;;;;;;;;;;;;;;;;;;;;;;;;;
17:04:55;17;30;9999;062;148;11;111111111111000000000000;000000000000000000000000;11010000;000;_;;;;;;;;;;;;;;;;;;;;;;;;;;;;;;;;;;;;;;;;;;;;;;;;;;;;;;;;;;;;;;
17:04:57;17;31;9999;052;141;11;111111111111000000000000;000000000000000000000000;11101000;000;_;e;10;001111001000000000000000;____;09;005;068;023;-19;017;107;0425530301;;;;;;;;;;;;;;;;;;;;;;;;;;;;;;;;;;;;;;;;;;;;;;;;;;
17:05:00;17;32;9999;058;154;05;111111111111000000000000;000000000000000000000000;11101000;000;_;e;10;000001100000000000000000;____;06;-15;043;013;-17;-15;021;0425530300;;;;;;;;;;;;;;;;;;;;;;;;;;;;;;;;;;;;;;;;;;;;;;;;;;
17:05:02;17;33;9999;078;183;11;111111111111000000000000;000000000000000000000000;11101000;000;_;e;10;100000001000000000000000;____;09;061;059;004;015;062;023;0425530302;;;;;;;;;;;;;;;;;;;;;;;;;;;;;;;;;;;;;;;;;;;;;;;;;;
17:05:07;17;34;9999;043;352;11;111111111111000000000000;000000000000000000000000;11101000;000;_;e;10;000001111000000000000000;____;07;-01;024;009;-01;015;026;0425530303;;;;;;;;;;;;;;;;;;;;;;;;;;;;;;;;;;;;;;;;;;;;;;;;;;
17:05:10;17;35;9999;041;252;11;111111111111000000000000;000000000000000000000000;11101000;000;_;e;10;000000000100000000000000;____;10;-18;068;001;-18;-18;002;0425530304;;;;;;;;;;;;;;;;;;;;;;;;;;;;;;;;;;;;;;;;;;;;;;;;;;
17:05:12;17;36;9999;064;226;11;111111111111000000000000;000000000000000000000000;11101000;000;_;e;10;110100001000000000000000;____;01;004;093;015;-18;005;042;0425530305;;;;;;;;;;;;;;;;;;;;;;;;;;;;;;;;;;;;;;;;;;;;;;;;;;
17:05:15;17;37;9999;079;161;11;111111111111000000000000;000000000000000000000000;11101000;000;_;e;10;000011000000000000000000;____;05;008;049;029;004;010;020;0425530306;;;;;;;;;;;;;;;;;;;;;;;;;;;;;;;;;;;;;;;;;;;;;;;;;;
17:34:23;17;38;9999;080;999;11;111111111111000000000000;000000000000000000000000;11101000;000;_;e;10;000111001001000000000000;____;09;050;059;004;042;052;061;0425496875;;;;;;;;;;;;;;;;;;;;;;;;;;;;;;;;;;;;;;;;;;;;;;;;;;
17:34:25;17;39;9999;075;152;11;111111111111000000000000;000000000000000000000000;11101000;000;_;e;10;000111000000000000000000;____;06;-01;057;016;-02;-01;024;0425496877;;;;;;;;;;;;;;;;;;;;;;;;;;;;;;;;;;;;;;;;;;;;;;;;;;
17:34:27;17;40;9999;075;166;11;111111111111000000000000;000000000000000000000000;11101000;000;_;e;10;110000000000000000000000;____;01;021;077;022;019;021;015;0425496876;;;;;;;;;;;;;;;;;;;;;;;;;;;;;;;;;;;;;;;;;;;;;;;;;;
17:34:29;17;41;9999;051;164;11;111111111111000000000000;000000000000000000000000;11101000;000;_;e;10;000000000001000000000000;____;12;018;070;004;016;018;008;0425530400;;;;;;;;;;;;;;;;;;;;;;;;;;;;;;;;;;;;;;;;;;;;;;;;;;
17:34:31;17;42;9999;078;164;11;111111111111000000000000;000000000000000000000000;11101000;000;_;e;10;000111001000000000000000;____;04;018;045;044;012;019;068;0555610450;;;;;;;;;;;;;;;;;;;;;;;;;;;;;;;;;;;;;;;;;;;;;;;;;;
17:34:34;17;43;9999;062;163;11;111111111111000000000000;000000000000000000000000;11101000;000;_;e;10;101100000000000000000000;____;04;-01;088;027;-08;002;051;0425496878;;;;;;;;;;;;;;;;;;;;;;;;;;;;;;;;;;;;;;;;;;;;;;;;;;
17:34:37;17;44;9999;065;157;04;111111111111000000000000;000000000000000000000000;11101000;000;_;e;10;000010100011000000000000;____;05;024;048;005;021;026;044;0425530401;;;;;;;;;;;;;;;;;;;;;;;;;;;;;;;;;;;;;;;;;;;;;;;;;;
17:34:39;17;45;9999;051;166;11;111111111111000000000000;000000000000000000000000;11101000;000;_;e;10;000111001101000000000000;____;09;034;049;013;016;037;088;0425530402;;;;;;;;;;;;;;;;;;;;;;;;;;;;;;;;;;;;;;;;;;;;;;;;;;
17:34:43;17;46;9999;064;149;00;111111111111000000000000;000000000000000000000000;11101000;000;_;e;10;010110001001000000000000;____;09;038;062;017;015;041;046;0425530403;;;;;;;;;;;;;;;;;;;;;;;;;;;;;;;;;;;;;;;;;;;;;;;;;;
17:34:45;17;47;9999;051;159;11;111111111111000000000000;000000000000000000000000;11101000;000;_;e;10;010000000000000000000000;____;02;012;091;013;012;012;003;0425530404;;;;;;;;;;;;;;;;;;;;;;;;;;;;;;;;;;;;;;;;;;;;;;;;;;
17:34:50;17;48;9999;085;362;11;111111111111000000000000;000000000000000000000000;11101000;000;_;e;10;000001001000000000000000;____;06;034;061;017;033;034;031;0425530407;;;;;;;;;;;;;;;;;;;;;;;;;;;;;;;;;;;;;;;;;;;;;;;;;;
17:34:54;17;49;9999;050;338;11;111111111111000000000000;000000000000000000000000;11101000;000;_;e;10;000011001000000000000000;____;06;-15;040;016;-15;015;027;0425530406;;;;;;;;;;;;;;;;;;;;;;;;;;;;;;;;;;;;;;;;;;;;;;;;;;
17:34:57;17;50;9999;069;233;11;111111111111000000000000;000000000000000000000000;11101000;000;_;e;10;000011111000000000000000;____;05;036;035;010;034;038;070;0425530408;;;;;;;;;;;;;;;;;;;;;;;;;;;;;;;;;;;;;;;;;;;;;;;;;;
17:34:59;17;51;9999;067;151;07;111111111111000000000000;000000000000000000000000;11101000;000;_;e;10;000000110010000000000000;____;11;029;034;004;027;029;026;0425530409;;;;;;;;;;;;;;;;;;;;;;;;;;;;;;;;;;;;;;;;;;;;;;;;;;
17:35:02;17;52;9999;078;163;11;111111111111000000000000;000000000000000000000000;11101000;000;_;e;10;000111000000000000000000;____;04;004;056;020;003;015;049;0425496879;;;;;;;;;;;;;;;;;;;;;;;;;;;;;;;;;;;;;;;;;;;;;;;;;;
17:35:04;17;53;9999;053;170;11;111111111111000000000000;000000000000000000000000;11101000;000;_;e;10;000101001001000000000000;____;09;019;062;007;016;025;069;0425530410;;;;;;;;;;;;;;;;;;;;;;;;;;;;;;;;;;;;;;;;;;;;;;;;;;
17:35:07;17;54;9999;058;174;07;111111111111000000000000;000000000000000000000000;11101000;000;_;e;10;010000101000000000000000;____;07;025;041;012;018;028;065;0425530411;;;;;;;;;;;;;;;;;;;;;;;;;;;;;;;;;;;;;;;;;;;;;;;;;;
17:35:11;17;55;9999;044;164;06;111111111111000000000000;000000000000000000000000;11101000;000;_;e;10;000111001000000000000000;____;06;004;053;038;-18;007;054;0425530412;;;;;;;;;;;;;;;;;;;;;;;;;;;;;;;;;;;;;;;;;;;;;;;;;;
17:35:13;17;56;9999;049;159;11;111111111111000000000000;000000000000000000000000;11101000;000;_;e;10;000000110000000000000000;____;08;-18;028;007;-19;-17;017;0425530413;;;;;;;;;;;;;;;;;;;;;;;;;;;;;;;;;;;;;;;;;;;;;;;;;;
18:04:25;17;57;9999;082;999;11;111111111111000000000000;000000000000000000000000;11101000;000;_;e;10;000011000000000000000000;____;06;018;056;034;-05;018;007;0425530501;;;;;;;;;;;;;;;;;;;;;;;;;;;;;;;;;;;;;;;;;;;;;;;;;;
18:04:27;17;58;9999;057;149;11;111111111111000000000000;000000000000000000000000;11101000;000;_;e;10;010011001100000000000000;____;10;-14;046;025;-20;-11;040;0425530601;;;;;;;;;;;;;;;;;;;;;;;;;;;;;;;;;;;;;;;;;;;;;;;;;;
18:04:30;17;59;9999;061;131;00;111111111111000000000000;000000000000000000000000;11101000;000;_;e;10;000111100000000000000000;____;06;-12;042;012;-14;007;046;0425530600;;;;;;;;;;;;;;;;;;;;;;;;;;;;;;;;;;;;;;;;;;;;;;;;;;
18:04:32;17;60;9999;056;194;11;111111111111000000000000;000000000000000000000000;11010000;000;_;;;;;;;;;;;;;;;;;;;;;;;;;;;;;;;;;;;;;;;;;;;;;;;;;;;;;;;;;;;;;;
18:04:34;17;61;9999;055;159;11;111111111111000000000000;000000000000000000000000;11101000;000;_;e;10;000000100100000000000000;____;07;-15;028;018;-20;024;019;0425530605;;;;;;;;;;;;;;;;;;;;;;;;;;;;;;;;;;;;;;;;;;;;;;;;;;
18:04:39;17;62;9999;075;197;00;111111111111000000000000;000000000000000000000000;11101000;000;_;e;10;000001000000000000000000;____;06;-02;055;004;-02;-02;002;0425530604;;;;;;;;;;;;;;;;;;;;;;;;;;;;;;;;;;;;;;;;;;;;;;;;;;
18:04:42;17;63;9999;044;239;11;111111111111000000000000;000000000000000000000000;11101000;000;_;e;10;000111001100000000000000;____;06;005;029;029;004;020;052;0425530607;;;;;;;;;;;;;;;;;;;;;;;;;;;;;;;;;;;;;;;;;;;;;;;;;;
18:04:44;17;64;9999;053;195;11;111111111111000000000000;000000000000000000000000;11101000;000;_;e;10;000000000001000000000000;____;12;017;054;004;011;017;028;0425530606;;;;;;;;;;;;;;;;;;;;;;;;;;;;;;;;;;;;;;;;;;;;;;;;;;
18:04:46;17;65;9999;069;138;11;111111111111000000000000;000000000000000000000000;11101000;000;_;e;10;000011110001000000000000;____;05;026;049;002;014;028;094;0425530608;;;;;;;;;;;;;;;;;;;;;;;;;;;;;;;;;;;;;;;;;;;;;;;;;;
18:04:49;17;66;9999;083;243;11;111111111111000000000000;000000000000000000000000;11101000;000;_;e;10;000010000000000000000000;____;05;040;056;018;040;040;035;0425531000;;;;;;;;;;;;;;;;;;;;;;;;;;;;;;;;;;;;;;;;;;;;;;;;;;
18:04:52;17;67;9999;044;246;11;111111111111000000000000;000000000000000000000000;11101000;000;_;e;10;010100000000000000000000;____;04;015;088;023;011;016;024;0425531100;;;;;;;;;;;;;;;;;;;;;;;;;;;;;;;;;;;;;;;;;;;;;;;;;;
18:04:57;17;68;9999;065;149;00;111111111111000000000000;000000000000000000000000;11101000;000;_;e;10;000011110010000000000000;____;05;003;025;008;-03;005;041;0425530611;;;;;;;;;;;;;;;;;;;;;;;;;;;;;;;;;;;;;;;;;;;;;;;;;;
18:04:59;17;69;9999;079;197;11;111111111111000000000000;000000000000000000000000;11101000;000;_;e;10;111101000000000000000000;____;01;007;094;014;002;022;030;0425530610;;;;;;;;;;;;;;;;;;;;;;;;;;;;;;;;;;;;;;;;;;;;;;;;;;
18:05:01;17;70;9999;076;153;11;111111111111000000000000;000000000000000000000000;11101000;000;_;e;10;001111001000000000000000;____;06;018;074;028;014;018;096;0425530503;;;;;;;;;;;;;;;;;;;;;;;;;;;;;;;;;;;;;;;;;;;;;;;;;;
18:05:06;17;71;9999;074;137;00;111111111111000000000000;000000000000000000000000;11101000;000;_;e;10;000010001000000000000000;____;05;015;067;014;015;015;004;0425530613;;;;;;;;;;;;;;;;;;;;;;;;;;;;;;;;;;;;;;;;;;;;;;;;;;
18:05:08;17;72;9999;062;238;11;111111111111000000000000;000000000000000000000000;11101000;000;_;e;10;000111001100000000000000;____;04;-02;058;023;-10;-02;018;0425530504;;;;;;;;;;;;;;;;;;;;;;;;;;;;;;;;;;;;;;;;;;;;;;;;;;
18:05:11;17;73;9999;046;177;11;111111111111000000000000;000000000000000000000000;11101000;000;_;e;10;000001110000000000000000;____;08;-08;029;006;-09;007;027;0425530616;;;;;;;;;;;;;;;;;;;;;;;;;;;;;;;;;;;;;;;;;;;;;;;;;;
18:05:22;17;74;9999;074;999;11;111111111111000000000000;000000000000000000000000;11010000;000;_;;;;;;;;;;;;;;;;;;;;;;;;;;;;;;;;;;;;;;;;;;;;;;;;;;;;;;;;;;;;;;
18:05:27;17;75;9999;054;461;11;111111111111000000000000;000000000000000000000000;11101000;000;_;e;10;011000000000000000000000;____;03;-14;085;023;-15;-13;006;0425530505;;;;;;;;;;;;;;;;;;;;;;;;;;;;;;;;;;;;;;;;;;;;;;;;;;
18:05:29;17;76;9999;074;129;11;111111111111000000000000;000000000000000000000000;11101000;000;_;e;10;001011000100000000000000;____;06;005;035;039;003;010;037;0425530617;;;;;;;;;;;;;;;;;;;;;;;;;;;;;;;;;;;;;;;;;;;;;;;;;;
18:05:33;17;77;9999;077;134;00;111111111111000000000000;000000000000000000000000;11001000;000;_;e;10;000101001101000000000000;____;12;002;066;004;002;025;027;0050119124;-15;075;024;-15;013;021;0425530507;;;;;;;;;;;;;;;;;;;;;;;;;;;;;;;;;;;;;;;;;;;
18:05:36;17;78;9999;080;236;11;111111111111000000000000;000000000000000000000000;11101000;000;_;e;10;110100001000000000000000;____;01;021;065;021;016;028;046;0425530508;;;;;;;;;;;;;;;;;;;;;;;;;;;;;;;;;;;;;;;;;;;;;;;;;;
18:05:38;17;79;9999;054;176;11;111111111111000000000000;000000000000000000000000;11101000;000;_;e;10;110000000001000000000000;____;01;014;100;003;006;017;036;0425530509;;;;;;;;;;;;;;;;;;;;;;;;;;;;;;;;;;;;;;;;;;;;;;;;;;
18:05:39;17;80;9999;076;080;11;111111111111000000000000;000000000000000000000000;11101000;000;_;e;10;100101000000000000000000;____;04;011;084;022;010;015;028;0425530511;;;;;;;;;;;;;;;;;;;;;;;;;;;;;;;;;;;;;;;;;;;;;;;;;;
18:05:43;17;81;9999;069;175;07;111111111111000000000000;000000000000000000000000;11101000;000;_;e;10;000001000000000000000000;____;06;-12;070;029;-12;-12;009;0425530510;;;;;;;;;;;;;;;;;;;;;;;;;;;;;;;;;;;;;;;;;;;;;;;;;;
18:05:45;17;82;9999;086;153;11;111111111111000000000000;000000000000000000000000;11101000;000;_;e;10;000011101100000000000000;____;07;025;024;015;025;094;050;0425530513;;;;;;;;;;;;;;;;;;;;;;;;;;;;;;;;;;;;;;;;;;;;;;;;;;
18:34:48;17;83;9999;041;999;11;111111111111000000000000;000000000000000000000000;11101000;000;_;e;10;001111101001000000000000;____;05;-05;046;022;-08;006;082;0316111986;;;;;;;;;;;;;;;;;;;;;;;;;;;;;;;;;;;;;;;;;;;;;;;;;;
18:34:50;17;84;9999;075;153;11;111111111111000000000000;000000000000000000000000;11101000;000;_;e;10;000110000100000000000000;____;10;-01;049;034;-04;002;031;0316111987;;;;;;;;;;;;;;;;;;;;;;;;;;;;;;;;;;;;;;;;;;;;;;;;;;
18:34:53;17;85;9999;055;160;04;111111111111000000000000;000000000000000000000000;11101000;000;_;e;10;110001001000000000000000;____;06;030;080;003;022;032;066;0316111989;;;;;;;;;;;;;;;;;;;;;;;;;;;;;;;;;;;;;;;;;;;;;;;;;;
18:34:55;17;86;9999;067;184;11;111111111111000000000000;000000000000000000000000;11101000;000;_;e;10;100000000001000000000000;____;12;-01;070;004;-06;-01;029;0316111988;;;;;;;;;;;;;;;;;;;;;;;;;;;;;;;;;;;;;;;;;;;;;;;;;;
18:34:58;17;87;9999;056;151;06;111111111111000000000000;000000000000000000000000;11101000;000;_;e;10;000110001100000000000000;____;09;005;047;029;-02;008;076;0316111990;;;;;;;;;;;;;;;;;;;;;;;;;;;;;;;;;;;;;;;;;;;;;;;;;;
18:35:00;17;88;9999;055;199;11;111111111111000000000000;000000000000000000000000;11101000;000;_;e;10;000010000000000000000000;____;05;036;067;009;031;036;014;0316111993;;;;;;;;;;;;;;;;;;;;;;;;;;;;;;;;;;;;;;;;;;;;;;;;;;
20:04:14;17;89;9999;076;999;11;111111111111000000000000;000000000000000000000000;11101000;000;_;e;10;000000001001000000000000;____;09;046;062;010;042;046;019;0425528100;;;;;;;;;;;;;;;;;;;;;;;;;;;;;;;;;;;;;;;;;;;;;;;;;;
20:04:16;17;90;9999;046;155;11;111111111111000000000000;000000000000000000000000;11101000;000;_;e;10;000001110010000000000000;____;11;-03;010;004;-08;-03;048;0316111672;;;;;;;;;;;;;;;;;;;;;;;;;;;;;;;;;;;;;;;;;;;;;;;;;;
20:04:18;17;91;9999;080;172;11;111111111111000000000000;000000000000000000000000;11101000;000;_;e;10;000111001100000000000000;____;04;020;036;035;-02;023;117;0316111673;;;;;;;;;;;;;;;;;;;;;;;;;;;;;;;;;;;;;;;;;;;;;;;;;;
20:04:21;17;92;9999;047;145;04;111111111111000000000000;000000000000000000000000;11010000;000;_;;;;;;;;;;;;;;;;;;;;;;;;;;;;;;;;;;;;;;;;;;;;;;;;;;;;;;;;;;;;;;
20:04:23;17;93;9999;049;160;11;111111111111000000000000;000000000000000000000000;11101000;000;_;e;10;101111001100000000000000;____;04;011;032;016;-02;012;071;0316111676;;;;;;;;;;;;;;;;;;;;;;;;;;;;;;;;;;;;;;;;;;;;;;;;;;
20:04:28;17;94;9999;064;170;11;111111111111000000000000;000000000000000000000000;11101000;000;_;e;10;000000000100000000000000;____;10;-13;042;034;-13;-13;005;0425531700;;;;;;;;;;;;;;;;;;;;;;;;;;;;;;;;;;;;;;;;;;;;;;;;;;
20:04:29;17;95;9999;087;041;11;111111111111000000000000;000000000000000000000000;11101000;000;_;e;10;000110001100000000000000;____;04;005;056;025;000;006;071;0316111677;;;;;;;;;;;;;;;;;;;;;;;;;;;;;;;;;;;;;;;;;;;;;;;;;;
20:04:31;17;96;9999;075;141;11;111111111111000000000000;000000000000000000000000;11101000;000;_;e;10;010110001001000000000000;____;05;006;070;016;001;010;056;0316111678;;;;;;;;;;;;;;;;;;;;;;;;;;;;;;;;;;;;;;;;;;;;;;;;;;
20:04:34;17;97;9999;051;084;04;111111111111000000000000;000000000000000000000000;11010000;000;_;;;;;;;;;;;;;;;;;;;;;;;;;;;;;;;;;;;;;;;;;;;;;;;;;;;;;;;;;;;;;;
20:04:37;17;98;9999;089;188;05;111111111111000000000000;000000000000000000000000;11101000;000;_;e;10;110000000000000000000000;____;01;032;063;013;028;033;050;0425531702;;;;;;;;;;;;;;;;;;;;;;;;;;;;;;;;;;;;;;;;;;;;;;;;;;
20:04:41;17;99;9999;076;144;00;111111111111000000000000;000000000000000000000000;11001000;000;_;e;10;000010001001000000000000;____;05;025;050;032;023;026;050;0316111680;001;043;004;000;022;017;0050120109;;;;;;;;;;;;;;;;;;;;;;;;;;;;;;;;;;;;;;;;;;;
20:04:43;17;01;9999;071;179;11;111111111111000000000000;000000000000000000000000;11101000;000;_;e;10;100011101101000000000000;____;05;047;048;014;042;051;053;0425531701;;;;;;;;;;;;;;;;;;;;;;;;;;;;;;;;;;;;;;;;;;;;;;;;;;
20:04:46;17;02;9999;076;075;00;111111111111000000000000;000000000000000000000000;11101000;000;_;e;10;000110000000000000000000;____;05;-10;060;030;-10;007;010;0316111674;;;;;;;;;;;;;;;;;;;;;;;;;;;;;;;;;;;;;;;;;;;;;;;;;;
20:04:49;17;03;9999;071;192;11;111111111111000000000000;000000000000000000000000;11101000;000;_;e;10;000000110000000000000000;____;07;-05;012;004;-07;-03;026;0316111681;;;;;;;;;;;;;;;;;;;;;;;;;;;;;;;;;;;;;;;;;;;;;;;;;;
20:04:54;17;04;9999;050;335;11;111111111111000000000000;000000000000000000000000;11101000;000;_;e;10;000100001010000000000000;____;09;029;034;005;029;034;044;0316111682;;;;;;;;;;;;;;;;;;;;;;;;;;;;;;;;;;;;;;;;;;;;;;;;;;
20:04:58;17;05;9999;067;359;11;111111111111000000000000;000000000000000000000000;11101000;000;_;e;10;000111001100000000000000;____;04;-04;039;018;-06;-01;076;0425531705;;;;;;;;;;;;;;;;;;;;;;;;;;;;;;;;;;;;;;;;;;;;;;;;;;
20:05:04;17;06;9999;080;593;11;111111111111000000000000;000000000000000000000000;11101000;000;_;e;10;000100000000000000000000;____;04;036;052;021;036;036;002;0425531704;;;;;;;;;;;;;;;;;;;;;;;;;;;;;;;;;;;;;;;;;;;;;;;;;;
20:05:09;17;07;9999;064;437;11;111111111111000000000000;000000000000000000000000;11101000;000;_;e;10;000000001100000000000000;____;10;-01;036;026;-01;001;010;0316111683;;;;;;;;;;;;;;;;;;;;;;;;;;;;;;;;;;;;;;;;;;;;;;;;;;
20:05:13;17;08;9999;082;385;11;111111111111000000000000;000000000000000000000000;11101000;000;_;e;10;000011001000000000000000;____;06;037;051;031;018;038;029;0425531703;;;;;;;;;;;;;;;;;;;;;;;;;;;;;;;;;;;;;;;;;;;;;;;;;;
20:05:15;17;09;9999;060;144;11;111111111111000000000000;000000000000000000000000;11101000;000;_;e;10;000011101000000000000000;____;07;033;011;012;029;039;081;0316111685;;;;;;;;;;;;;;;;;;;;;;;;;;;;;;;;;;;;;;;;;;;;;;;;;;
20:05:17;17;10;9999;044;169;11;111111111111000000000000;000000000000000000000000;11101000;000;_;e;10;100100001000000000000000;____;04;006;037;025;005;008;031;0425531706;;;;;;;;;;;;;;;;;;;;;;;;;;;;;;;;;;;;;;;;;;;;;;;;;;
20:05:20;17;11;9999;044;173;07;111111111111000000000000;000000000000000000000000;11101000;000;_;e;10;000111001000000000000000;____;05;-10;037;034;-15;-05;079;0425529226;;;;;;;;;;;;;;;;;;;;;;;;;;;;;;;;;;;;;;;;;;;;;;;;;;
20:05:22;17;12;9999;059;159;11;111111111111000000000000;000000000000000000000000;11010000;000;_;;;;;;;;;;;;;;;;;;;;;;;;;;;;;;;;;;;;;;;;;;;;;;;;;;;;;;;;;;;;;;
20:05:24;17;13;9999;079;154;11;111111111111000000000000;000000000000000000000000;11101000;000;_;e;10;000011001100000000000000;____;09;018;037;027;017;019;087;0316111686;;;;;;;;;;;;;;;;;;;;;;;;;;;;;;;;;;;;;;;;;;;;;;;;;;
20:05:27;17;14;9999;063;023;06;111111111111000000000000;000000000000000000000000;11101000;000;_;e;10;000000001110000000000000;____;09;034;042;010;004;034;039;0316111687;;;;;;;;;;;;;;;;;;;;;;;;;;;;;;;;;;;;;;;;;;;;;;;;;;
20:05:30;17;15;9999;083;175;02;111111111111000000000000;000000000000000000000000;11101000;000;_;e;10;000111001000000000000000;____;06;016;037;036;014;023;023;0425529228;;;;;;;;;;;;;;;;;;;;;;;;;;;;;;;;;;;;;;;;;;;;;;;;;;
20:05:33;17;16;9999;046;174;11;111111111111000000000000;000000000000000000000000;11010000;000;_;;;;;;;;;;;;;;;;;;;;;;;;;;;;;;;;;;;;;;;;;;;;;;;;;;;;;;;;;;;;;;
20:05:34;17;17;9999;082;140;11;111111111111000000000000;000000000000000000000000;11101000;000;_;e;10;000110001100000000000000;____;05;004;042;038;000;007;062;0425529229;;;;;;;;;;;;;;;;;;;;;;;;;;;;;;;;;;;;;;;;;;;;;;;;;;
20:05:37;17;18;9999;068;165;11;111111111111000000000000;000000000000000000000000;11101000;000;_;e;10;000000000010000000000000;____;11;-20;018;004;-20;-19;004;0425529231;;;;;;;;;;;;;;;;;;;;;;;;;;;;;;;;;;;;;;;;;;;;;;;;;;
20:05:40;17;19;9999;060;158;05;111111111111000000000000;000000000000000000000000;11010000;000;_;;;;;;;;;;;;;;;;;;;;;;;;;;;;;;;;;;;;;;;;;;;;;;;;;;;;;;;;;;;;;;
20:05:43;17;20;9999;084;177;02;111111111111000000000000;000000000000000000000000;11101000;000;_;e;10;010000000000000000000000;____;02;-03;078;019;-03;-03;002;0425529232;;;;;;;;;;;;;;;;;;;;;;;;;;;;;;;;;;;;;;;;;;;;;;;;;;
20:05:45;17;21;9999;083;144;11;111111111111000000000000;000000000000000000000000;11001000;000;_;e;10;000111001010000000000000;____;04;041;038;026;039;043;044;0425529233;035;040;004;012;035;025;0050120133;;;;;;;;;;;;;;;;;;;;;;;;;;;;;;;;;;;;;;;;;;;
20:05:51;17;22;9999;061;318;11;111111111111000000000000;000000000000000000000000;11101000;000;_;e;10;000000110000000000000000;____;07;010;000;013;009;012;033;0425529235;;;;;;;;;;;;;;;;;;;;;;;;;;;;;;;;;;;;;;;;;;;;;;;;;;
20:05:55;17;23;9999;081;344;11;111111111111000000000000;000000000000000000000000;11101000;000;_;e;10;110000000000000000000000;____;01;026;072;006;023;026;019;0425529234;;;;;;;;;;;;;;;;;;;;;;;;;;;;;;;;;;;;;;;;;;;;;;;;;;
20:05:58;17;24;9999;071;239;11;111111111111000000000000;000000000000000000000000;11010000;000;_;;;;;;;;;;;;;;;;;;;;;;;;;;;;;;;;;;;;;;;;;;;;;;;;;;;;;;;;;;;;;;
20:06:00;17;25;9999;073;157;11;111111111111000000000000;000000000000000000000000;11101000;000;_;e;10;001011000100000000000000;____;10;014;057;037;009;016;019;0425529237;;;;;;;;;;;;;;;;;;;;;;;;;;;;;;;;;;;;;;;;;;;;;;;;;;
20:06:02;17;26;9999;060;167;11;111111111111000000000000;000000000000000000000000;11010000;000;_;;;;;;;;;;;;;;;;;;;;;;;;;;;;;;;;;;;;;;;;;;;;;;;;;;;;;;;;;;;;;;
20:06:04;17;27;9999;073;161;11;111111111111000000000000;000000000000000000000000;11101000;000;_;e;10;000000101010000000000000;____;11;055;025;004;021;069;023;0425529239;;;;;;;;;;;;;;;;;;;;;;;;;;;;;;;;;;;;;;;;;;;;;;;;;;
21:04:09;17;28;9999;065;999;11;111111111111000000000000;000000000000000000000000;11101000;000;_;e;10;000010000001000000000000;____;12;-19;044;004;-20;-19;013;0425532300;;;;;;;;;;;;;;;;;;;;;;;;;;;;;;;;;;;;;;;;;;;;;;;;;;
21:04:11;17;29;9999;073;153;11;111111111111000000000000;000000000000000000000000;11101000;000;_;e;10;000100000000000000000000;____;04;021;069;030;019;021;006;0425503611;;;;;;;;;;;;;;;;;;;;;;;;;;;;;;;;;;;;;;;;;;;;;;;;;;
21:04:13;17;30;9999;048;173;11;111111111111000000000000;000000000000000000000000;11101000;000;_;e;10;000111001001000000000000;____;09;032;054;004;002;033;104;0425530241;;;;;;;;;;;;;;;;;;;;;;;;;;;;;;;;;;;;;;;;;;;;;;;;;;
21:04:18;17;31;9999;056;282;11;111111111111000000000000;000000000000000000000000;11101000;000;_;e;10;000110000100000000000000;____;05;-10;042;031;-12;001;015;0425530242;;;;;;;;;;;;;;;;;;;;;;;;;;;;;;;;;;;;;;;;;;;;;;;;;;
21:04:20;17;32;9999;083;166;11;111111111111000000000000;000000000000000000000000;11101000;000;_;e;10;100111000100000000000000;____;04;004;058;020;003;006;048;0425530243;;;;;;;;;;;;;;;;;;;;;;;;;;;;;;;;;;;;;;;;;;;;;;;;;;
21:04:22;17;33;9999;073;159;11;111111111111000000000000;000000000000000000000000;11101000;000;_;e;10;000111001000000000000000;____;04;-08;057;020;-12;020;059;0425530244;;;;;;;;;;;;;;;;;;;;;;;;;;;;;;;;;;;;;;;;;;;;;;;;;;
21:04:24;17;34;9999;073;147;11;111111111111000000000000;000000000000000000000000;11101000;000;_;e;10;000100000000000000000000;____;04;010;076;013;010;010;005;0425530245;;;;;;;;;;;;;;;;;;;;;;;;;;;;;;;;;;;;;;;;;;;;;;;;;;
21:04:33;17;35;9999;073;865;11;111111111111000000000000;000000000000000000000000;11101000;000;_;e;10;001111000000000000000000;____;04;010;019;017;008;013;029;0425530246;;;;;;;;;;;;;;;;;;;;;;;;;;;;;;;;;;;;;;;;;;;;;;;;;;
21:04:36;17;36;9999;045;236;11;111111111111000000000000;000000000000000000000000;11101000;000;_;e;10;000100001000000000000000;____;04;007;080;006;007;009;025;0425531001;;;;;;;;;;;;;;;;;;;;;;;;;;;;;;;;;;;;;;;;;;;;;;;;;;
21:04:37;17;37;9999;080;162;11;111111111111000000000000;000000000000000000000000;11101000;000;_;e;10;110100000001000000000000;____;04;000;096;021;000;008;053;0425530247;;;;;;;;;;;;;;;;;;;;;;;;;;;;;;;;;;;;;;;;;;;;;;;;;;
21:04:41;17;38;9999;078;164;05;111111111111000000000000;000000000000000000000000;11101000;000;_;e;10;100100000100000000000000;____;04;000;069;026;000;003;019;0425530248;;;;;;;;;;;;;;;;;;;;;;;;;;;;;;;;;;;;;;;;;;;;;;;;;;
21:04:43;17;39;9999;074;172;11;111111111111000000000000;000000000000000000000000;11101000;000;_;e;10;001111001100000000000000;____;05;012;059;042;010;019;092;0425530252;;;;;;;;;;;;;;;;;;;;;;;;;;;;;;;;;;;;;;;;;;;;;;;;;;
21:04:46;17;40;9999;082;152;00;111111111111000000000000;000000000000000000000000;11101000;000;_;e;10;100110001000000000000000;____;05;017;058;032;016;048;019;0425532301;;;;;;;;;;;;;;;;;;;;;;;;;;;;;;;;;;;;;;;;;;;;;;;;;;
21:04:49;17;41;9999;080;163;11;111111111111000000000000;000000000000000000000000;11101000;000;_;e;10;000010000000000000000000;____;05;050;061;009;050;050;009;0425530253;;;;;;;;;;;;;;;;;;;;;;;;;;;;;;;;;;;;;;;;;;;;;;;;;;
21:04:52;17;42;9999;052;149;06;111111111111000000000000;000000000000000000000000;11010000;000;_;;;;;;;;;;;;;;;;;;;;;;;;;;;;;;;;;;;;;;;;;;;;;;;;;;;;;;;;;;;;;;
21:04:54;17;43;9999;075;204;11;111111111111000000000000;000000000000000000000000;11101000;000;_;e;10;110100000000000000000000;____;01;014;098;017;006;015;039;0425530250;;;;;;;;;;;;;;;;;;;;;;;;;;;;;;;;;;;;;;;;;;;;;;;;;;
21:04:58;17;44;9999;058;357;11;111111111111000000000000;000000000000000000000000;11101000;000;_;e;10;000111001001000000000000;____;09;035;045;001;-13;038;082;0425532302;;;;;;;;;;;;;;;;;;;;;;;;;;;;;;;;;;;;;;;;;;;;;;;;;;
21:05:01;17;45;9999;059;239;11;111111111111000000000000;000000000000000000000000;11101000;000;_;e;10;010111000011000000000000;____;06;-19;045;-01;-19;004;054;0425531003;;;;;;;;;;;;;;;;;;;;;;;;;;;;;;;;;;;;;;;;;;;;;;;;;;
21:05:03;17;46;9999;078;146;11;111111111111000000000000;000000000000000000000000;11101000;000;_;e;10;000000001100000000000000;____;10;008;063;001;-16;008;004;0425530251;;;;;;;;;;;;;;;;;;;;;;;;;;;;;;;;;;;;;;;;;;;;;;;;;;
21:05:11;17;47;9999;073;754;11;111111111111000000000000;000000000000000000000000;11101000;000;_;e;10;100000001000000000000000;____;01;001;066;031;001;024;012;0425530255;;;;;;;;;;;;;;;;;;;;;;;;;;;;;;;;;;;;;;;;;;;;;;;;;;
21:05:13;17;48;9999;068;144;11;111111111111000000000000;000000000000000000000000;11101000;000;_;e;10;110000000000000000000000;____;01;012;101;006;008;026;025;0425532304;;;;;;;;;;;;;;;;;;;;;;;;;;;;;;;;;;;;;;;;;;;;;;;;;;
21:05:16;17;49;9999;080;175;02;111111111111000000000000;000000000000000000000000;11101000;000;_;e;10;101101001100000000000000;____;04;012;068;029;011;016;041;0425532305;;;;;;;;;;;;;;;;;;;;;;;;;;;;;;;;;;;;;;;;;;;;;;;;;;
21:05:18;17;50;9999;087;158;11;111111111111000000000000;000000000000000000000000;11101000;000;_;e;10;000010000000000000000000;____;05;030;055;040;030;030;002;0425531002;;;;;;;;;;;;;;;;;;;;;;;;;;;;;;;;;;;;;;;;;;;;;;;;;;
21:05:21;17;51;9999;079;154;11;111111111111000000000000;000000000000000000000000;11101000;000;_;e;10;000110001001000000000000;____;05;051;052;021;026;055;053;0425530254;;;;;;;;;;;;;;;;;;;;;;;;;;;;;;;;;;;;;;;;;;;;;;;;;;
21:05:25;17;52;9999;048;156;00;111111111111000000000000;000000000000000000000000;11101000;000;_;e;10;000101000000000000000000;____;06;007;081;005;-02;007;013;0425530256;;;;;;;;;;;;;;;;;;;;;;;;;;;;;;;;;;;;;;;;;;;;;;;;;;
21:05:28;17;53;9999;074;230;11;111111111111000000000000;000000000000000000000000;11101000;000;_;e;10;100101001001000000000000;____;09;047;069;017;026;047;042;0425531004;;;;;;;;;;;;;;;;;;;;;;;;;;;;;;;;;;;;;;;;;;;;;;;;;;
21:05:29;17;54;9999;073;144;11;111111111111000000000000;000000000000000000000000;11010000;000;_;;;;;;;;;;;;;;;;;;;;;;;;;;;;;;;;;;;;;;;;;;;;;;;;;;;;;;;;;;;;;;
21:05:34;17;55;9999;072;154;00;111111111111000000000000;000000000000000000000000;11101000;000;_;e;10;110101001000000000000000;____;04;007;093;006;004;043;059;0425531005;;;;;;;;;;;;;;;;;;;;;;;;;;;;;;;;;;;;;;;;;;;;;;;;;;
21:05:37;17;56;9999;082;241;11;111111111111000000000000;000000000000000000000000;11101000;000;_;e;10;100110000000000000000000;____;01;025;100;018;013;025;019;0425532306;;;;;;;;;;;;;;;;;;;;;;;;;;;;;;;;;;;;;;;;;;;;;;;;;;
21:05:39;17;57;9999;049;143;11;111111111111000000000000;000000000000000000000000;11101000;000;_;e;10;001011001000000000000000;____;09;026;064;007;-12;027;044;0425532308;;;;;;;;;;;;;;;;;;;;;;;;;;;;;;;;;;;;;;;;;;;;;;;;;;
21:05:41;17;58;9999;058;139;11;111111111111000000000000;000000000000000000000000;11101000;000;_;e;10;000111000000000000000000;____;06;-18;046;001;-18;012;018;0425532307;;;;;;;;;;;;;;;;;;;;;;;;;;;;;;;;;;;;;;;;;;;;;;;;;;
21:34:10;17;59;9999;044;999;11;111111111111000000000000;000000000000000000000000;11010000;000;_;;;;;;;;;;;;;;;;;;;;;;;;;;;;;;;;;;;;;;;;;;;;;;;;;;;;;;;;;;;;;;
21:34:12;17;60;9999;073;155;11;111111111111000000000000;000000000000000000000000;11010000;000;_;;;;;;;;;;;;;;;;;;;;;;;;;;;;;;;;;;;;;;;;;;;;;;;;;;;;;;;;;;;;;;
21:34:14;17;61;9999;052;156;11;111111111111000000000000;000000000000000000000000;11101000;000;_;e;10;000011101010000000000000;____;11;037;022;004;037;044;073;0425510895;;;;;;;;;;;;;;;;;;;;;;;;;;;;;;;;;;;;;;;;;;;;;;;;;;
21:34:19;17;62;9999;087;268;11;111111111111000000000000;000000000000000000000000;11101000;000;_;e;10;100100000000000000000000;____;01;022;063;030;020;022;023;0425503255;;;;;;;;;;;;;;;;;;;;;;;;;;;;;;;;;;;;;;;;;;;;;;;;;;
21:34:21;17;63;9999;051;145;11;111111111111000000000000;000000000000000000000000;11101000;000;_;e;10;000011110110000000000000;____;07;020;003;009;012;025;076;0425531900;;;;;;;;;;;;;;;;;;;;;;;;;;;;;;;;;;;;;;;;;;;;;;;;;;
21:34:27;17;64;9999;074;677;11;111111111111000000000000;000000000000000000000000;11101000;000;_;e;10;000100000100000000000000;____;04;033;025;035;025;033;037;0425529804;;;;;;;;;;;;;;;;;;;;;;;;;;;;;;;;;;;;;;;;;;;;;;;;;;
21:34:30;17;65;9999;045;161;11;111111111111000000000000;000000000000000000000000;11101000;000;_;e;10;000011111100000000000000;____;06;-09;018;007;-10;-01;049;0425529805;;;;;;;;;;;;;;;;;;;;;;;;;;;;;;;;;;;;;;;;;;;;;;;;;;
21:34:32;17;66;9999;035;161;11;111111111111000000000000;000000000000000000000000;11101000;000;_;e;10;000011101000000000000000;____;05;-07;013;023;-11;015;056;0425529806;;;;;;;;;;;;;;;;;;;;;;;;;;;;;;;;;;;;;;;;;;;;;;;;;;
21:34:44;17;67;9999;077;999;11;111111111111000000000000;000000000000000000000000;11101000;000;_;e;10;100100000000000000000000;____;01;005;063;022;004;006;037;0425529807;;;;;;;;;;;;;;;;;;;;;;;;;;;;;;;;;;;;;;;;;;;;;;;;;;
21:34:47;17;68;9999;082;239;11;111111111111000000000000;000000000000000000000000;11101000;000;_;e;10;000111001000000000000000;____;05;054;023;019;012;055;068;0425529808;;;;;;;;;;;;;;;;;;;;;;;;;;;;;;;;;;;;;;;;;;;;;;;;;;
21:34:50;17;69;9999;082;180;11;111111111111000000000000;000000000000000000000000;11101000;000;_;e;10;110101000000000000000000;____;02;-04;099;028;-07;021;059;0425529809;;;;;;;;;;;;;;;;;;;;;;;;;;;;;;;;;;;;;;;;;;;;;;;;;;
21:34:52;17;70;9999;065;169;11;111111111111000000000000;000000000000000000000000;11101000;000;_;e;10;000110001010000000000000;____;04;034;019;004;033;039;061;0425531901;;;;;;;;;;;;;;;;;;;;;;;;;;;;;;;;;;;;;;;;;;;;;;;;;;
21:34:54;17;71;9999;070;189;11;111111111111000000000000;000000000000000000000000;11101000;000;_;e;10;110100000000000000000000;____;04;-08;071;004;-09;-06;023;0425531902;;;;;;;;;;;;;;;;;;;;;;;;;;;;;;;;;;;;;;;;;;;;;;;;;;
21:34:57;17;72;9999;051;234;11;111111111111000000000000;000000000000000000000000;11101000;000;_;e;10;000011101000000000000000;____;07;-03;001;016;-06;019;033;0425529810;;;;;;;;;;;;;;;;;;;;;;;;;;;;;;;;;;;;;;;;;;;;;;;;;;
21:36:51;17;73;9999;066;999;11;111111111111000000000000;000000000000000000000000;11101000;000;_;e;10;000111001100000000000000;____;04;000;050;032;-02;003;113;0425529811;;;;;;;;;;;;;;;;;;;;;;;;;;;;;;;;;;;;;;;;;;;;;;;;;;
21:36:54;17;74;9999;060;246;11;111111111111000000000000;000000000000000000000000;11101000;000;_;e;10;000000001000000000000000;____;09;-18;037;024;-18;-18;002;0425529814;;;;;;;;;;;;;;;;;;;;;;;;;;;;;;;;;;;;;;;;;;;;;;;;;;
21:36:56;17;75;9999;068;241;11;111111111111000000000000;000000000000000000000000;11101000;000;_;e;10;000000011000000000000000;____;09;047;014;015;037;049;005;0425529812;;;;;;;;;;;;;;;;;;;;;;;;;;;;;;;;;;;;;;;;;;;;;;;;;;
21:37:02;17;76;9999;045;591;11;111111111111000000000000;000000000000000000000000;11101000;000;_;e;10;000011000000000000000000;____;05;-08;083;020;-08;-07;021;0425531903;;;;;;;;;;;;;;;;;;;;;;;;;;;;;;;;;;;;;;;;;;;;;;;;;;
21:37:10;17;77;9999;081;762;11;111111111111000000000000;000000000000000000000000;11101000;000;_;e;10;000000000100000000000000;____;10;-10;052;000;-10;-10;005;0425529813;;;;;;;;;;;;;;;;;;;;;;;;;;;;;;;;;;;;;;;;;;;;;;;;;;
21:37:45;17;78;9999;056;999;11;111111111111000000000000;000000000000000000000000;11010000;000;_;;;;;;;;;;;;;;;;;;;;;;;;;;;;;;;;;;;;;;;;;;;;;;;;;;;;;;;;;;;;;;
21:38:12;17;79;9999;058;999;11;111111111111000000000000;000000000000000000000000;11101000;000;_;e;10;000010101010000000000000;____;11;040;013;004;034;040;050;0425529816;;;;;;;;;;;;;;;;;;;;;;;;;;;;;;;;;;;;;;;;;;;;;;;;;;
21:38:14;17;80;9999;044;179;11;111111111111000000000000;000000000000000000000000;11101000;000;_;e;10;000010101010000000000000;____;09;017;035;006;015;021;036;0425529817;;;;;;;;;;;;;;;;;;;;;;;;;;;;;;;;;;;;;;;;;;;;;;;;;;
21:38:16;17;81;9999;082;143;11;111111111111000000000000;000000000000000000000000;11001000;000;_;e;10;000111000011000000000000;____;06;-19;019;023;-19;038;062;0425529819;006;037;004;005;028;025;0050120044;;;;;;;;;;;;;;;;;;;;;;;;;;;;;;;;;;;;;;;;;;;
21:38:18;17;82;9999;043;141;11;111111111111000000000000;000000000000000000000000;11101000;000;_;e;10;000010111000000000000000;____;07;002;000;009;001;016;045;0425529818;;;;;;;;;;;;;;;;;;;;;;;;;;;;;;;;;;;;;;;;;;;;;;;;;;
21:38:21;17;83;9999;055;147;04;111111111111000000000000;000000000000000000000000;11101000;000;_;e;10;000011001000000000000000;____;09;033;021;010;030;036;071;0425529820;;;;;;;;;;;;;;;;;;;;;;;;;;;;;;;;;;;;;;;;;;;;;;;;;;
21:38:24;17;84;9999;076;152;04;111111111111000000000000;000000000000000000000000;11101000;000;_;e;10;111100001010000000000000;____;01;034;065;010;010;035;033;0425529821;;;;;;;;;;;;;;;;;;;;;;;;;;;;;;;;;;;;;;;;;;;;;;;;;;
21:38:26;17;85;9999;080;153;11;111111111111000000000000;000000000000000000000000;11010000;000;_;;;;;;;;;;;;;;;;;;;;;;;;;;;;;;;;;;;;;;;;;;;;;;;;;;;;;;;;;;;;;;
21:38:29;17;86;9999;079;196;11;111111111111000000000000;000000000000000000000000;11101000;000;_;e;10;000111001100000000000000;____;06;017;058;022;014;025;052;0425531905;;;;;;;;;;;;;;;;;;;;;;;;;;;;;;;;;;;;;;;;;;;;;;;;;;
21:38:31;17;87;9999;081;045;00;111111111111000000000000;000000000000000000000000;11101000;000;_;e;10;000110000100000000000000;____;05;-02;048;030;-04;010;012;0425531906;;;;;;;;;;;;;;;;;;;;;;;;;;;;;;;;;;;;;;;;;;;;;;;;;;
21:38:35;17;88;9999;057;149;00;111111111111000000000000;000000000000000000000000;11101000;000;_;e;10;000111001000000000000000;____;09;022;017;024;004;026;055;0425531907;;;;;;;;;;;;;;;;;;;;;;;;;;;;;;;;;;;;;;;;;;;;;;;;;;
21:38:37;17;89;9999;082;181;11;111111111111000000000000;000000000000000000000000;11101000;000;_;e;10;001110001000000000000000;____;05;006;048;038;004;081;022;0425531904;;;;;;;;;;;;;;;;;;;;;;;;;;;;;;;;;;;;;;;;;;;;;;;;;;
21:38:40;17;90;9999;059;182;11;111111111111000000000000;000000000000000000000000;11101000;000;_;e;10;000001000010000000000000;____;06;-12;022;021;-20;-12;008;0425531908;;;;;;;;;;;;;;;;;;;;;;;;;;;;;;;;;;;;;;;;;;;;;;;;;;
21:38:42;17;91;9999;086;145;11;111111111111000000000000;000000000000000000000000;11001000;000;_;e;10;000011000011000000000000;____;06;-04;038;021;-13;-03;046;0425531909;034;039;004;012;034;024;0050120111;;;;;;;;;;;;;;;;;;;;;;;;;;;;;;;;;;;;;;;;;;;
21:38:48;17;92;9999;059;331;11;111111111111000000000000;000000000000000000000000;11101000;000;_;e;10;000001110010000000000000;____;06;-17;034;-02;-18;016;078;0425531910;;;;;;;;;;;;;;;;;;;;;;;;;;;;;;;;;;;;;;;;;;;;;;;;;;
21:38:52;17;93;9999;064;343;11;111111111111000000000000;000000000000000000000000;11101000;000;_;e;10;000000100000000000000000;____;07;014;-01;008;014;014;038;0425531911;;;;;;;;;;;;;;;;;;;;;;;;;;;;;;;;;;;;;;;;;;;;;;;;;;
21:38:54;17;94;9999;082;230;11;111111111111000000000000;000000000000000000000000;11101000;000;_;e;10;000111000000000000000000;____;05;030;023;003;025;031;059;0425531913;;;;;;;;;;;;;;;;;;;;;;;;;;;;;;;;;;;;;;;;;;;;;;;;;;
21:38:56;17;95;9999;055;153;11;111111111111000000000000;000000000000000000000000;11101000;000;_;e;10;000011101000000000000000;____;05;014;007;011;002;014;058;0425531912;;;;;;;;;;;;;;;;;;;;;;;;;;;;;;;;;;;;;;;;;;;;;;;;;;
