RDT400 Server V3.30
Site: 
System: Barcode scanner PLC02 (Sick); System type: OPS
Date: 26-12-2024  00:00:22
Date    ;ID;CT;IDX ;TLE;TGA;V ;DEVICE LIST             ;ERROR LIST              ;OUTPUT  ;ENR;R;CODE1 ID;LENGTH;READ LIST;RES;CLV ID;XPOS;YPOS;ZPOS;XMIN;XMAX;CS;CODE CONTENT;XPOS;YPOS;ZPOS;XMIN;XMAX;CS;CODE CONTENT;CODE2 ID;LENGTH;READ LIST;RES;CLV ID;XPOS;YPOS;ZPOS;XMIN;XMAX;CS;CODE CONTENT;XPOS;YPOS;ZPOS;XMIN;XMAX;CS;CODE CONTENT;CODE3 ID;LENGTH;READ LIST;RES;CLV ID;XPOS;YPOS;ZPOS;XMIN;XMAX;CS;CODE CONTENT;XPOS;YPOS;ZPOS;XMIN;XMAX;CS;CODE CONTENT;INFO1;INFO2;CUSTOM1;CUSTOM2;
04:30:17;12;49;9999;058;999;09;111111111111000000000000;000000000000000000000000;11101000;000;_;e;10;000101001100000000000000;____;06;014;076;024;012;036;029;0425678125;;;;;;;;;;;;;;;;;;;;;;;;;;;;;;;;;;;;;;;;;;;;;;;;;;
04:33:41;12;50;9999;073;999;09;111111111111000000000000;000000000000000000000000;11101000;000;_;e;10;001111001100000000000000;____;03;040;063;027;038;059;138;0425663641;;;;;;;;;;;;;;;;;;;;;;;;;;;;;;;;;;;;;;;;;;;;;;;;;;
04:34:37;12;51;9999;075;999;08;111111111111000000000000;000000000000000000000000;11101000;000;_;e;10;101100110100000000000000;____;07;043;041;024;039;047;107;0425663639;;;;;;;;;;;;;;;;;;;;;;;;;;;;;;;;;;;;;;;;;;;;;;;;;;
04:36:54;12;52;9999;074;999;09;111111111111000000000000;000000000000000000000000;11101000;000;_;e;10;000111111100000000000000;____;08;049;058;042;030;049;069;0425663651;;;;;;;;;;;;;;;;;;;;;;;;;;;;;;;;;;;;;;;;;;;;;;;;;;
04:53:07;12;53;9999;054;999;09;111111111111000000000000;000000000000000000000000;11101000;000;_;e;10;110100000000000000000000;____;02;032;100;006;028;035;060;0425676164;;;;;;;;;;;;;;;;;;;;;;;;;;;;;;;;;;;;;;;;;;;;;;;;;;
04:56:19;12;54;9999;078;999;09;111111111111000000000000;000000000000000000000000;11101000;000;_;e;10;010010001100000000000000;____;02;-01;092;008;-01;054;020;0425676167;;;;;;;;;;;;;;;;;;;;;;;;;;;;;;;;;;;;;;;;;;;;;;;;;;
04:56:45;12;55;9999;075;999;09;111111111111000000000000;000000000000000000000000;11101000;000;_;e;10;101100000000000000000000;____;03;033;082;038;029;035;062;0425678017;;;;;;;;;;;;;;;;;;;;;;;;;;;;;;;;;;;;;;;;;;;;;;;;;;
04:58:10;12;56;9999;075;999;08;111111111111000000000000;000000000000000000000000;11010000;000;_;;;;;;;;;;;;;;;;;;;;;;;;;;;;;;;;;;;;;;;;;;;;;;;;;;;;;;;;;;;;;;
04:58:53;12;57;9999;074;999;08;111111111111000000000000;000000000000000000000000;11101000;000;_;e;10;001111010100000000000000;____;04;037;073;027;019;038;063;0425678019;;;;;;;;;;;;;;;;;;;;;;;;;;;;;;;;;;;;;;;;;;;;;;;;;;
05:00:06;12;58;9999;074;999;09;111111111111000000000000;000000000000000000000000;11101000;000;_;e;10;001111001100000000000000;____;04;042;059;046;033;043;101;0425678020;;;;;;;;;;;;;;;;;;;;;;;;;;;;;;;;;;;;;;;;;;;;;;;;;;
05:05:55;12;59;9999;071;999;09;111111111111000000000000;000000000000000000000000;11101000;000;_;e;10;001111001100000000000000;____;04;015;077;010;-05;016;079;0425678130;;;;;;;;;;;;;;;;;;;;;;;;;;;;;;;;;;;;;;;;;;;;;;;;;;
05:07:41;12;60;9999;076;999;09;111111111111000000000000;000000000000000000000000;11101000;000;_;e;10;000111001100000000000000;____;05;048;063;027;040;063;139;0425678026;;;;;;;;;;;;;;;;;;;;;;;;;;;;;;;;;;;;;;;;;;;;;;;;;;
05:14:04;12;61;9999;080;999;08;111111111111000000000000;000000000000000000000000;11101000;000;_;e;10;110011001100000000000000;____;01;037;100;016;016;046;068;0425663660;;;;;;;;;;;;;;;;;;;;;;;;;;;;;;;;;;;;;;;;;;;;;;;;;;
05:19:55;12;62;9999;070;999;09;111111111111000000000000;000000000000000000000000;11101000;000;_;e;10;101110001101000000000000;____;10;010;084;011;-02;032;131;0425678135;;;;;;;;;;;;;;;;;;;;;;;;;;;;;;;;;;;;;;;;;;;;;;;;;;
05:20:03;12;63;9999;076;626;09;111111111111000000000000;000000000000000000000000;11101000;000;_;e;10;101000000000000000000000;____;03;031;089;032;015;031;061;0425678136;;;;;;;;;;;;;;;;;;;;;;;;;;;;;;;;;;;;;;;;;;;;;;;;;;
05:20:07;12;64;9999;071;234;09;111111111111000000000000;000000000000000000000000;11101000;000;_;e;10;110000000000000000000000;____;01;051;092;007;041;053;032;0425675961;;;;;;;;;;;;;;;;;;;;;;;;;;;;;;;;;;;;;;;;;;;;;;;;;;
05:22:32;12;65;9999;073;999;09;111111111111000000000000;000000000000000000000000;11101000;000;_;e;10;101011100000000000000000;____;06;025;054;028;023;027;049;0425678138;;;;;;;;;;;;;;;;;;;;;;;;;;;;;;;;;;;;;;;;;;;;;;;;;;
05:22:36;12;66;9999;070;262;09;111111111111000000000000;000000000000000000000000;11101000;000;_;e;10;001110000100000000000000;____;05;-02;066;022;-02;018;121;0425678137;;;;;;;;;;;;;;;;;;;;;;;;;;;;;;;;;;;;;;;;;;;;;;;;;;
05:23:15;12;67;9999;079;999;09;111111111111000000000000;000000000000000000000000;11101000;000;_;e;10;001111001000000000000000;____;05;050;051;013;049;054;083;0425678139;;;;;;;;;;;;;;;;;;;;;;;;;;;;;;;;;;;;;;;;;;;;;;;;;;
05:26:09;12;68;9999;074;999;09;111111111111000000000000;000000000000000000000000;11101000;000;_;e;10;001111001100000000000000;____;04;044;067;031;010;048;109;0425678140;;;;;;;;;;;;;;;;;;;;;;;;;;;;;;;;;;;;;;;;;;;;;;;;;;
05:27:34;12;69;9999;077;999;09;111111111111000000000000;000000000000000000000000;11101000;000;_;e;10;000110010100000000000000;____;10;002;067;019;001;029;050;0425678142;;;;;;;;;;;;;;;;;;;;;;;;;;;;;;;;;;;;;;;;;;;;;;;;;;
05:27:52;12;70;9999;054;999;09;111111111111000000000000;000000000000000000000000;11101000;000;_;e;10;000100001101000000000000;____;10;-06;074;014;-06;010;023;0425678143;;;;;;;;;;;;;;;;;;;;;;;;;;;;;;;;;;;;;;;;;;;;;;;;;;
05:28:59;12;71;9999;061;999;09;111111111111000000000000;000000000000000000000000;11101000;000;_;e;10;010110010100000000000000;____;04;002;073;017;-01;020;066;0425678144;;;;;;;;;;;;;;;;;;;;;;;;;;;;;;;;;;;;;;;;;;;;;;;;;;
05:29:56;12;72;9999;076;999;09;111111111111000000000000;000000000000000000000000;11101000;000;_;e;10;000011100000000000000000;____;06;027;054;017;023;032;039;0425678145;;;;;;;;;;;;;;;;;;;;;;;;;;;;;;;;;;;;;;;;;;;;;;;;;;
05:34:19;12;73;9999;056;999;09;111111111111000000000000;000000000000000000000000;11101000;000;_;e;10;100000000000000000000000;____;01;036;101;016;036;038;023;0425678146;;;;;;;;;;;;;;;;;;;;;;;;;;;;;;;;;;;;;;;;;;;;;;;;;;
05:34:36;12;74;9999;078;999;09;111111111111000000000000;000000000000000000000000;11101000;000;_;e;10;001111001100000000000000;____;04;038;074;039;034;046;088;0425663665;;;;;;;;;;;;;;;;;;;;;;;;;;;;;;;;;;;;;;;;;;;;;;;;;;
05:37:30;12;75;9999;064;999;09;111111111111000000000000;000000000000000000000000;11101000;000;_;e;10;110000000100000000000000;____;02;039;099;013;006;040;040;0425663667;;;;;;;;;;;;;;;;;;;;;;;;;;;;;;;;;;;;;;;;;;;;;;;;;;
05:37:53;12;76;9999;074;999;09;111111111111000000000000;000000000000000000000000;11101000;000;_;e;10;000001110000000000000000;____;08;037;041;023;035;041;071;0425678147;;;;;;;;;;;;;;;;;;;;;;;;;;;;;;;;;;;;;;;;;;;;;;;;;;
05:39:56;12;77;9999;074;999;09;111111111111000000000000;000000000000000000000000;11101000;000;_;e;10;101110011100000000000000;____;05;039;060;032;033;042;089;0425676179;;;;;;;;;;;;;;;;;;;;;;;;;;;;;;;;;;;;;;;;;;;;;;;;;;
05:46:02;12;78;9999;074;999;09;111111111111000000000000;000000000000000000000000;11101000;000;_;e;10;111100000000000000000000;____;04;033;077;029;032;056;059;0425663669;;;;;;;;;;;;;;;;;;;;;;;;;;;;;;;;;;;;;;;;;;;;;;;;;;
05:46:07;12;79;9999;064;264;02;111111111111000000000000;000000000000000000000000;11101000;000;_;e;10;000100001100000000000000;____;04;-03;077;024;-16;-01;075;0425676185;;;;;;;;;;;;;;;;;;;;;;;;;;;;;;;;;;;;;;;;;;;;;;;;;;
05:46:53;12;80;9999;056;999;09;111111111111000000000000;000000000000000000000000;11101000;000;_;e;10;010000000101000000000000;____;10;-03;078;015;-03;011;031;0425676187;;;;;;;;;;;;;;;;;;;;;;;;;;;;;;;;;;;;;;;;;;;;;;;;;;
05:48:14;12;81;9999;057;999;09;111111111111000000000000;000000000000000000000000;11101000;000;_;e;10;001111001110000000000000;____;04;027;050;003;-01;028;046;0425675970;;;;;;;;;;;;;;;;;;;;;;;;;;;;;;;;;;;;;;;;;;;;;;;;;;
05:48:23;12;82;9999;074;671;09;111111111111000000000000;000000000000000000000000;11101000;000;_;e;10;001100000000000000000000;____;04;007;076;002;007;010;064;0425676190;;;;;;;;;;;;;;;;;;;;;;;;;;;;;;;;;;;;;;;;;;;;;;;;;;
05:48:27;12;83;9999;071;268;09;111111111111000000000000;000000000000000000000000;11101000;000;_;e;10;100000000000000000000000;____;01;043;100;022;042;043;011;0425664349;;;;;;;;;;;;;;;;;;;;;;;;;;;;;;;;;;;;;;;;;;;;;;;;;;
05:50:26;12;84;9999;053;999;09;111111111111000000000000;000000000000000000000000;11001000;000;_;e;10;011111010101000000000000;____;10;-09;085;005;-10;013;122;0425676191;012;077;004;012;025;008;0555971728;;;;;;;;;;;;;;;;;;;;;;;;;;;;;;;;;;;;;;;;;;;
05:50:48;12;85;9999;067;999;09;111111111111000000000000;000000000000000000000000;11101000;000;_;e;10;101000001101000000000000;____;09;061;081;005;035;061;080;0425676192;;;;;;;;;;;;;;;;;;;;;;;;;;;;;;;;;;;;;;;;;;;;;;;;;;
05:51:10;12;86;9999;076;999;09;111111111111000000000000;000000000000000000000000;11101000;000;_;e;10;001010001100000000000000;____;10;037;061;029;010;038;027;0425677953;;;;;;;;;;;;;;;;;;;;;;;;;;;;;;;;;;;;;;;;;;;;;;;;;;
05:51:18;12;87;9999;073;623;09;111111111111000000000000;000000000000000000000000;11101000;000;_;e;10;001111001101000000000000;____;03;-06;066;013;-07;001;215;0425664350;;;;;;;;;;;;;;;;;;;;;;;;;;;;;;;;;;;;;;;;;;;;;;;;;;
05:52:47;12;88;9999;067;999;09;111111111111000000000000;000000000000000000000000;11101000;000;_;e;10;110000000100000000000000;____;01;034;098;013;001;036;029;0425665153;;;;;;;;;;;;;;;;;;;;;;;;;;;;;;;;;;;;;;;;;;;;;;;;;;
05:53:08;12;89;9999;060;999;09;111111111111000000000000;000000000000000000000000;11101000;000;_;e;10;011001000000000000000000;____;02;017;096;007;016;021;016;0425675972;;;;;;;;;;;;;;;;;;;;;;;;;;;;;;;;;;;;;;;;;;;;;;;;;;
05:53:12;12;90;9999;074;325;09;111111111111000000000000;000000000000000000000000;11101000;000;_;e;10;111001000000000000000000;____;01;045;095;021;045;054;084;0425675971;;;;;;;;;;;;;;;;;;;;;;;;;;;;;;;;;;;;;;;;;;;;;;;;;;
05:53:59;12;91;9999;065;999;09;111111111111000000000000;000000000000000000000000;11101000;000;_;e;10;101101001101000000000000;____;09;062;083;008;010;062;121;0425675973;;;;;;;;;;;;;;;;;;;;;;;;;;;;;;;;;;;;;;;;;;;;;;;;;;
05:56:24;12;92;9999;080;999;09;111111111111000000000000;000000000000000000000000;11101000;000;_;e;10;001100001100000000000000;____;03;038;101;031;033;043;045;0425676194;;;;;;;;;;;;;;;;;;;;;;;;;;;;;;;;;;;;;;;;;;;;;;;;;;
05:57:15;12;93;9999;058;999;09;111111111111000000000000;000000000000000000000000;11101000;000;_;e;10;000000101011000000000000;____;12;035;055;004;017;049;036;0425676195;;;;;;;;;;;;;;;;;;;;;;;;;;;;;;;;;;;;;;;;;;;;;;;;;;
06:00:05;12;94;9999;074;999;09;111111111111000000000000;000000000000000000000000;11101000;000;_;e;10;110100000100000000000000;____;01;037;102;007;008;038;043;0425677875;;;;;;;;;;;;;;;;;;;;;;;;;;;;;;;;;;;;;;;;;;;;;;;;;;
06:00:19;12;95;9999;073;999;08;111111111111000000000000;000000000000000000000000;11101000;000;_;e;10;110100000000000000000000;____;01;039;103;010;015;039;057;0425677956;;;;;;;;;;;;;;;;;;;;;;;;;;;;;;;;;;;;;;;;;;;;;;;;;;
06:00:27;12;96;9999;075;607;09;111111111111000000000000;000000000000000000000000;11101000;000;_;e;10;110000000100000000000000;____;01;040;098;012;001;042;055;0425676197;;;;;;;;;;;;;;;;;;;;;;;;;;;;;;;;;;;;;;;;;;;;;;;;;;
06:01:14;12;97;9999;070;999;09;111111111111000000000000;000000000000000000000000;11101000;000;_;e;10;000010110010000000000000;____;05;036;036;014;035;039;075;0425677957;;;;;;;;;;;;;;;;;;;;;;;;;;;;;;;;;;;;;;;;;;;;;;;;;;
06:03:39;12;98;9999;055;999;09;111111111111000000000000;000000000000000000000000;11101000;000;_;e;10;001101001101000000000000;____;10;-05;084;014;-09;000;115;0425677958;;;;;;;;;;;;;;;;;;;;;;;;;;;;;;;;;;;;;;;;;;;;;;;;;;
06:05:55;12;99;9999;042;999;09;111111111111000000000000;000000000000000000000000;11101000;000;_;e;10;110000000000000000000000;____;01;032;101;009;028;032;074;0425675983;;;;;;;;;;;;;;;;;;;;;;;;;;;;;;;;;;;;;;;;;;;;;;;;;;
06:07:09;12;01;9999;070;999;08;111111111111000000000000;000000000000000000000000;11101000;000;_;e;10;001100001000000000000000;____;04;032;078;045;029;035;037;0425678157;;;;;;;;;;;;;;;;;;;;;;;;;;;;;;;;;;;;;;;;;;;;;;;;;;
06:07:13;12;02;9999;074;281;09;111111111111000000000000;000000000000000000000000;11001000;000;_;e;10;001111001101000000000000;____;06;039;060;029;011;053;067;0425676198;054;067;004;014;054;025;0050119315;;;;;;;;;;;;;;;;;;;;;;;;;;;;;;;;;;;;;;;;;;;
06:08:08;12;03;9999;056;999;09;111111111111000000000000;000000000000000000000000;11101000;000;_;e;10;110000110000000000000000;____;02;-07;087;021;-14;-04;089;0425664355;;;;;;;;;;;;;;;;;;;;;;;;;;;;;;;;;;;;;;;;;;;;;;;;;;
06:09:33;12;04;9999;076;999;08;111111111111000000000000;000000000000000000000000;11101000;000;_;e;10;110000000000000000000000;____;02;042;100;015;042;056;015;0425675982;;;;;;;;;;;;;;;;;;;;;;;;;;;;;;;;;;;;;;;;;;;;;;;;;;
06:10:37;12;05;9999;075;999;09;111111111111000000000000;000000000000000000000000;11010000;000;_;;;;;;;;;;;;;;;;;;;;;;;;;;;;;;;;;;;;;;;;;;;;;;;;;;;;;;;;;;;;;;
06:10:58;12;06;9999;076;999;09;111111111111000000000000;000000000000000000000000;11101000;000;_;e;10;001111000000000000000000;____;04;038;076;027;033;038;052;0425664358;;;;;;;;;;;;;;;;;;;;;;;;;;;;;;;;;;;;;;;;;;;;;;;;;;
06:11:06;12;07;9999;075;638;09;111111111111000000000000;000000000000000000000000;11101000;000;_;e;10;001101001100000000000000;____;04;047;071;031;043;049;127;0425678159;;;;;;;;;;;;;;;;;;;;;;;;;;;;;;;;;;;;;;;;;;;;;;;;;;
06:11:53;12;08;9999;060;999;09;111111111111000000000000;000000000000000000000000;11101000;000;_;e;10;111000000000000000000000;____;01;029;102;010;012;030;034;0425664362;;;;;;;;;;;;;;;;;;;;;;;;;;;;;;;;;;;;;;;;;;;;;;;;;;
06:13:49;12;09;9999;075;999;09;111111111111000000000000;000000000000000000000000;11101000;000;_;e;10;001110001100000000000000;____;04;017;073;005;014;052;086;0425678161;;;;;;;;;;;;;;;;;;;;;;;;;;;;;;;;;;;;;;;;;;;;;;;;;;
06:14:14;12;10;9999;074;999;09;111111111111000000000000;000000000000000000000000;11101000;000;_;e;10;111101000000000000000000;____;03;038;081;026;034;038;034;0425675988;;;;;;;;;;;;;;;;;;;;;;;;;;;;;;;;;;;;;;;;;;;;;;;;;;
06:15:36;12;11;9999;076;999;09;111111111111000000000000;000000000000000000000000;11101000;000;_;e;10;000110000000000000000000;____;04;074;062;005;071;075;063;0425664360;;;;;;;;;;;;;;;;;;;;;;;;;;;;;;;;;;;;;;;;;;;;;;;;;;
06:17:04;12;12;9999;075;999;09;111111111111000000000000;000000000000000000000000;11101000;000;_;e;10;001000001100000000000000;____;10;020;066;013;019;041;033;0425678166;;;;;;;;;;;;;;;;;;;;;;;;;;;;;;;;;;;;;;;;;;;;;;;;;;
06:17:22;12;13;9999;060;999;09;111111111111000000000000;000000000000000000000000;11101000;000;_;e;10;000000000101000000000000;____;10;002;082;013;001;010;042;0425664296;;;;;;;;;;;;;;;;;;;;;;;;;;;;;;;;;;;;;;;;;;;;;;;;;;
06:18:13;12;14;9999;078;999;09;111111111111000000000000;000000000000000000000000;11101000;000;_;e;10;111110001111000000000000;____;10;090;071;008;041;095;138;0425675990;;;;;;;;;;;;;;;;;;;;;;;;;;;;;;;;;;;;;;;;;;;;;;;;;;
06:18:48;12;15;9999;076;999;09;111111111111000000000000;000000000000000000000000;11101000;000;_;e;10;001111111100000000000000;____;04;049;060;044;027;052;077;0425675991;;;;;;;;;;;;;;;;;;;;;;;;;;;;;;;;;;;;;;;;;;;;;;;;;;
06:19:08;12;16;9999;062;999;09;111111111111000000000000;000000000000000000000000;11101000;000;_;e;10;000000110000000000000000;____;07;009;043;037;000;009;011;0425675993;;;;;;;;;;;;;;;;;;;;;;;;;;;;;;;;;;;;;;;;;;;;;;;;;;
06:20:16;12;17;9999;076;999;09;111111111111000000000000;000000000000000000000000;11101000;000;_;e;10;001111001100000000000000;____;10;048;075;035;043;050;099;0425677880;;;;;;;;;;;;;;;;;;;;;;;;;;;;;;;;;;;;;;;;;;;;;;;;;;
06:21:42;12;18;9999;075;999;09;111111111111000000000000;000000000000000000000000;11101000;000;_;e;10;001111000100000000000000;____;05;035;073;024;034;061;082;0425678168;;;;;;;;;;;;;;;;;;;;;;;;;;;;;;;;;;;;;;;;;;;;;;;;;;
06:21:49;12;19;9999;054;580;09;111111111111000000000000;000000000000000000000000;11101000;000;_;e;10;000000001101000000000000;____;10;-03;087;005;-07;025;047;0425678169;;;;;;;;;;;;;;;;;;;;;;;;;;;;;;;;;;;;;;;;;;;;;;;;;;
06:22:50;12;20;9999;076;999;09;111111111111000000000000;000000000000000000000000;11101000;000;_;e;10;101111000000000000000000;____;03;033;077;025;031;036;052;0425664299;;;;;;;;;;;;;;;;;;;;;;;;;;;;;;;;;;;;;;;;;;;;;;;;;;
06:22:54;12;21;9999;073;277;09;111111111111000000000000;000000000000000000000000;11101000;000;_;e;10;001111000100000000000000;____;06;029;055;039;028;032;065;0425665155;;;;;;;;;;;;;;;;;;;;;;;;;;;;;;;;;;;;;;;;;;;;;;;;;;
06:24:44;12;22;9999;074;999;09;111111111111000000000000;000000000000000000000000;11101000;000;_;e;10;001100001100000000000000;____;03;042;080;031;041;044;069;0425678170;;;;;;;;;;;;;;;;;;;;;;;;;;;;;;;;;;;;;;;;;;;;;;;;;;
06:25:10;12;23;9999;069;999;09;111111111111000000000000;000000000000000000000000;11101000;000;_;e;10;010101000100000000000000;____;10;001;074;014;-01;019;046;0425677967;;;;;;;;;;;;;;;;;;;;;;;;;;;;;;;;;;;;;;;;;;;;;;;;;;
06:25:14;12;24;9999;058;262;09;111111111111000000000000;000000000000000000000000;11101000;000;_;e;10;110010100100000000000000;____;01;027;090;024;008;040;083;0425677772;;;;;;;;;;;;;;;;;;;;;;;;;;;;;;;;;;;;;;;;;;;;;;;;;;
06:27:14;12;25;9999;074;999;09;111111111111000000000000;000000000000000000000000;11101000;000;_;e;10;001101001100000000000000;____;04;029;074;030;026;032;103;0425677882;;;;;;;;;;;;;;;;;;;;;;;;;;;;;;;;;;;;;;;;;;;;;;;;;;
06:28:36;12;26;9999;075;999;09;111111111111000000000000;000000000000000000000000;11101000;000;_;e;10;000011100100000000000000;____;07;028;050;034;022;040;057;0425664364;;;;;;;;;;;;;;;;;;;;;;;;;;;;;;;;;;;;;;;;;;;;;;;;;;
06:29:48;12;27;9999;074;999;09;111111111111000000000000;000000000000000000000000;11101000;000;_;e;10;000010111000000000000000;____;05;049;043;032;046;052;027;0425664365;;;;;;;;;;;;;;;;;;;;;;;;;;;;;;;;;;;;;;;;;;;;;;;;;;
06:30:34;12;28;9999;075;999;09;111111111111000000000000;000000000000000000000000;11101000;000;_;e;10;001111000100000000000000;____;06;040;055;037;039;043;053;0425665157;;;;;;;;;;;;;;;;;;;;;;;;;;;;;;;;;;;;;;;;;;;;;;;;;;
06:32:25;12;29;9999;056;999;09;111111111111000000000000;000000000000000000000000;11101000;000;_;e;10;001111001101000000000000;____;10;061;076;026;027;065;153;0425677885;;;;;;;;;;;;;;;;;;;;;;;;;;;;;;;;;;;;;;;;;;;;;;;;;;
06:33:16;12;30;9999;083;999;09;111111111111000000000000;000000000000000000000000;11101000;000;_;e;10;001111001101000000000000;____;03;080;068;029;077;084;210;0425677887;;;;;;;;;;;;;;;;;;;;;;;;;;;;;;;;;;;;;;;;;;;;;;;;;;
06:33:43;12;31;9999;080;999;09;111111111111000000000000;000000000000000000000000;11101000;000;_;e;10;000110001100000000000000;____;09;037;044;039;030;042;057;0425677888;;;;;;;;;;;;;;;;;;;;;;;;;;;;;;;;;;;;;;;;;;;;;;;;;;
06:33:55;12;32;9999;075;954;09;111111111111000000000000;000000000000000000000000;11101000;000;_;e;10;001100000100000000000000;____;03;031;074;045;017;033;046;0425677883;;;;;;;;;;;;;;;;;;;;;;;;;;;;;;;;;;;;;;;;;;;;;;;;;;
06:34:07;12;33;9999;080;980;09;111111111111000000000000;000000000000000000000000;11101000;000;_;e;10;111100000100000000000000;____;04;043;099;030;029;045;099;0425677889;;;;;;;;;;;;;;;;;;;;;;;;;;;;;;;;;;;;;;;;;;;;;;;;;;
06:34:20;12;34;9999;076;999;09;111111111111000000000000;000000000000000000000000;11101000;000;_;e;10;111100001100000000000000;____;10;049;072;033;036;052;090;0425677969;;;;;;;;;;;;;;;;;;;;;;;;;;;;;;;;;;;;;;;;;;;;;;;;;;
06:34:38;12;35;9999;056;999;09;111111111111000000000000;000000000000000000000000;11101000;000;_;e;10;011111000000000000000000;____;03;023;086;041;018;027;049;0425664368;;;;;;;;;;;;;;;;;;;;;;;;;;;;;;;;;;;;;;;;;;;;;;;;;;
06:39:52;12;36;9999;065;999;09;111111111111000000000000;000000000000000000000000;11101000;000;_;e;10;010100011000000000000000;____;02;012;099;033;-04;027;011;0425677894;;;;;;;;;;;;;;;;;;;;;;;;;;;;;;;;;;;;;;;;;;;;;;;;;;
06:40:47;12;37;9999;066;999;09;111111111111000000000000;000000000000000000000000;11101000;000;_;e;10;110000000000000000000000;____;01;038;101;011;036;040;061;0425678176;;;;;;;;;;;;;;;;;;;;;;;;;;;;;;;;;;;;;;;;;;;;;;;;;;
06:45:16;12;38;9999;069;999;09;111111111111000000000000;000000000000000000000000;11101000;000;_;e;10;110000000100000000000000;____;01;037;101;014;-03;037;038;0425678048;;;;;;;;;;;;;;;;;;;;;;;;;;;;;;;;;;;;;;;;;;;;;;;;;;
06:46:25;12;39;9999;076;999;09;111111111111000000000000;000000000000000000000000;11101000;000;_;e;10;110000000100000000000000;____;01;040;098;012;003;041;032;0425665164;;;;;;;;;;;;;;;;;;;;;;;;;;;;;;;;;;;;;;;;;;;;;;;;;;
06:48:36;12;40;9999;056;999;09;111111111111000000000000;000000000000000000000000;11101000;000;_;e;10;000110001100000000000000;____;10;001;078;017;-05;011;046;0425665168;;;;;;;;;;;;;;;;;;;;;;;;;;;;;;;;;;;;;;;;;;;;;;;;;;
06:50:14;12;41;9999;060;999;09;111111111111000000000000;000000000000000000000000;11101000;000;_;e;10;100000000100000000000000;____;01;034;101;014;004;034;035;0425678050;;;;;;;;;;;;;;;;;;;;;;;;;;;;;;;;;;;;;;;;;;;;;;;;;;
06:53:13;12;42;9999;075;999;09;111111111111000000000000;000000000000000000000000;11101000;000;_;e;10;110000000000000000000000;____;01;041;101;013;040;045;042;0425676071;;;;;;;;;;;;;;;;;;;;;;;;;;;;;;;;;;;;;;;;;;;;;;;;;;
06:54:08;12;43;9999;079;999;09;111111111111000000000000;000000000000000000000000;11101000;000;_;e;10;111100001100000000000000;____;04;049;079;040;024;063;096;0425676072;;;;;;;;;;;;;;;;;;;;;;;;;;;;;;;;;;;;;;;;;;;;;;;;;;
06:55:09;12;44;9999;074;999;09;111111111111000000000000;000000000000000000000000;11101000;000;_;e;10;111110000000000000000000;____;04;042;080;023;028;043;075;0425676073;;;;;;;;;;;;;;;;;;;;;;;;;;;;;;;;;;;;;;;;;;;;;;;;;;
06:56:47;12;45;9999;056;999;09;111111111111000000000000;000000000000000000000000;11101000;000;_;e;10;110000000100000000000000;____;02;026;102;013;003;028;041;0425677897;;;;;;;;;;;;;;;;;;;;;;;;;;;;;;;;;;;;;;;;;;;;;;;;;;
07:00:27;12;46;9999;075;999;09;111111111111000000000000;000000000000000000000000;11101000;000;_;e;10;001111001100000000000000;____;04;049;061;032;019;050;105;0425678052;;;;;;;;;;;;;;;;;;;;;;;;;;;;;;;;;;;;;;;;;;;;;;;;;;
07:01:54;12;47;9999;078;999;09;111111111111000000000000;000000000000000000000000;11101000;000;_;e;10;000000000101000000000000;____;10;-04;072;015;-04;004;047;0425676074;;;;;;;;;;;;;;;;;;;;;;;;;;;;;;;;;;;;;;;;;;;;;;;;;;
07:07:09;12;48;9999;078;999;08;111111111111000000000000;000000000000000000000000;11101000;000;_;e;10;110000000000000000000000;____;01;056;100;020;056;057;041;0425677975;;;;;;;;;;;;;;;;;;;;;;;;;;;;;;;;;;;;;;;;;;;;;;;;;;
07:08:47;12;49;9999;076;999;09;111111111111000000000000;000000000000000000000000;11101000;000;_;e;10;001101000100000000000000;____;03;047;077;034;044;052;075;0425676076;;;;;;;;;;;;;;;;;;;;;;;;;;;;;;;;;;;;;;;;;;;;;;;;;;
07:13:37;12;50;9999;060;999;09;111111111111000000000000;000000000000000000000000;11101000;000;_;e;10;011100001000000000000000;____;03;025;088;040;025;030;039;0425677652;;;;;;;;;;;;;;;;;;;;;;;;;;;;;;;;;;;;;;;;;;;;;;;;;;
07:18:09;12;51;9999;069;999;09;111111111111000000000000;000000000000000000000000;11101000;000;_;e;10;100000000100000000000000;____;01;015;099;028;000;015;007;0425665176;;;;;;;;;;;;;;;;;;;;;;;;;;;;;;;;;;;;;;;;;;;;;;;;;;
07:37:07;12;52;9999;054;999;09;111111111111000000000000;000000000000000000000000;11101000;000;_;e;10;001001000100000000000000;____;10;002;075;003;002;011;011;0425680614;;;;;;;;;;;;;;;;;;;;;;;;;;;;;;;;;;;;;;;;;;;;;;;;;;
07:37:34;12;53;9999;074;999;09;111111111111000000000000;000000000000000000000000;11101000;000;_;e;10;101100000100000000000000;____;03;051;091;026;034;052;032;0425665181;;;;;;;;;;;;;;;;;;;;;;;;;;;;;;;;;;;;;;;;;;;;;;;;;;
07:38:29;12;54;9999;056;999;09;111111111111000000000000;000000000000000000000000;11101000;000;_;e;10;000000001100000000000000;____;10;-04;075;017;-04;031;059;0425677664;;;;;;;;;;;;;;;;;;;;;;;;;;;;;;;;;;;;;;;;;;;;;;;;;;
07:46:35;12;55;9999;082;999;09;111111111111000000000000;000000000000000000000000;11101000;000;_;e;10;110000001000000000000000;____;01;044;096;019;044;061;062;0425680907;;;;;;;;;;;;;;;;;;;;;;;;;;;;;;;;;;;;;;;;;;;;;;;;;;
07:48:10;12;56;9999;071;999;09;111111111111000000000000;000000000000000000000000;11101000;000;_;e;10;001111001101000000000000;____;10;-07;071;018;-16;-03;109;0425665184;;;;;;;;;;;;;;;;;;;;;;;;;;;;;;;;;;;;;;;;;;;;;;;;;;
07:48:35;12;57;9999;076;999;09;111111111111000000000000;000000000000000000000000;11101000;000;_;e;10;101111000000000000000000;____;03;041;068;035;033;043;067;0425680908;;;;;;;;;;;;;;;;;;;;;;;;;;;;;;;;;;;;;;;;;;;;;;;;;;
08:05:01;12;58;9999;077;999;09;111111111111000000000000;000000000000000000000000;11101000;000;_;e;10;101111101100000000000000;____;10;042;069;049;021;047;116;0425680912;;;;;;;;;;;;;;;;;;;;;;;;;;;;;;;;;;;;;;;;;;;;;;;;;;
08:05:30;12;59;9999;074;999;09;111111111111000000000000;000000000000000000000000;11101000;000;_;e;10;110111000000000000000000;____;04;048;079;031;031;049;053;0425677683;;;;;;;;;;;;;;;;;;;;;;;;;;;;;;;;;;;;;;;;;;;;;;;;;;
08:35:00;12;60;9999;063;999;09;111111111111000000000000;000000000000000000000000;11101000;000;_;e;10;110000001100000000000000;____;10;-03;064;012;-03;014;114;0425680825;;;;;;;;;;;;;;;;;;;;;;;;;;;;;;;;;;;;;;;;;;;;;;;;;;
08:38:28;12;61;9999;056;999;09;111111111111000000000000;000000000000000000000000;11101000;000;_;e;10;000000001101000000000000;____;12;002;076;004;002;027;013;0425677699;;;;;;;;;;;;;;;;;;;;;;;;;;;;;;;;;;;;;;;;;;;;;;;;;;
08:39:23;12;62;9999;088;999;09;111111111111000000000000;000000000000000000000000;11101000;000;_;e;10;001000001100000000000000;____;09;087;062;027;068;088;031;0425680827;;;;;;;;;;;;;;;;;;;;;;;;;;;;;;;;;;;;;;;;;;;;;;;;;;
08:40:11;12;63;9999;078;999;09;111111111111000000000000;000000000000000000000000;11101000;000;_;e;10;001111010000000000000000;____;05;023;074;029;010;047;044;0425680828;;;;;;;;;;;;;;;;;;;;;;;;;;;;;;;;;;;;;;;;;;;;;;;;;;
08:46:38;12;64;9999;061;999;09;111111111111000000000000;000000000000000000000000;11101000;000;_;e;10;110100000000000000000000;____;01;033;098;009;013;035;056;0425680831;;;;;;;;;;;;;;;;;;;;;;;;;;;;;;;;;;;;;;;;;;;;;;;;;;
09:24:15;12;65;9999;056;999;09;111111111111000000000000;000000000000000000000000;11010000;000;_;;;;;;;;;;;;;;;;;;;;;;;;;;;;;;;;;;;;;;;;;;;;;;;;;;;;;;;;;;;;;;
09:43:37;12;66;9999;063;999;08;111111111111000000000000;000000000000000000000000;11101000;000;_;e;10;110000000101000000000000;____;02;030;100;009;004;036;063;0425680972;;;;;;;;;;;;;;;;;;;;;;;;;;;;;;;;;;;;;;;;;;;;;;;;;;
09:54:14;12;67;9999;067;999;09;111111111111000000000000;000000000000000000000000;11101000;000;_;e;10;110000000000000000000000;____;01;043;098;005;021;043;044;0425663684;;;;;;;;;;;;;;;;;;;;;;;;;;;;;;;;;;;;;;;;;;;;;;;;;;
09:54:44;12;68;9999;085;999;09;111111111111000000000000;000000000000000000000000;11101000;000;_;e;10;110000000000000000000000;____;01;055;091;013;016;057;036;0425663683;;;;;;;;;;;;;;;;;;;;;;;;;;;;;;;;;;;;;;;;;;;;;;;;;;
09:58:08;12;69;9999;075;999;09;111111111111000000000000;000000000000000000000000;11101000;000;_;e;10;001101001100000000000000;____;09;037;055;032;035;038;092;0425664388;;;;;;;;;;;;;;;;;;;;;;;;;;;;;;;;;;;;;;;;;;;;;;;;;;
10:01:24;12;70;9999;075;999;08;111111111111000000000000;000000000000000000000000;11101000;000;_;e;10;011011100000000000000000;____;07;050;061;037;030;052;129;0425664391;;;;;;;;;;;;;;;;;;;;;;;;;;;;;;;;;;;;;;;;;;;;;;;;;;
10:03:57;12;71;9999;074;999;09;111111111111000000000000;000000000000000000000000;11101000;000;_;e;10;000010111000000000000000;____;05;036;064;028;024;042;090;0425663686;;;;;;;;;;;;;;;;;;;;;;;;;;;;;;;;;;;;;;;;;;;;;;;;;;
10:06:09;12;72;9999;048;999;09;111111111111000000000000;000000000000000000000000;11101000;000;_;e;10;001111111100000000000000;____;04;032;059;005;022;045;156;0425664392;;;;;;;;;;;;;;;;;;;;;;;;;;;;;;;;;;;;;;;;;;;;;;;;;;
10:12:03;12;73;9999;067;999;09;111111111111000000000000;000000000000000000000000;11101000;000;_;e;10;001100001100000000000000;____;03;040;081;043;038;042;106;0425663689;;;;;;;;;;;;;;;;;;;;;;;;;;;;;;;;;;;;;;;;;;;;;;;;;;
10:15:27;12;74;9999;046;999;09;111111111111000000000000;000000000000000000000000;11101000;000;_;e;10;111010000000000000000000;____;05;-18;026;096;-18;022;030;0425663690;;;;;;;;;;;;;;;;;;;;;;;;;;;;;;;;;;;;;;;;;;;;;;;;;;
10:52:40;12;75;9999;074;999;09;111111111111000000000000;000000000000000000000000;11101000;000;_;e;10;001001001100000000000000;____;10;022;081;021;022;025;072;0425678190;;;;;;;;;;;;;;;;;;;;;;;;;;;;;;;;;;;;;;;;;;;;;;;;;;
10:53:16;12;76;9999;075;999;09;111111111111000000000000;000000000000000000000000;11101000;000;_;e;10;001111000000000000000000;____;03;035;052;025;035;037;065;0425678191;;;;;;;;;;;;;;;;;;;;;;;;;;;;;;;;;;;;;;;;;;;;;;;;;;
10:56:15;12;77;9999;075;999;09;111111111111000000000000;000000000000000000000000;11101000;000;_;e;10;001111001100000000000000;____;10;025;062;035;024;028;119;0425677799;;;;;;;;;;;;;;;;;;;;;;;;;;;;;;;;;;;;;;;;;;;;;;;;;;
10:56:49;12;78;9999;066;999;09;111111111111000000000000;000000000000000000000000;11101000;000;_;e;10;001000001000000000000000;____;09;080;075;009;023;080;052;0425676078;;;;;;;;;;;;;;;;;;;;;;;;;;;;;;;;;;;;;;;;;;;;;;;;;;
10:57:36;12;79;9999;056;999;09;111111111111000000000000;000000000000000000000000;11101000;000;_;e;10;000001000100000000000000;____;10;004;074;023;004;027;051;0425678192;;;;;;;;;;;;;;;;;;;;;;;;;;;;;;;;;;;;;;;;;;;;;;;;;;
11:07:58;12;80;9999;079;999;09;111111111111000000000000;000000000000000000000000;11101000;000;_;e;10;000011110000000000000000;____;05;042;055;040;041;046;076;0425676083;;;;;;;;;;;;;;;;;;;;;;;;;;;;;;;;;;;;;;;;;;;;;;;;;;
11:09:10;12;81;9999;076;999;09;111111111111000000000000;000000000000000000000000;11101000;000;_;e;10;111100001000000000000000;____;03;053;087;046;037;053;057;0425676084;;;;;;;;;;;;;;;;;;;;;;;;;;;;;;;;;;;;;;;;;;;;;;;;;;
11:18:07;12;82;9999;075;999;08;111111111111000000000000;000000000000000000000000;11101000;000;_;e;10;011110001100000000000000;____;10;038;069;029;034;054;158;0425678193;;;;;;;;;;;;;;;;;;;;;;;;;;;;;;;;;;;;;;;;;;;;;;;;;;
11:24:29;12;83;9999;059;999;09;111111111111000000000000;000000000000000000000000;11101000;000;_;e;10;011101001000000000000000;____;09;067;078;008;023;067;090;0425665195;;;;;;;;;;;;;;;;;;;;;;;;;;;;;;;;;;;;;;;;;;;;;;;;;;
11:28:58;12;84;9999;076;999;08;111111111111000000000000;000000000000000000000000;11101000;000;_;e;10;001011110100000000000000;____;06;037;065;044;019;044;106;0425678056;;;;;;;;;;;;;;;;;;;;;;;;;;;;;;;;;;;;;;;;;;;;;;;;;;
11:39:57;12;85;9999;056;999;09;111111111111000000000000;000000000000000000000000;11101000;000;_;e;10;100010000100000000000000;____;10;000;074;020;-02;020;058;0425677991;;;;;;;;;;;;;;;;;;;;;;;;;;;;;;;;;;;;;;;;;;;;;;;;;;
11:40:39;12;86;9999;080;999;09;111111111111000000000000;000000000000000000000000;11101000;000;_;e;10;110000000000000000000000;____;01;050;101;014;032;053;049;0425672514;;;;;;;;;;;;;;;;;;;;;;;;;;;;;;;;;;;;;;;;;;;;;;;;;;
11:41:18;12;87;9999;078;999;09;111111111111000000000000;000000000000000000000000;11101000;000;_;e;10;000100000000000000000000;____;04;033;070;026;033;033;005;0425672515;;;;;;;;;;;;;;;;;;;;;;;;;;;;;;;;;;;;;;;;;;;;;;;;;;
11:48:14;12;88;9999;062;999;08;111111111111000000000000;000000000000000000000000;11101000;000;_;e;10;000011100000000000000000;____;05;035;049;004;026;039;060;0425678062;;;;;;;;;;;;;;;;;;;;;;;;;;;;;;;;;;;;;;;;;;;;;;;;;;
11:51:01;12;89;9999;061;999;08;111111111111000000000000;000000000000000000000000;11101000;000;_;e;10;101110101100000000000000;____;03;033;084;044;009;037;079;0425652011;;;;;;;;;;;;;;;;;;;;;;;;;;;;;;;;;;;;;;;;;;;;;;;;;;
11:51:52;12;90;9999;081;999;09;111111111111000000000000;000000000000000000000000;11001000;000;_;e;10;010110111110000000000000;____;07;055;035;013;053;080;054;0425652013;048;056;027;046;062;007;0555070166;;;;;;;;;;;;;;;;;;;;;;;;;;;;;;;;;;;;;;;;;;;
11:52:30;12;91;9999;077;999;09;111111111111000000000000;000000000000000000000000;11101000;000;_;e;10;001011111100000000000000;____;06;029;048;024;029;034;084;0425652015;;;;;;;;;;;;;;;;;;;;;;;;;;;;;;;;;;;;;;;;;;;;;;;;;;
11:57:24;12;92;9999;075;999;09;111111111111000000000000;000000000000000000000000;11101000;000;_;e;10;011101101000000000000000;____;04;016;054;034;010;019;106;0425673105;;;;;;;;;;;;;;;;;;;;;;;;;;;;;;;;;;;;;;;;;;;;;;;;;;
11:59:06;12;93;9999;079;999;09;111111111111000000000000;000000000000000000000000;11101000;000;_;e;10;001111110000000000000000;____;06;036;059;023;034;040;064;0425652016;;;;;;;;;;;;;;;;;;;;;;;;;;;;;;;;;;;;;;;;;;;;;;;;;;
11:59:44;12;94;9999;067;999;09;111111111111000000000000;000000000000000000000000;11101000;000;_;e;10;000000110010000000000000;____;08;043;044;012;041;052;041;0425652017;;;;;;;;;;;;;;;;;;;;;;;;;;;;;;;;;;;;;;;;;;;;;;;;;;
12:02:44;12;95;9999;053;999;09;111111111111000000000000;000000000000000000000000;11101000;000;_;e;10;001111000101000000000000;____;03;-17;060;013;-17;-08;133;0425673107;;;;;;;;;;;;;;;;;;;;;;;;;;;;;;;;;;;;;;;;;;;;;;;;;;
12:05:55;12;96;9999;075;999;09;111111111111000000000000;000000000000000000000000;11101000;000;_;e;10;001111000100000000000000;____;04;051;083;026;028;052;039;0425673111;;;;;;;;;;;;;;;;;;;;;;;;;;;;;;;;;;;;;;;;;;;;;;;;;;
12:08:08;12;97;9999;079;999;09;111111111111000000000000;000000000000000000000000;11101000;000;_;e;10;001110000000000000000000;____;04;048;055;024;043;049;062;0425673110;;;;;;;;;;;;;;;;;;;;;;;;;;;;;;;;;;;;;;;;;;;;;;;;;;
12:08:25;12;98;9999;051;999;09;111111111111000000000000;000000000000000000000000;11101000;000;_;e;10;110001001100000000000000;____;10;-04;085;005;-04;050;030;0425678068;;;;;;;;;;;;;;;;;;;;;;;;;;;;;;;;;;;;;;;;;;;;;;;;;;
12:10:15;12;99;9999;067;999;09;111111111111000000000000;000000000000000000000000;11101000;000;_;e;10;001111001101000000000000;____;10;009;082;009;001;035;159;0425673112;;;;;;;;;;;;;;;;;;;;;;;;;;;;;;;;;;;;;;;;;;;;;;;;;;
12:12:52;12;01;9999;054;999;09;111111111111000000000000;000000000000000000000000;11101000;000;_;e;10;001110001101000000000000;____;04;-04;082;008;-11;019;137;0425673115;;;;;;;;;;;;;;;;;;;;;;;;;;;;;;;;;;;;;;;;;;;;;;;;;;
12:15:33;12;02;9999;061;999;09;111111111111000000000000;000000000000000000000000;11101000;000;_;e;10;110010000000000000000000;____;02;035;099;009;019;036;033;0425678073;;;;;;;;;;;;;;;;;;;;;;;;;;;;;;;;;;;;;;;;;;;;;;;;;;
12:15:43;12;03;9999;058;733;09;111111111111000000000000;000000000000000000000000;11101000;000;_;e;10;000000111100000000000000;____;07;037;058;010;037;040;070;0425678072;;;;;;;;;;;;;;;;;;;;;;;;;;;;;;;;;;;;;;;;;;;;;;;;;;
12:17:25;12;04;9999;058;999;09;111111111111000000000000;000000000000000000000000;11101000;000;_;e;10;111000001000000000000000;____;01;042;100;022;027;044;036;0425678074;;;;;;;;;;;;;;;;;;;;;;;;;;;;;;;;;;;;;;;;;;;;;;;;;;
12:23:23;12;05;9999;075;999;09;111111111111000000000000;000000000000000000000000;11101000;000;_;e;10;000011011100000000000000;____;06;048;058;037;047;052;055;0425678077;;;;;;;;;;;;;;;;;;;;;;;;;;;;;;;;;;;;;;;;;;;;;;;;;;
12:24:05;12;06;9999;067;999;09;111111111111000000000000;000000000000000000000000;11101000;000;_;e;10;101111001100000000000000;____;09;033;079;045;005;034;102;0425673118;;;;;;;;;;;;;;;;;;;;;;;;;;;;;;;;;;;;;;;;;;;;;;;;;;
12:27:16;12;07;9999;060;999;09;111111111111000000000000;000000000000000000000000;11101000;000;_;e;10;001111001100000000000000;____;10;069;083;017;036;074;094;0425673609;;;;;;;;;;;;;;;;;;;;;;;;;;;;;;;;;;;;;;;;;;;;;;;;;;
12:27:46;12;08;9999;062;999;09;111111111111000000000000;000000000000000000000000;11101000;000;_;e;10;110010000100000000000000;____;01;031;099;021;-12;043;059;0425673124;;;;;;;;;;;;;;;;;;;;;;;;;;;;;;;;;;;;;;;;;;;;;;;;;;
12:28:20;12;09;9999;074;999;09;111111111111000000000000;000000000000000000000000;11101000;000;_;e;10;001100101100000000000000;____;03;038;065;031;038;042;098;0425673126;;;;;;;;;;;;;;;;;;;;;;;;;;;;;;;;;;;;;;;;;;;;;;;;;;
12:28:33;12;10;9999;064;996;09;111111111111000000000000;000000000000000000000000;11101000;000;_;e;10;011110001100000000000000;____;03;025;085;046;-09;027;088;0425673125;;;;;;;;;;;;;;;;;;;;;;;;;;;;;;;;;;;;;;;;;;;;;;;;;;
12:30:03;12;11;9999;076;999;09;111111111111000000000000;000000000000000000000000;11101000;000;_;e;10;000111001100000000000000;____;10;072;076;018;069;074;078;0425673129;;;;;;;;;;;;;;;;;;;;;;;;;;;;;;;;;;;;;;;;;;;;;;;;;;
12:30:20;12;12;9999;074;999;09;111111111111000000000000;000000000000000000000000;11101000;000;_;e;10;101111000000000000000000;____;05;040;069;033;040;045;115;0425673130;;;;;;;;;;;;;;;;;;;;;;;;;;;;;;;;;;;;;;;;;;;;;;;;;;
12:31:44;12;13;9999;051;999;09;111111111111000000000000;000000000000000000000000;11101000;000;_;e;10;001101001101000000000000;____;10;060;082;019;038;064;123;0425678083;;;;;;;;;;;;;;;;;;;;;;;;;;;;;;;;;;;;;;;;;;;;;;;;;;
12:32:53;12;14;9999;057;999;09;111111111111000000000000;000000000000000000000000;11101000;000;_;e;10;001111001101000000000000;____;10;-09;069;014;-10;020;090;0425678087;;;;;;;;;;;;;;;;;;;;;;;;;;;;;;;;;;;;;;;;;;;;;;;;;;
12:42:32;12;15;9999;044;999;09;111111111111000000000000;000000000000000000000000;11101000;000;_;e;10;110100001100000000000000;____;01;010;099;016;005;031;057;0425678095;;;;;;;;;;;;;;;;;;;;;;;;;;;;;;;;;;;;;;;;;;;;;;;;;;
12:56:53;12;16;9999;075;999;09;111111111111000000000000;000000000000000000000000;11101000;000;_;e;10;000100000100000000000000;____;04;071;063;014;071;072;065;0425673138;;;;;;;;;;;;;;;;;;;;;;;;;;;;;;;;;;;;;;;;;;;;;;;;;;
13:08:37;12;17;9999;056;999;09;111111111111000000000000;000000000000000000000000;11101000;000;_;e;10;100000000000000000000000;____;01;034;100;021;034;035;063;0425673145;;;;;;;;;;;;;;;;;;;;;;;;;;;;;;;;;;;;;;;;;;;;;;;;;;
13:17:56;12;18;9999;057;999;09;111111111111000000000000;000000000000000000000000;11101000;000;_;e;10;000000000001000000000000;____;12;000;079;004;-01;000;015;0425673146;;;;;;;;;;;;;;;;;;;;;;;;;;;;;;;;;;;;;;;;;;;;;;;;;;
13:27:30;12;19;9999;062;999;09;111111111111000000000000;000000000000000000000000;11101000;000;_;e;10;001110110110000000000000;____;03;038;046;014;013;043;100;0425673636;;;;;;;;;;;;;;;;;;;;;;;;;;;;;;;;;;;;;;;;;;;;;;;;;;
14:39:27;12;20;9999;057;999;09;111111111111000000000000;000000000000000000000000;11101000;000;_;e;10;000000001100000000000000;____;09;004;077;018;004;011;033;0425684306;;;;;;;;;;;;;;;;;;;;;;;;;;;;;;;;;;;;;;;;;;;;;;;;;;
14:43:39;12;21;9999;075;999;09;111111111111000000000000;000000000000000000000000;11101000;000;_;e;10;111100000000000000000000;____;02;037;087;025;034;039;063;0425684309;;;;;;;;;;;;;;;;;;;;;;;;;;;;;;;;;;;;;;;;;;;;;;;;;;
15:21:15;12;22;9999;065;999;08;111111111111000000000000;000000000000000000000000;11101000;000;_;e;10;000011110000000000000000;____;07;044;048;013;041;046;054;0425684318;;;;;;;;;;;;;;;;;;;;;;;;;;;;;;;;;;;;;;;;;;;;;;;;;;
15:27:02;12;23;9999;075;999;09;111111111111000000000000;000000000000000000000000;11101000;000;_;e;10;010100001100000000000000;____;04;047;082;041;046;054;080;0425680633;;;;;;;;;;;;;;;;;;;;;;;;;;;;;;;;;;;;;;;;;;;;;;;;;;
15:59:26;12;24;9999;074;999;08;111111111111000000000000;000000000000000000000000;11101000;000;_;e;10;001110001100000000000000;____;03;028;067;046;028;034;102;0425680988;;;;;;;;;;;;;;;;;;;;;;;;;;;;;;;;;;;;;;;;;;;;;;;;;;
16:01:10;12;25;9999;073;999;09;111111111111000000000000;000000000000000000000000;11101000;000;_;e;10;001100001100000000000000;____;10;037;071;045;037;041;107;0425680990;;;;;;;;;;;;;;;;;;;;;;;;;;;;;;;;;;;;;;;;;;;;;;;;;;
16:02:52;12;26;9999;075;999;09;111111111111000000000000;000000000000000000000000;11101000;000;_;e;10;000011110000000000000000;____;08;046;062;026;043;048;079;0425680992;;;;;;;;;;;;;;;;;;;;;;;;;;;;;;;;;;;;;;;;;;;;;;;;;;
16:06:46;12;27;9999;076;999;08;111111111111000000000000;000000000000000000000000;11101000;000;_;e;10;110010001100000000000000;____;02;039;100;025;-06;050;069;0425680995;;;;;;;;;;;;;;;;;;;;;;;;;;;;;;;;;;;;;;;;;;;;;;;;;;
16:07:46;12;28;9999;052;999;09;111111111111000000000000;000000000000000000000000;11101000;000;_;e;10;000010110000000000000000;____;07;029;053;014;027;030;031;0425680996;;;;;;;;;;;;;;;;;;;;;;;;;;;;;;;;;;;;;;;;;;;;;;;;;;
16:11:02;12;29;9999;060;999;08;111111111111000000000000;000000000000000000000000;11101000;000;_;e;10;110100000101000000000000;____;10;000;089;007;-06;026;096;0425680997;;;;;;;;;;;;;;;;;;;;;;;;;;;;;;;;;;;;;;;;;;;;;;;;;;
16:15:52;12;30;9999;077;999;09;111111111111000000000000;000000000000000000000000;11101000;000;_;e;10;001111001100000000000000;____;05;048;057;017;044;052;163;0425680999;;;;;;;;;;;;;;;;;;;;;;;;;;;;;;;;;;;;;;;;;;;;;;;;;;
16:34:31;12;31;9999;075;999;09;111111111111000000000000;000000000000000000000000;11101000;000;_;e;10;110000000000000000000000;____;01;043;103;010;039;043;028;0425684343;;;;;;;;;;;;;;;;;;;;;;;;;;;;;;;;;;;;;;;;;;;;;;;;;;
16:38:52;12;32;9999;063;999;09;111111111111000000000000;000000000000000000000000;11101000;000;_;e;10;001111001100000000000000;____;09;066;078;005;042;069;146;0425672537;;;;;;;;;;;;;;;;;;;;;;;;;;;;;;;;;;;;;;;;;;;;;;;;;;
16:39:14;12;33;9999;064;999;08;111111111111000000000000;000000000000000000000000;11101000;000;_;e;10;001100001100000000000000;____;09;031;082;047;028;031;096;0425680653;;;;;;;;;;;;;;;;;;;;;;;;;;;;;;;;;;;;;;;;;;;;;;;;;;
16:47:15;12;34;9999;075;999;09;111111111111000000000000;000000000000000000000000;11101000;000;_;e;10;111111001100000000000000;____;09;048;076;031;031;050;194;0425684346;;;;;;;;;;;;;;;;;;;;;;;;;;;;;;;;;;;;;;;;;;;;;;;;;;
16:51:14;12;35;9999;074;999;09;111111111111000000000000;000000000000000000000000;11101000;000;_;e;10;101110101100000000000000;____;04;008;073;029;004;029;105;0425684347;;;;;;;;;;;;;;;;;;;;;;;;;;;;;;;;;;;;;;;;;;;;;;;;;;
16:55:25;12;36;9999;076;999;08;111111111111000000000000;000000000000000000000000;11101000;000;_;e;10;001011111100000000000000;____;07;044;067;045;025;048;109;0425680657;;;;;;;;;;;;;;;;;;;;;;;;;;;;;;;;;;;;;;;;;;;;;;;;;;
16:59:53;12;37;9999;075;999;09;111111111111000000000000;000000000000000000000000;11101000;000;_;e;10;011011001100000000000000;____;03;073;070;039;048;076;094;0425673167;;;;;;;;;;;;;;;;;;;;;;;;;;;;;;;;;;;;;;;;;;;;;;;;;;
17:01:01;12;38;9999;075;999;09;111111111111000000000000;000000000000000000000000;11101000;000;_;e;10;001100111100000000000000;____;07;046;049;038;043;050;100;0425673169;;;;;;;;;;;;;;;;;;;;;;;;;;;;;;;;;;;;;;;;;;;;;;;;;;
17:03:01;12;39;9999;069;999;09;111111111111000000000000;000000000000000000000000;11101000;000;_;e;10;000000000100000000000000;____;10;-03;074;024;-03;-02;031;0425680655;;;;;;;;;;;;;;;;;;;;;;;;;;;;;;;;;;;;;;;;;;;;;;;;;;
17:04:00;12;40;9999;076;999;09;111111111111000000000000;000000000000000000000000;11101000;000;_;e;10;111101001100000000000000;____;04;043;070;033;041;054;121;0425674113;;;;;;;;;;;;;;;;;;;;;;;;;;;;;;;;;;;;;;;;;;;;;;;;;;
17:05:34;12;41;9999;074;999;09;111111111111000000000000;000000000000000000000000;11101000;000;_;e;10;000001000100000000000000;____;06;029;062;015;028;037;059;0425673645;;;;;;;;;;;;;;;;;;;;;;;;;;;;;;;;;;;;;;;;;;;;;;;;;;
17:19:07;12;42;9999;077;999;09;111111111111000000000000;000000000000000000000000;11101000;000;_;e;10;001111000000000000000000;____;05;065;066;009;020;068;056;0425674117;;;;;;;;;;;;;;;;;;;;;;;;;;;;;;;;;;;;;;;;;;;;;;;;;;
17:27:02;12;43;9999;075;999;09;111111111111000000000000;000000000000000000000000;11101000;000;_;e;10;001110001100000000000000;____;04;034;070;023;009;050;076;0425680675;;;;;;;;;;;;;;;;;;;;;;;;;;;;;;;;;;;;;;;;;;;;;;;;;;
17:27:14;12;44;9999;054;992;09;111111111111000000000000;000000000000000000000000;11101000;000;_;e;10;001100000100000000000000;____;10;007;076;026;007;008;054;0425680673;;;;;;;;;;;;;;;;;;;;;;;;;;;;;;;;;;;;;;;;;;;;;;;;;;
17:27:40;12;45;9999;074;999;09;111111111111000000000000;000000000000000000000000;11101000;000;_;e;10;000000000100000000000000;____;10;020;061;016;020;024;025;0425673651;;;;;;;;;;;;;;;;;;;;;;;;;;;;;;;;;;;;;;;;;;;;;;;;;;
17:30:39;12;46;9999;069;999;09;111111111111000000000000;000000000000000000000000;11101000;000;_;e;10;111110000100000000000000;____;01;040;100;016;003;043;094;0425680688;;;;;;;;;;;;;;;;;;;;;;;;;;;;;;;;;;;;;;;;;;;;;;;;;;
17:32:21;12;47;9999;060;999;09;111111111111000000000000;000000000000000000000000;11101000;000;_;e;10;001000001101000000000000;____;10;-02;079;005;-07;035;097;0425686307;;;;;;;;;;;;;;;;;;;;;;;;;;;;;;;;;;;;;;;;;;;;;;;;;;
17:32:33;12;48;9999;051;986;09;111111111111000000000000;000000000000000000000000;11101000;000;_;e;10;111100101000000000000000;____;03;034;083;022;034;049;094;0425673652;;;;;;;;;;;;;;;;;;;;;;;;;;;;;;;;;;;;;;;;;;;;;;;;;;
17:33:21;12;49;9999;077;999;09;111111111111000000000000;000000000000000000000000;11101000;000;_;e;10;000110001100000000000000;____;10;072;073;017;042;077;059;0425674120;;;;;;;;;;;;;;;;;;;;;;;;;;;;;;;;;;;;;;;;;;;;;;;;;;
17:33:37;12;50;9999;054;999;09;111111111111000000000000;000000000000000000000000;11101000;000;_;e;10;101111001100000000000000;____;10;-10;080;019;-11;014;146;0425673653;;;;;;;;;;;;;;;;;;;;;;;;;;;;;;;;;;;;;;;;;;;;;;;;;;
17:34:25;12;51;9999;076;999;09;111111111111000000000000;000000000000000000000000;11101000;000;_;e;10;001100000100000000000000;____;10;020;072;005;020;036;056;0425674121;;;;;;;;;;;;;;;;;;;;;;;;;;;;;;;;;;;;;;;;;;;;;;;;;;
17:35:24;12;52;9999;066;999;09;111111111111000000000000;000000000000000000000000;11101000;000;_;e;10;001111101100000000000000;____;04;060;079;005;011;063;151;0425674123;;;;;;;;;;;;;;;;;;;;;;;;;;;;;;;;;;;;;;;;;;;;;;;;;;
17:35:29;12;53;9999;075;354;09;111111111111000000000000;000000000000000000000000;11101000;000;_;e;10;000010000100000000000000;____;10;016;060;010;016;029;017;0425674122;;;;;;;;;;;;;;;;;;;;;;;;;;;;;;;;;;;;;;;;;;;;;;;;;;
17:36:07;12;54;9999;067;999;09;111111111111000000000000;000000000000000000000000;11101000;000;_;e;10;000000000100000000000000;____;10;024;079;022;024;024;007;0425674124;;;;;;;;;;;;;;;;;;;;;;;;;;;;;;;;;;;;;;;;;;;;;;;;;;
17:37:53;12;55;9999;075;999;09;111111111111000000000000;000000000000000000000000;11101000;000;_;e;10;010010100100000000000000;____;05;031;077;028;030;035;090;0425686310;;;;;;;;;;;;;;;;;;;;;;;;;;;;;;;;;;;;;;;;;;;;;;;;;;
17:39:44;12;56;9999;076;999;09;111111111111000000000000;000000000000000000000000;11101000;000;_;e;10;000011110000000000000000;____;05;013;058;028;013;041;073;0425686312;;;;;;;;;;;;;;;;;;;;;;;;;;;;;;;;;;;;;;;;;;;;;;;;;;
17:45:55;12;57;9999;076;999;09;111111111111000000000000;000000000000000000000000;11101000;000;_;e;10;001111001100000000000000;____;05;041;061;021;026;052;165;0425674125;;;;;;;;;;;;;;;;;;;;;;;;;;;;;;;;;;;;;;;;;;;;;;;;;;
17:48:11;12;58;9999;073;999;09;111111111111000000000000;000000000000000000000000;11101000;000;_;e;10;001111001110000000000000;____;03;074;052;019;035;082;077;0425686317;;;;;;;;;;;;;;;;;;;;;;;;;;;;;;;;;;;;;;;;;;;;;;;;;;
17:49:40;12;59;9999;076;999;08;111111111111000000000000;000000000000000000000000;11101000;000;_;e;10;101110000100000000000000;____;10;038;073;040;027;042;049;0425674128;;;;;;;;;;;;;;;;;;;;;;;;;;;;;;;;;;;;;;;;;;;;;;;;;;
17:50:40;12;60;9999;071;999;09;111111111111000000000000;000000000000000000000000;11101000;000;_;e;10;110000000000000000000000;____;01;044;101;013;043;045;048;0425686319;;;;;;;;;;;;;;;;;;;;;;;;;;;;;;;;;;;;;;;;;;;;;;;;;;
17:51:56;12;61;9999;076;999;09;111111111111000000000000;000000000000000000000000;11101000;000;_;e;10;100100011100000000000000;____;04;041;069;041;034;043;097;0425686323;;;;;;;;;;;;;;;;;;;;;;;;;;;;;;;;;;;;;;;;;;;;;;;;;;
17:56:52;12;62;9999;071;999;09;111111111111000000000000;000000000000000000000000;11101000;000;_;e;10;000010101010000000000000;____;07;063;034;010;036;063;071;0425686325;;;;;;;;;;;;;;;;;;;;;;;;;;;;;;;;;;;;;;;;;;;;;;;;;;
18:01:23;12;63;9999;061;999;09;111111111111000000000000;000000000000000000000000;11101000;000;_;e;10;001011000000000000000000;____;06;024;082;035;023;025;081;0425672560;;;;;;;;;;;;;;;;;;;;;;;;;;;;;;;;;;;;;;;;;;;;;;;;;;
18:02:39;12;64;9999;053;999;09;111111111111000000000000;000000000000000000000000;11101000;000;_;e;10;101100001101000000000000;____;10;-12;081;017;-13;015;107;0425672568;;;;;;;;;;;;;;;;;;;;;;;;;;;;;;;;;;;;;;;;;;;;;;;;;;
18:03:55;12;65;9999;049;999;09;111111111111000000000000;000000000000000000000000;11010000;000;_;;;;;;;;;;;;;;;;;;;;;;;;;;;;;;;;;;;;;;;;;;;;;;;;;;;;;;;;;;;;;;
18:04:04;12;66;9999;064;683;09;111111111111000000000000;000000000000000000000000;11101000;000;_;e;10;110000001101000000000000;____;02;035;100;016;025;040;065;0425672570;;;;;;;;;;;;;;;;;;;;;;;;;;;;;;;;;;;;;;;;;;;;;;;;;;
18:04:51;12;67;9999;076;999;09;111111111111000000000000;000000000000000000000000;11101000;000;_;e;10;000110001100000000000000;____;10;073;062;004;035;075;054;0425673663;;;;;;;;;;;;;;;;;;;;;;;;;;;;;;;;;;;;;;;;;;;;;;;;;;
18:05:26;12;68;9999;059;999;09;111111111111000000000000;000000000000000000000000;11101000;000;_;e;10;000011101001000000000000;____;05;033;050;004;027;036;101;0425673665;;;;;;;;;;;;;;;;;;;;;;;;;;;;;;;;;;;;;;;;;;;;;;;;;;
18:05:46;12;69;9999;061;999;09;111111111111000000000000;000000000000000000000000;11101000;000;_;e;10;000011111110000000000000;____;05;035;035;008;026;039;119;0425672573;;;;;;;;;;;;;;;;;;;;;;;;;;;;;;;;;;;;;;;;;;;;;;;;;;
18:06:21;12;70;9999;074;999;09;111111111111000000000000;000000000000000000000000;11101000;000;_;e;10;010100000101000000000000;____;10;003;085;010;003;031;146;0425672574;;;;;;;;;;;;;;;;;;;;;;;;;;;;;;;;;;;;;;;;;;;;;;;;;;
18:09:57;12;71;9999;051;999;09;111111111111000000000000;000000000000000000000000;11101000;000;_;e;10;000000000001000000000000;____;12;001;086;004;000;026;012;0425686607;;;;;;;;;;;;;;;;;;;;;;;;;;;;;;;;;;;;;;;;;;;;;;;;;;
18:12:48;12;72;9999;075;999;09;111111111111000000000000;000000000000000000000000;11101000;000;_;e;10;111111100100000000000000;____;04;047;088;024;042;053;091;0425686606;;;;;;;;;;;;;;;;;;;;;;;;;;;;;;;;;;;;;;;;;;;;;;;;;;
18:19:54;12;73;9999;075;999;09;111111111111000000000000;000000000000000000000000;11101000;000;_;e;10;001011111100000000000000;____;05;042;059;030;035;047;098;0425674130;;;;;;;;;;;;;;;;;;;;;;;;;;;;;;;;;;;;;;;;;;;;;;;;;;
18:20:00;12;74;9999;075;271;00;111111111111000000000000;000000000000000000000000;11101000;000;_;e;10;000111001100000000000000;____;09;047;060;028;033;048;078;0425686609;;;;;;;;;;;;;;;;;;;;;;;;;;;;;;;;;;;;;;;;;;;;;;;;;;
18:23:40;12;75;9999;074;999;09;111111111111000000000000;000000000000000000000000;11101000;000;_;e;10;001111001100000000000000;____;10;068;062;015;017;070;107;0425686334;;;;;;;;;;;;;;;;;;;;;;;;;;;;;;;;;;;;;;;;;;;;;;;;;;
18:26:30;12;76;9999;057;999;09;111111111111000000000000;000000000000000000000000;11101000;000;_;e;10;110000000000000000000000;____;02;-07;071;017;-12;-07;038;0425686328;;;;;;;;;;;;;;;;;;;;;;;;;;;;;;;;;;;;;;;;;;;;;;;;;;
18:29:55;12;77;9999;078;999;08;111111111111000000000000;000000000000000000000000;11101000;000;_;e;10;111100001100000000000000;____;02;039;098;023;029;041;097;0425652063;;;;;;;;;;;;;;;;;;;;;;;;;;;;;;;;;;;;;;;;;;;;;;;;;;
18:30:19;12;78;9999;057;999;09;111111111111000000000000;000000000000000000000000;11101000;000;_;e;10;001100000000000000000000;____;03;023;088;037;023;025;029;0425652064;;;;;;;;;;;;;;;;;;;;;;;;;;;;;;;;;;;;;;;;;;;;;;;;;;
18:32:23;12;79;9999;056;999;09;111111111111000000000000;000000000000000000000000;11101000;000;_;e;10;111110001000000000000000;____;03;028;091;020;014;032;066;0425652065;;;;;;;;;;;;;;;;;;;;;;;;;;;;;;;;;;;;;;;;;;;;;;;;;;
18:39:33;12;80;9999;075;999;09;111111111111000000000000;000000000000000000000000;11101000;000;_;e;10;011100000000000000000000;____;03;054;089;029;051;054;051;0425652074;;;;;;;;;;;;;;;;;;;;;;;;;;;;;;;;;;;;;;;;;;;;;;;;;;
18:40:42;12;81;9999;076;999;09;111111111111000000000000;000000000000000000000000;11101000;000;_;e;10;000011101100000000000000;____;06;036;057;030;028;043;054;0425686340;;;;;;;;;;;;;;;;;;;;;;;;;;;;;;;;;;;;;;;;;;;;;;;;;;
18:42:28;12;82;9999;063;999;09;111111111111000000000000;000000000000000000000000;11101000;000;_;e;10;010100000101000000000000;____;10;002;086;002;000;033;137;0425686342;;;;;;;;;;;;;;;;;;;;;;;;;;;;;;;;;;;;;;;;;;;;;;;;;;
18:43:58;12;83;9999;075;999;09;111111111111000000000000;000000000000000000000000;11101000;000;_;e;10;011111101100000000000000;____;09;039;060;036;032;045;160;0425687100;;;;;;;;;;;;;;;;;;;;;;;;;;;;;;;;;;;;;;;;;;;;;;;;;;
18:46:14;12;84;9999;075;999;09;111111111111000000000000;000000000000000000000000;11101000;000;_;e;10;001111001100000000000000;____;10;042;066;034;040;049;133;0425674143;;;;;;;;;;;;;;;;;;;;;;;;;;;;;;;;;;;;;;;;;;;;;;;;;;
18:46:18;12;85;9999;061;280;09;111111111111000000000000;000000000000000000000000;11101000;000;_;e;10;001111000100000000000000;____;04;028;056;015;025;029;066;0425674142;;;;;;;;;;;;;;;;;;;;;;;;;;;;;;;;;;;;;;;;;;;;;;;;;;
18:49:25;12;86;9999;076;999;09;111111111111000000000000;000000000000000000000000;11101000;000;_;e;10;000111010100000000000000;____;06;039;052;025;037;045;069;0425673680;;;;;;;;;;;;;;;;;;;;;;;;;;;;;;;;;;;;;;;;;;;;;;;;;;
18:59:04;12;87;9999;069;999;09;111111111111000000000000;000000000000000000000000;11101000;000;_;e;10;110000000000000000000000;____;02;039;096;011;038;040;053;0425673683;;;;;;;;;;;;;;;;;;;;;;;;;;;;;;;;;;;;;;;;;;;;;;;;;;
19:00:00;12;88;9999;067;999;09;111111111111000000000000;000000000000000000000000;11101000;000;_;e;10;000110011100000000000000;____;04;054;032;010;051;056;137;0425674147;;;;;;;;;;;;;;;;;;;;;;;;;;;;;;;;;;;;;;;;;;;;;;;;;;
19:00:04;12;89;9999;076;292;08;111111111111000000000000;000000000000000000000000;11101000;000;_;e;10;010100000000000000000000;____;02;043;080;033;042;043;058;0425674150;;;;;;;;;;;;;;;;;;;;;;;;;;;;;;;;;;;;;;;;;;;;;;;;;;
19:02:07;12;90;9999;075;999;09;111111111111000000000000;000000000000000000000000;11101000;000;_;e;10;110000000000000000000000;____;01;039;099;010;037;039;063;0425674155;;;;;;;;;;;;;;;;;;;;;;;;;;;;;;;;;;;;;;;;;;;;;;;;;;
19:02:29;12;91;9999;077;999;09;111111111111000000000000;000000000000000000000000;11101000;000;_;e;10;001110001000000000000000;____;03;053;064;016;041;055;050;0425684352;;;;;;;;;;;;;;;;;;;;;;;;;;;;;;;;;;;;;;;;;;;;;;;;;;
19:11:20;12;92;9999;053;999;09;111111111111000000000000;000000000000000000000000;11101000;000;_;e;10;000010001100000000000000;____;05;030;040;000;012;031;044;0425686354;;;;;;;;;;;;;;;;;;;;;;;;;;;;;;;;;;;;;;;;;;;;;;;;;;
19:12:16;12;93;9999;061;999;09;111111111111000000000000;000000000000000000000000;11101000;000;_;e;10;110100000000000000000000;____;01;025;099;007;021;026;044;0425673688;;;;;;;;;;;;;;;;;;;;;;;;;;;;;;;;;;;;;;;;;;;;;;;;;;
19:19:31;12;94;9999;075;999;09;111111111111000000000000;000000000000000000000000;11101000;000;_;e;10;001110000100000000000000;____;03;014;059;003;014;021;091;0425686358;;;;;;;;;;;;;;;;;;;;;;;;;;;;;;;;;;;;;;;;;;;;;;;;;;
19:30:44;12;95;9999;074;999;09;111111111111000000000000;000000000000000000000000;11101000;000;_;e;10;000000010000000000000000;____;08;035;042;008;035;035;062;0425686541;;;;;;;;;;;;;;;;;;;;;;;;;;;;;;;;;;;;;;;;;;;;;;;;;;
19:35:58;12;96;9999;044;999;09;111111111111000000000000;000000000000000000000000;11101000;000;_;e;10;010111000101000000000000;____;10;-07;089;007;-11;027;105;0425686364;;;;;;;;;;;;;;;;;;;;;;;;;;;;;;;;;;;;;;;;;;;;;;;;;;
19:46:20;12;97;9999;074;999;09;111111111111000000000000;000000000000000000000000;11101000;000;_;e;10;001111001100000000000000;____;10;037;071;022;033;039;187;0425687811;;;;;;;;;;;;;;;;;;;;;;;;;;;;;;;;;;;;;;;;;;;;;;;;;;
19:46:33;12;98;9999;076;999;09;111111111111000000000000;000000000000000000000000;11101000;000;_;e;10;001111000100000000000000;____;06;031;055;021;031;035;065;0425687810;;;;;;;;;;;;;;;;;;;;;;;;;;;;;;;;;;;;;;;;;;;;;;;;;;
20:09:58;12;99;9999;079;999;09;111111111111000000000000;000000000000000000000000;11101000;000;_;e;10;001101001100000000000000;____;06;011;048;008;009;028;060;0425687505;;;;;;;;;;;;;;;;;;;;;;;;;;;;;;;;;;;;;;;;;;;;;;;;;;
20:10:25;12;01;9999;060;999;09;111111111111000000000000;000000000000000000000000;11101000;000;_;e;10;001100001100000000000000;____;09;002;078;013;-05;024;126;0425688002;;;;;;;;;;;;;;;;;;;;;;;;;;;;;;;;;;;;;;;;;;;;;;;;;;
20:22:06;12;02;9999;076;999;08;111111111111000000000000;000000000000000000000000;11101000;000;_;e;10;001111000100000000000000;____;05;013;057;017;001;048;069;0425687107;;;;;;;;;;;;;;;;;;;;;;;;;;;;;;;;;;;;;;;;;;;;;;;;;;
20:29:27;12;03;9999;075;999;09;111111111111000000000000;000000000000000000000000;11101000;000;_;e;10;111111101100000000000000;____;04;051;072;024;040;053;159;0425687820;;;;;;;;;;;;;;;;;;;;;;;;;;;;;;;;;;;;;;;;;;;;;;;;;;
20:54:14;12;04;9999;075;999;09;111111111111000000000000;000000000000000000000000;11101000;000;_;e;10;000000110000000000000000;____;08;036;045;008;036;042;034;0425687116;;;;;;;;;;;;;;;;;;;;;;;;;;;;;;;;;;;;;;;;;;;;;;;;;;
20:56:49;12;05;9999;074;999;09;111111111111000000000000;000000000000000000000000;11101000;000;_;e;10;111100000000000000000000;____;04;039;081;028;032;063;052;0425687516;;;;;;;;;;;;;;;;;;;;;;;;;;;;;;;;;;;;;;;;;;;;;;;;;;
21:04:29;12;06;9999;074;999;09;111111111111000000000000;000000000000000000000000;11101000;000;_;e;10;000110000100000000000000;____;10;008;063;021;008;046;047;0425686617;;;;;;;;;;;;;;;;;;;;;;;;;;;;;;;;;;;;;;;;;;;;;;;;;;
21:06:28;12;07;9999;059;999;09;111111111111000000000000;000000000000000000000000;11101000;000;_;e;10;100100000101000000000000;____;10;005;078;005;002;031;059;0425687836;;;;;;;;;;;;;;;;;;;;;;;;;;;;;;;;;;;;;;;;;;;;;;;;;;
21:07:15;12;08;9999;075;999;09;111111111111000000000000;000000000000000000000000;11101000;000;_;e;10;001111111100000000000000;____;06;038;046;019;017;043;106;0425686619;;;;;;;;;;;;;;;;;;;;;;;;;;;;;;;;;;;;;;;;;;;;;;;;;;
21:08:48;12;09;9999;058;999;08;111111111111000000000000;000000000000000000000000;11101000;000;_;e;10;000000000100000000000000;____;10;-05;069;034;-05;-04;046;0425687121;;;;;;;;;;;;;;;;;;;;;;;;;;;;;;;;;;;;;;;;;;;;;;;;;;
21:14:55;12;10;9999;072;999;09;111111111111000000000000;000000000000000000000000;11101000;000;_;e;10;000000001100000000000000;____;10;001;068;018;001;002;041;0425688026;;;;;;;;;;;;;;;;;;;;;;;;;;;;;;;;;;;;;;;;;;;;;;;;;;
21:20:43;12;11;9999;058;999;09;111111111111000000000000;000000000000000000000000;11101000;000;_;e;10;001011001101000000000000;____;03;-04;075;007;-11;035;082;0425687124;;;;;;;;;;;;;;;;;;;;;;;;;;;;;;;;;;;;;;;;;;;;;;;;;;
21:25:08;12;12;9999;060;999;09;111111111111000000000000;000000000000000000000000;11101000;000;_;e;10;000000000001000000000000;____;12;002;074;004;001;002;011;0425688033;;;;;;;;;;;;;;;;;;;;;;;;;;;;;;;;;;;;;;;;;;;;;;;;;;
21:28:19;12;13;9999;078;999;09;111111111111000000000000;000000000000000000000000;11101000;000;_;e;10;001100001100000000000000;____;03;044;083;026;034;045;110;0425686628;;;;;;;;;;;;;;;;;;;;;;;;;;;;;;;;;;;;;;;;;;;;;;;;;;
21:34:51;12;14;9999;078;999;09;111111111111000000000000;000000000000000000000000;11101000;000;_;e;10;110000000000000000000000;____;02;029;100;009;016;049;038;0425687125;;;;;;;;;;;;;;;;;;;;;;;;;;;;;;;;;;;;;;;;;;;;;;;;;;
21:38:45;12;15;9999;074;999;09;111111111111000000000000;000000000000000000000000;11101000;000;_;e;10;001111000000000000000000;____;05;033;059;026;033;038;087;0425672589;;;;;;;;;;;;;;;;;;;;;;;;;;;;;;;;;;;;;;;;;;;;;;;;;;
21:40:35;12;16;9999;073;999;09;111111111111000000000000;000000000000000000000000;11101000;000;_;e;10;000011011100000000000000;____;09;028;063;052;-01;028;089;0425687129;;;;;;;;;;;;;;;;;;;;;;;;;;;;;;;;;;;;;;;;;;;;;;;;;;
21:43:09;12;17;9999;074;999;09;111111111111000000000000;000000000000000000000000;11101000;000;_;e;10;001111101100000000000000;____;05;036;058;039;015;042;090;0425672591;;;;;;;;;;;;;;;;;;;;;;;;;;;;;;;;;;;;;;;;;;;;;;;;;;
21:45:47;12;18;9999;074;999;09;111111111111000000000000;000000000000000000000000;11101000;000;_;e;10;001111001100000000000000;____;09;050;086;027;038;053;098;0425688042;;;;;;;;;;;;;;;;;;;;;;;;;;;;;;;;;;;;;;;;;;;;;;;;;;
21:47:20;12;19;9999;063;999;09;111111111111000000000000;000000000000000000000000;11101000;000;_;e;10;000000000001000000000000;____;12;008;080;004;007;008;025;0425688044;;;;;;;;;;;;;;;;;;;;;;;;;;;;;;;;;;;;;;;;;;;;;;;;;;
21:56:42;12;20;9999;055;999;09;111111111111000000000000;000000000000000000000000;11101000;000;_;e;10;110000000000000000000000;____;02;011;094;004;011;024;008;0425672596;;;;;;;;;;;;;;;;;;;;;;;;;;;;;;;;;;;;;;;;;;;;;;;;;;
22:06:09;12;21;9999;076;999;09;111111111111000000000000;000000000000000000000000;11101000;000;_;e;10;011111000100000000000000;____;05;019;064;012;019;060;116;0425686641;;;;;;;;;;;;;;;;;;;;;;;;;;;;;;;;;;;;;;;;;;;;;;;;;;
22:10:07;12;22;9999;074;999;09;111111111111000000000000;000000000000000000000000;11101000;000;_;e;10;100010111000000000000000;____;07;044;051;029;024;045;055;0425672599;;;;;;;;;;;;;;;;;;;;;;;;;;;;;;;;;;;;;;;;;;;;;;;;;;
22:10:29;12;23;9999;056;999;09;111111111111000000000000;000000000000000000000000;11101000;000;_;e;10;110001010000000000000000;____;02;063;081;013;061;067;066;0425652083;;;;;;;;;;;;;;;;;;;;;;;;;;;;;;;;;;;;;;;;;;;;;;;;;;
22:12:45;12;24;9999;064;999;08;111111111111000000000000;000000000000000000000000;11101000;000;_;e;10;001111111110000000000000;____;06;043;042;021;037;056;164;0425686643;;;;;;;;;;;;;;;;;;;;;;;;;;;;;;;;;;;;;;;;;;;;;;;;;;
22:18:34;12;25;9999;076;999;09;111111111111000000000000;000000000000000000000000;11101000;000;_;e;10;100000000000000000000000;____;01;055;090;024;055;055;003;0425687147;;;;;;;;;;;;;;;;;;;;;;;;;;;;;;;;;;;;;;;;;;;;;;;;;;
22:19:34;12;26;9999;075;999;08;111111111111000000000000;000000000000000000000000;11101000;000;_;e;10;111100001000000000000000;____;01;031;090;028;031;039;100;0425672593;;;;;;;;;;;;;;;;;;;;;;;;;;;;;;;;;;;;;;;;;;;;;;;;;;
22:23:53;12;27;9999;077;999;08;111111111111000000000000;000000000000000000000000;11101000;000;_;e;10;110100000101000000000000;____;01;044;100;012;016;045;064;0425688047;;;;;;;;;;;;;;;;;;;;;;;;;;;;;;;;;;;;;;;;;;;;;;;;;;
