RDT400 Server V3.30
Site: 
System: Barcode scanner PLC02 (Sick); System type: OPS
Date: 11-12-2024  00:00:35
Date    ;ID;CT;IDX ;TLE;TGA;V ;DEVICE LIST             ;ERROR LIST              ;OUTPUT  ;ENR;R;CODE1 ID;LENGTH;READ LIST;RES;CLV ID;XPOS;YPOS;ZPOS;XMIN;XMAX;CS;CODE CONTENT;XPOS;YPOS;ZPOS;XMIN;XMAX;CS;CODE CONTENT;CODE2 ID;LENGTH;READ LIST;RES;CLV ID;XPOS;YPOS;ZPOS;XMIN;XMAX;CS;CODE CONTENT;XPOS;YPOS;ZPOS;XMIN;XMAX;CS;CODE CONTENT;CODE3 ID;LENGTH;READ LIST;RES;CLV ID;XPOS;YPOS;ZPOS;XMIN;XMAX;CS;CODE CONTENT;XPOS;YPOS;ZPOS;XMIN;XMAX;CS;CODE CONTENT;INFO1;INFO2;CUSTOM1;CUSTOM2;
04:33:57;12;43;9999;074;999;08;111111111111000000000000;000000000000000000000000;11101000;000;_;e;10;011100000000000000000000;____;03;035;083;039;034;036;073;0425539733;;;;;;;;;;;;;;;;;;;;;;;;;;;;;;;;;;;;;;;;;;;;;;;;;;
04:34:50;12;44;9999;074;999;08;111111111111000000000000;000000000000000000000000;11101000;000;_;e;10;101100000100000000000000;____;03;041;078;038;039;053;033;0425539734;;;;;;;;;;;;;;;;;;;;;;;;;;;;;;;;;;;;;;;;;;;;;;;;;;
04:36:33;12;45;9999;077;999;08;111111111111000000000000;000000000000000000000000;11101000;000;_;e;10;000000000101000000000000;____;10;003;078;012;003;008;037;0425539735;;;;;;;;;;;;;;;;;;;;;;;;;;;;;;;;;;;;;;;;;;;;;;;;;;
04:41:37;12;46;9999;075;999;08;111111111111000000000000;000000000000000000000000;11101000;000;_;e;10;110000100000000000000000;____;07;043;048;034;023;047;033;0425538975;;;;;;;;;;;;;;;;;;;;;;;;;;;;;;;;;;;;;;;;;;;;;;;;;;
04:45:54;12;47;9999;061;999;09;111111111111000000000000;000000000000000000000000;11101000;000;_;e;10;001111001101000000000000;____;03;-02;066;000;-16;003;123;0425538976;;;;;;;;;;;;;;;;;;;;;;;;;;;;;;;;;;;;;;;;;;;;;;;;;;
04:48:20;12;48;9999;076;999;09;111111111111000000000000;000000000000000000000000;11101000;000;_;e;10;000011110100000000000000;____;05;025;058;028;025;033;096;0425541517;;;;;;;;;;;;;;;;;;;;;;;;;;;;;;;;;;;;;;;;;;;;;;;;;;
04:49:33;12;49;9999;073;999;09;111111111111000000000000;000000000000000000000000;11101000;000;_;e;10;101100001000000000000000;____;03;036;077;031;033;039;052;0425538978;;;;;;;;;;;;;;;;;;;;;;;;;;;;;;;;;;;;;;;;;;;;;;;;;;
04:50:16;12;50;9999;074;999;09;111111111111000000000000;000000000000000000000000;11101000;000;_;e;10;001101000100000000000000;____;04;039;072;035;038;041;073;0425539159;;;;;;;;;;;;;;;;;;;;;;;;;;;;;;;;;;;;;;;;;;;;;;;;;;
04:53:11;12;51;9999;079;999;09;111111111111000000000000;000000000000000000000000;11101000;000;_;e;10;001100001100000000000000;____;03;062;072;012;043;067;091;0425540823;;;;;;;;;;;;;;;;;;;;;;;;;;;;;;;;;;;;;;;;;;;;;;;;;;
04:55:33;12;52;9999;076;999;08;111111111111000000000000;000000000000000000000000;11101000;000;_;e;10;101101000000000000000000;____;01;037;086;042;032;043;039;0425539034;;;;;;;;;;;;;;;;;;;;;;;;;;;;;;;;;;;;;;;;;;;;;;;;;;
04:56:24;12;53;9999;076;999;08;111111111111000000000000;000000000000000000000000;11101000;000;_;e;10;001111000000000000000000;____;05;042;082;039;035;047;081;0425539036;;;;;;;;;;;;;;;;;;;;;;;;;;;;;;;;;;;;;;;;;;;;;;;;;;
05:04:32;12;54;9999;076;999;09;111111111111000000000000;000000000000000000000000;11101000;000;_;e;10;001011101100000000000000;____;05;039;060;038;035;044;074;0425540827;;;;;;;;;;;;;;;;;;;;;;;;;;;;;;;;;;;;;;;;;;;;;;;;;;
05:05:45;12;55;9999;076;999;09;111111111111000000000000;000000000000000000000000;11101000;000;_;e;10;111101001100000000000000;____;04;019;077;026;014;074;086;0425540826;;;;;;;;;;;;;;;;;;;;;;;;;;;;;;;;;;;;;;;;;;;;;;;;;;
05:06:58;12;56;9999;074;999;09;111111111111000000000000;000000000000000000000000;11101000;000;_;e;10;000111001100000000000000;____;04;050;056;028;044;051;065;0425539039;;;;;;;;;;;;;;;;;;;;;;;;;;;;;;;;;;;;;;;;;;;;;;;;;;
05:11:54;12;57;9999;058;999;09;111111111111000000000000;000000000000000000000000;11101000;000;_;e;10;000100000100000000000000;____;10;-02;078;006;-02;006;037;0425539040;;;;;;;;;;;;;;;;;;;;;;;;;;;;;;;;;;;;;;;;;;;;;;;;;;
05:12:41;12;58;9999;077;999;09;111111111111000000000000;000000000000000000000000;11101000;000;_;e;10;000010101100000000000000;____;05;046;047;030;025;050;061;0425539738;;;;;;;;;;;;;;;;;;;;;;;;;;;;;;;;;;;;;;;;;;;;;;;;;;
05:15:54;12;59;9999;055;999;09;111111111111000000000000;000000000000000000000000;11101000;000;_;e;10;001111001100000000000000;____;10;-09;078;011;-11;009;133;0425540071;;;;;;;;;;;;;;;;;;;;;;;;;;;;;;;;;;;;;;;;;;;;;;;;;;
05:22:28;12;60;9999;062;999;09;111111111111000000000000;000000000000000000000000;11101000;000;_;e;10;000011110000000000000000;____;07;034;048;017;031;034;077;0425538980;;;;;;;;;;;;;;;;;;;;;;;;;;;;;;;;;;;;;;;;;;;;;;;;;;
05:22:45;12;61;9999;074;999;09;111111111111000000000000;000000000000000000000000;11101000;000;_;e;10;001011000100000000000000;____;10;015;074;008;012;041;037;0425539167;;;;;;;;;;;;;;;;;;;;;;;;;;;;;;;;;;;;;;;;;;;;;;;;;;
05:23:10;12;62;9999;055;999;08;111111111111000000000000;000000000000000000000000;11101000;000;_;e;10;001100000010000000000000;____;11;035;046;004;032;035;040;0425540829;;;;;;;;;;;;;;;;;;;;;;;;;;;;;;;;;;;;;;;;;;;;;;;;;;
05:23:54;12;63;9999;043;999;09;111111111111000000000000;000000000000000000000000;11101000;000;_;e;10;001111001100000000000000;____;09;-03;079;021;-05;015;066;0425536982;;;;;;;;;;;;;;;;;;;;;;;;;;;;;;;;;;;;;;;;;;;;;;;;;;
05:25:41;12;64;9999;075;999;09;111111111111000000000000;000000000000000000000000;11001000;000;_;e;10;000000001101000000000000;____;10;073;077;021;027;074;022;0425536981;029;068;004;029;052;019;0050114718;;;;;;;;;;;;;;;;;;;;;;;;;;;;;;;;;;;;;;;;;;;
05:26:14;12;65;9999;066;999;09;111111111111000000000000;000000000000000000000000;11101000;000;_;e;10;110000000001000000000000;____;01;050;088;010;030;051;029;0425536986;;;;;;;;;;;;;;;;;;;;;;;;;;;;;;;;;;;;;;;;;;;;;;;;;;
05:34:35;12;66;9999;054;999;09;111111111111000000000000;000000000000000000000000;11101000;000;_;e;10;000100000000000000000000;____;04;-05;069;013;-05;-05;013;0425539171;;;;;;;;;;;;;;;;;;;;;;;;;;;;;;;;;;;;;;;;;;;;;;;;;;
05:34:48;12;67;9999;074;999;09;111111111111000000000000;000000000000000000000000;11101000;000;_;e;10;001111001000000000000000;____;05;054;054;039;053;058;109;0425536989;;;;;;;;;;;;;;;;;;;;;;;;;;;;;;;;;;;;;;;;;;;;;;;;;;
05:35:43;12;68;9999;057;999;09;111111111111000000000000;000000000000000000000000;11101000;000;_;e;10;000000100001000000000000;____;12;002;069;004;002;006;009;0425538984;;;;;;;;;;;;;;;;;;;;;;;;;;;;;;;;;;;;;;;;;;;;;;;;;;
05:38:22;12;69;9999;075;999;09;111111111111000000000000;000000000000000000000000;11101000;000;_;e;10;001111101100000000000000;____;09;073;068;033;064;073;152;0425540076;;;;;;;;;;;;;;;;;;;;;;;;;;;;;;;;;;;;;;;;;;;;;;;;;;
05:38:56;12;70;9999;068;999;09;111111111111000000000000;000000000000000000000000;11101000;000;_;e;10;110000000000000000000000;____;01;043;101;016;040;046;073;0425540073;;;;;;;;;;;;;;;;;;;;;;;;;;;;;;;;;;;;;;;;;;;;;;;;;;
05:39:47;12;71;9999;057;999;09;111111111111000000000000;000000000000000000000000;11101000;000;_;e;10;001110001001000000000000;____;03;063;068;015;062;069;083;0425540075;;;;;;;;;;;;;;;;;;;;;;;;;;;;;;;;;;;;;;;;;;;;;;;;;;
05:40:47;12;72;9999;056;999;09;111111111111000000000000;000000000000000000000000;11101000;000;_;e;10;110000000000000000000000;____;02;028;100;007;014;029;034;0425538988;;;;;;;;;;;;;;;;;;;;;;;;;;;;;;;;;;;;;;;;;;;;;;;;;;
05:42:30;12;73;9999;074;999;09;111111111111000000000000;000000000000000000000000;11101000;000;_;e;10;001111001100000000000000;____;10;032;063;020;030;039;222;0425539052;;;;;;;;;;;;;;;;;;;;;;;;;;;;;;;;;;;;;;;;;;;;;;;;;;
05:42:38;12;74;9999;061;593;09;111111111111000000000000;000000000000000000000000;11101000;000;_;e;10;001111101101000000000000;____;09;068;076;008;035;070;074;0425540833;;;;;;;;;;;;;;;;;;;;;;;;;;;;;;;;;;;;;;;;;;;;;;;;;;
05:43:22;12;75;9999;078;999;09;111111111111000000000000;000000000000000000000000;11010000;000;_;;;;;;;;;;;;;;;;;;;;;;;;;;;;;;;;;;;;;;;;;;;;;;;;;;;;;;;;;;;;;;
05:45:35;12;76;9999;076;999;09;111111111111000000000000;000000000000000000000000;11101000;000;_;e;10;000011001100000000000000;____;06;031;056;006;030;034;043;0425539053;;;;;;;;;;;;;;;;;;;;;;;;;;;;;;;;;;;;;;;;;;;;;;;;;;
05:45:47;12;77;9999;075;972;09;111111111111000000000000;000000000000000000000000;11101000;000;_;e;10;000001001000000000000000;____;09;049;067;034;047;050;026;0425539054;;;;;;;;;;;;;;;;;;;;;;;;;;;;;;;;;;;;;;;;;;;;;;;;;;
05:46:18;12;78;9999;061;999;09;111111111111000000000000;000000000000000000000000;11101000;000;_;e;10;001111001101000000000000;____;10;-07;072;011;-10;-01;114;0425539055;;;;;;;;;;;;;;;;;;;;;;;;;;;;;;;;;;;;;;;;;;;;;;;;;;
05:47:21;12;79;9999;052;999;09;111111111111000000000000;000000000000000000000000;11101000;000;_;e;10;001101001100000000000000;____;10;-09;081;017;-20;015;067;0425539742;;;;;;;;;;;;;;;;;;;;;;;;;;;;;;;;;;;;;;;;;;;;;;;;;;
05:49:01;12;80;9999;073;999;09;111111111111000000000000;000000000000000000000000;11010000;000;_;;;;;;;;;;;;;;;;;;;;;;;;;;;;;;;;;;;;;;;;;;;;;;;;;;;;;;;;;;;;;;
05:50:04;12;81;9999;048;999;09;111111111111000000000000;000000000000000000000000;11101000;000;_;e;10;001100001101000000000000;____;10;-06;082;009;-11;020;129;0425539743;;;;;;;;;;;;;;;;;;;;;;;;;;;;;;;;;;;;;;;;;;;;;;;;;;
05:50:05;12;82;9999;072;062;09;111111111111000000000000;000000000000000000000000;11101000;000;_;e;10;000000001101000000000000;____;12;-01;073;004;-01;023;023;0425540078;;;;;;;;;;;;;;;;;;;;;;;;;;;;;;;;;;;;;;;;;;;;;;;;;;
05:51:13;12;83;9999;075;999;09;111111111111000000000000;000000000000000000000000;11101000;000;_;e;10;001101000100000000000000;____;04;033;088;021;024;037;043;0425539172;;;;;;;;;;;;;;;;;;;;;;;;;;;;;;;;;;;;;;;;;;;;;;;;;;
05:52:17;12;84;9999;056;999;09;111111111111000000000000;000000000000000000000000;11101000;000;_;e;10;001101001100000000000000;____;10;004;079;024;-09;011;107;0425536994;;;;;;;;;;;;;;;;;;;;;;;;;;;;;;;;;;;;;;;;;;;;;;;;;;
05:53:29;12;85;9999;059;999;09;111111111111000000000000;000000000000000000000000;11101000;000;_;e;10;110100000001000000000000;____;02;007;093;009;005;012;077;0425540079;;;;;;;;;;;;;;;;;;;;;;;;;;;;;;;;;;;;;;;;;;;;;;;;;;
05:55:34;12;86;9999;056;999;09;111111111111000000000000;000000000000000000000000;11101000;000;_;e;10;111000000000000000000000;____;02;033;100;021;031;034;047;0425539745;;;;;;;;;;;;;;;;;;;;;;;;;;;;;;;;;;;;;;;;;;;;;;;;;;
05:56:16;12;87;9999;074;999;09;111111111111000000000000;000000000000000000000000;11101000;000;_;e;10;111100000100000000000000;____;01;036;100;025;004;039;054;0425539746;;;;;;;;;;;;;;;;;;;;;;;;;;;;;;;;;;;;;;;;;;;;;;;;;;
06:01:30;12;88;9999;066;999;09;111111111111000000000000;000000000000000000000000;11101000;000;_;e;10;001000001000000000000000;____;09;-10;081;024;-11;015;058;0425539748;;;;;;;;;;;;;;;;;;;;;;;;;;;;;;;;;;;;;;;;;;;;;;;;;;
06:02:15;12;89;9999;061;999;09;111111111111000000000000;000000000000000000000000;11101000;000;_;e;10;010100001101000000000000;____;10;002;085;002;-01;047;093;0425543401;;;;;;;;;;;;;;;;;;;;;;;;;;;;;;;;;;;;;;;;;;;;;;;;;;
06:02:21;12;90;9999;074;457;09;111111111111000000000000;000000000000000000000000;11101000;000;_;e;10;001111001100000000000000;____;03;046;085;026;026;060;069;0425539749;;;;;;;;;;;;;;;;;;;;;;;;;;;;;;;;;;;;;;;;;;;;;;;;;;
06:02:43;12;91;9999;071;999;09;111111111111000000000000;000000000000000000000000;11101000;000;_;e;10;001111001100000000000000;____;04;019;068;044;015;042;154;0425539059;;;;;;;;;;;;;;;;;;;;;;;;;;;;;;;;;;;;;;;;;;;;;;;;;;
06:02:59;12;92;9999;074;999;09;111111111111000000000000;000000000000000000000000;11101000;000;_;e;10;001111100100000000000000;____;06;046;048;051;028;051;056;0425539060;;;;;;;;;;;;;;;;;;;;;;;;;;;;;;;;;;;;;;;;;;;;;;;;;;
06:04:21;12;93;9999;073;999;09;111111111111000000000000;000000000000000000000000;11101000;000;_;e;10;110000000100000000000000;____;01;026;099;014;000;050;068;0425539061;;;;;;;;;;;;;;;;;;;;;;;;;;;;;;;;;;;;;;;;;;;;;;;;;;
06:05:30;12;94;9999;077;999;09;111111111111000000000000;000000000000000000000000;11101000;000;_;e;10;001000000100000000000000;____;10;-03;078;018;-03;019;032;0425539750;;;;;;;;;;;;;;;;;;;;;;;;;;;;;;;;;;;;;;;;;;;;;;;;;;
06:07:38;12;95;9999;074;999;09;111111111111000000000000;000000000000000000000000;11101000;000;_;e;10;001100000100000000000000;____;04;033;094;036;002;033;033;0425539751;;;;;;;;;;;;;;;;;;;;;;;;;;;;;;;;;;;;;;;;;;;;;;;;;;
06:08:03;12;96;9999;059;999;09;111111111111000000000000;000000000000000000000000;11101000;000;_;e;10;001111001101000000000000;____;10;-06;083;011;-14;015;135;0425538993;;;;;;;;;;;;;;;;;;;;;;;;;;;;;;;;;;;;;;;;;;;;;;;;;;
06:08:58;12;97;9999;075;999;09;111111111111000000000000;000000000000000000000000;11101000;000;_;e;10;100110001000000000000000;____;05;044;060;027;035;047;074;0425539062;;;;;;;;;;;;;;;;;;;;;;;;;;;;;;;;;;;;;;;;;;;;;;;;;;
06:09:51;12;98;9999;064;999;09;111111111111000000000000;000000000000000000000000;11101000;000;_;e;10;000110110000000000000000;____;07;039;056;027;036;042;039;0425539752;;;;;;;;;;;;;;;;;;;;;;;;;;;;;;;;;;;;;;;;;;;;;;;;;;
06:10:29;12;99;9999;076;999;09;111111111111000000000000;000000000000000000000000;11101000;000;_;e;10;001101000000000000000000;____;04;038;092;017;037;040;071;0425540083;;;;;;;;;;;;;;;;;;;;;;;;;;;;;;;;;;;;;;;;;;;;;;;;;;
06:12:11;12;01;9999;054;999;09;111111111111000000000000;000000000000000000000000;11101000;000;_;e;10;000100001100000000000000;____;10;-01;078;021;-01;010;076;0425540837;;;;;;;;;;;;;;;;;;;;;;;;;;;;;;;;;;;;;;;;;;;;;;;;;;
06:12:50;12;02;9999;050;999;09;111111111111000000000000;000000000000000000000000;11010000;000;_;;;;;;;;;;;;;;;;;;;;;;;;;;;;;;;;;;;;;;;;;;;;;;;;;;;;;;;;;;;;;;
06:13:03;12;03;9999;076;999;09;111111111111000000000000;000000000000000000000000;11101000;000;_;e;10;001101001100000000000000;____;09;009;078;017;-02;011;083;0425543404;;;;;;;;;;;;;;;;;;;;;;;;;;;;;;;;;;;;;;;;;;;;;;;;;;
06:14:41;12;04;9999;076;999;09;111111111111000000000000;000000000000000000000000;11101000;000;_;e;10;000100001100000000000000;____;04;036;080;031;035;041;092;0425538994;;;;;;;;;;;;;;;;;;;;;;;;;;;;;;;;;;;;;;;;;;;;;;;;;;
06:15:15;12;05;9999;039;999;09;111111111111000000000000;000000000000000000000000;11101000;000;_;e;10;000000000101000000000000;____;10;017;053;017;010;018;036;0425539754;;;;;;;;;;;;;;;;;;;;;;;;;;;;;;;;;;;;;;;;;;;;;;;;;;
06:16:03;12;06;9999;078;999;09;111111111111000000000000;000000000000000000000000;11101000;000;_;e;10;000111010100000000000000;____;10;037;083;037;034;051;066;0425543405;;;;;;;;;;;;;;;;;;;;;;;;;;;;;;;;;;;;;;;;;;;;;;;;;;
06:16:45;12;07;9999;059;999;09;111111111111000000000000;000000000000000000000000;11101000;000;_;e;10;001111000111000000000000;____;05;-05;062;006;-11;018;168;0425543407;;;;;;;;;;;;;;;;;;;;;;;;;;;;;;;;;;;;;;;;;;;;;;;;;;
06:18:45;12;08;9999;075;999;09;111111111111000000000000;000000000000000000000000;11101000;000;_;e;10;000110001100000000000000;____;10;008;076;010;007;049;064;0425539177;;;;;;;;;;;;;;;;;;;;;;;;;;;;;;;;;;;;;;;;;;;;;;;;;;
06:20:37;12;09;9999;069;999;09;111111111111000000000000;000000000000000000000000;11101000;000;_;e;10;000011101110000000000000;____;06;039;029;016;011;058;042;0425539756;;;;;;;;;;;;;;;;;;;;;;;;;;;;;;;;;;;;;;;;;;;;;;;;;;
06:21:02;12;10;9999;075;999;09;111111111111000000000000;000000000000000000000000;11101000;000;_;e;10;001101000100000000000000;____;04;035;081;022;020;037;065;0425543408;;;;;;;;;;;;;;;;;;;;;;;;;;;;;;;;;;;;;;;;;;;;;;;;;;
06:21:10;12;11;9999;077;637;09;111111111111000000000000;000000000000000000000000;11101000;000;_;e;10;110000001100000000000000;____;02;039;099;010;003;052;043;0425543409;;;;;;;;;;;;;;;;;;;;;;;;;;;;;;;;;;;;;;;;;;;;;;;;;;
06:22:44;12;12;9999;072;999;09;111111111111000000000000;000000000000000000000000;11101000;000;_;e;10;110100000100000000000000;____;01;038;101;012;000;043;039;0425543411;;;;;;;;;;;;;;;;;;;;;;;;;;;;;;;;;;;;;;;;;;;;;;;;;;
06:22:50;12;13;9999;052;410;09;111111111111000000000000;000000000000000000000000;11010000;000;_;;;;;;;;;;;;;;;;;;;;;;;;;;;;;;;;;;;;;;;;;;;;;;;;;;;;;;;;;;;;;;
06:23:19;12;14;9999;074;999;09;111111111111000000000000;000000000000000000000000;11101000;000;_;e;10;001111001100000000000000;____;06;036;057;026;001;039;102;0425539179;;;;;;;;;;;;;;;;;;;;;;;;;;;;;;;;;;;;;;;;;;;;;;;;;;
06:24:57;12;15;9999;057;999;09;111111111111000000000000;000000000000000000000000;11101000;000;_;e;10;000000100001000000000000;____;12;007;076;004;005;013;023;0425539758;;;;;;;;;;;;;;;;;;;;;;;;;;;;;;;;;;;;;;;;;;;;;;;;;;
06:25:19;12;16;9999;060;999;09;111111111111000000000000;000000000000000000000000;11010000;000;_;;;;;;;;;;;;;;;;;;;;;;;;;;;;;;;;;;;;;;;;;;;;;;;;;;;;;;;;;;;;;;
06:26:06;12;17;9999;051;999;09;111111111111000000000000;000000000000000000000000;11101000;000;_;e;10;010000000000000000000000;____;02;035;095;017;008;035;009;0425539760;;;;;;;;;;;;;;;;;;;;;;;;;;;;;;;;;;;;;;;;;;;;;;;;;;
06:26:50;12;18;9999;075;999;09;111111111111000000000000;000000000000000000000000;11101000;000;_;e;10;010011110000000000000000;____;07;048;042;024;043;048;068;0425541524;;;;;;;;;;;;;;;;;;;;;;;;;;;;;;;;;;;;;;;;;;;;;;;;;;
06:29:14;12;19;9999;065;999;09;111111111111000000000000;000000000000000000000000;11101000;000;_;e;10;001111101000000000000000;____;05;034;049;010;033;038;122;0425538996;;;;;;;;;;;;;;;;;;;;;;;;;;;;;;;;;;;;;;;;;;;;;;;;;;
06:29:28;12;20;9999;075;999;09;111111111111000000000000;000000000000000000000000;11101000;000;_;e;10;000001001000000000000000;____;06;010;067;027;010;063;010;0425540840;;;;;;;;;;;;;;;;;;;;;;;;;;;;;;;;;;;;;;;;;;;;;;;;;;
06:29:35;12;21;9999;061;595;09;111111111111000000000000;000000000000000000000000;11101000;000;_;e;10;011100001100000000000000;____;09;053;083;024;044;057;088;0425538997;;;;;;;;;;;;;;;;;;;;;;;;;;;;;;;;;;;;;;;;;;;;;;;;;;
06:32:09;12;22;9999;068;999;09;111111111111000000000000;000000000000000000000000;11101000;000;_;e;10;000000001100000000000000;____;10;011;079;018;011;016;034;0425543415;;;;;;;;;;;;;;;;;;;;;;;;;;;;;;;;;;;;;;;;;;;;;;;;;;
06:35:01;12;23;9999;075;999;09;111111111111000000000000;000000000000000000000000;11101000;000;_;e;10;001111001100000000000000;____;04;050;066;045;047;053;060;0425543419;;;;;;;;;;;;;;;;;;;;;;;;;;;;;;;;;;;;;;;;;;;;;;;;;;
06:35:44;12;24;9999;075;999;09;111111111111000000000000;000000000000000000000000;11101000;000;_;e;10;001111001100000000000000;____;04;059;060;026;034;060;142;0425543421;;;;;;;;;;;;;;;;;;;;;;;;;;;;;;;;;;;;;;;;;;;;;;;;;;
06:37:26;12;25;9999;059;999;09;111111111111000000000000;000000000000000000000000;11101000;000;_;e;10;001111111001000000000000;____;07;031;052;007;012;033;074;0425539764;;;;;;;;;;;;;;;;;;;;;;;;;;;;;;;;;;;;;;;;;;;;;;;;;;
06:38:17;12;26;9999;063;999;09;111111111111000000000000;000000000000000000000000;11101000;000;_;e;10;001111000111000000000000;____;10;000;054;005;-02;017;155;0425543422;;;;;;;;;;;;;;;;;;;;;;;;;;;;;;;;;;;;;;;;;;;;;;;;;;
06:38:26;12;27;9999;076;668;08;111111111111000000000000;000000000000000000000000;11010000;000;_;;;;;;;;;;;;;;;;;;;;;;;;;;;;;;;;;;;;;;;;;;;;;;;;;;;;;;;;;;;;;;
06:39:43;12;28;9999;064;999;09;111111111111000000000000;000000000000000000000000;11101000;000;_;e;10;000000000001000000000000;____;12;009;081;004;008;009;030;0425543423;;;;;;;;;;;;;;;;;;;;;;;;;;;;;;;;;;;;;;;;;;;;;;;;;;
06:39:56;12;29;9999;076;999;09;111111111111000000000000;000000000000000000000000;11101000;000;_;e;10;011011110000000000000000;____;07;025;054;026;021;045;097;0425539182;;;;;;;;;;;;;;;;;;;;;;;;;;;;;;;;;;;;;;;;;;;;;;;;;;
06:40:18;12;30;9999;056;999;09;111111111111000000000000;000000000000000000000000;11101000;000;_;e;10;001111110100000000000000;____;06;035;056;007;035;041;071;0425540090;;;;;;;;;;;;;;;;;;;;;;;;;;;;;;;;;;;;;;;;;;;;;;;;;;
06:42:01;12;31;9999;058;999;09;111111111111000000000000;000000000000000000000000;11101000;000;_;e;10;001001110010000000000000;____;08;027;050;018;024;028;045;0425539765;;;;;;;;;;;;;;;;;;;;;;;;;;;;;;;;;;;;;;;;;;;;;;;;;;
06:42:52;12;32;9999;065;999;09;111111111111000000000000;000000000000000000000000;11101000;000;_;e;10;110000000000000000000000;____;02;035;099;009;035;037;017;0425539766;;;;;;;;;;;;;;;;;;;;;;;;;;;;;;;;;;;;;;;;;;;;;;;;;;
06:43:00;12;33;9999;063;668;09;111111111111000000000000;000000000000000000000000;11101000;000;_;e;10;000000000101000000000000;____;10;004;078;017;004;005;009;0425540843;;;;;;;;;;;;;;;;;;;;;;;;;;;;;;;;;;;;;;;;;;;;;;;;;;
06:44:09;12;34;9999;075;999;09;111111111111000000000000;000000000000000000000000;11101000;000;_;e;10;001101000000000000000000;____;04;048;084;019;046;048;057;0425543424;;;;;;;;;;;;;;;;;;;;;;;;;;;;;;;;;;;;;;;;;;;;;;;;;;
06:46:35;12;35;9999;079;999;09;111111111111000000000000;000000000000000000000000;11101000;000;_;e;10;000011111100000000000000;____;05;050;054;022;043;053;110;0425543425;;;;;;;;;;;;;;;;;;;;;;;;;;;;;;;;;;;;;;;;;;;;;;;;;;
06:49:43;12;36;9999;078;999;09;111111111111000000000000;000000000000000000000000;11101000;000;_;e;10;001111001100000000000000;____;05;047;057;023;009;050;245;0425541528;;;;;;;;;;;;;;;;;;;;;;;;;;;;;;;;;;;;;;;;;;;;;;;;;;
06:49:56;12;37;9999;075;999;09;111111111111000000000000;000000000000000000000000;11101000;000;_;e;10;000100001100000000000000;____;04;038;083;041;038;044;036;0425540844;;;;;;;;;;;;;;;;;;;;;;;;;;;;;;;;;;;;;;;;;;;;;;;;;;
06:52:12;12;38;9999;055;999;09;111111111111000000000000;000000000000000000000000;11101000;000;_;e;10;000000000100000000000000;____;10;007;070;008;-04;007;004;0425540095;;;;;;;;;;;;;;;;;;;;;;;;;;;;;;;;;;;;;;;;;;;;;;;;;;
06:52:24;12;39;9999;059;997;09;111111111111000000000000;000000000000000000000000;11101000;000;_;e;10;001111001100000000000000;____;10;008;079;025;-04;031;073;0425539768;;;;;;;;;;;;;;;;;;;;;;;;;;;;;;;;;;;;;;;;;;;;;;;;;;
06:52:38;12;40;9999;075;999;09;111111111111000000000000;000000000000000000000000;11101000;000;_;e;10;001101001100000000000000;____;03;039;077;030;014;042;069;0425543601;;;;;;;;;;;;;;;;;;;;;;;;;;;;;;;;;;;;;;;;;;;;;;;;;;
06:53:47;12;41;9999;056;999;09;111111111111000000000000;000000000000000000000000;11101000;000;_;e;10;001111001001000000000000;____;09;069;072;012;016;070;121;0425539767;;;;;;;;;;;;;;;;;;;;;;;;;;;;;;;;;;;;;;;;;;;;;;;;;;
06:55:04;12;42;9999;082;999;09;111111111111000000000000;000000000000000000000000;11101000;000;_;e;10;000110001100000000000000;____;10;-04;086;005;-13;077;094;0425540096;;;;;;;;;;;;;;;;;;;;;;;;;;;;;;;;;;;;;;;;;;;;;;;;;;
06:56:29;12;43;9999;075;999;09;111111111111000000000000;000000000000000000000000;11101000;000;_;e;10;001101001000000000000000;____;03;037;075;032;035;037;072;0425541529;;;;;;;;;;;;;;;;;;;;;;;;;;;;;;;;;;;;;;;;;;;;;;;;;;
06:58:20;12;44;9999;075;999;09;111111111111000000000000;000000000000000000000000;11101000;000;_;e;10;001101001000000000000000;____;09;006;064;009;004;044;096;0425543101;;;;;;;;;;;;;;;;;;;;;;;;;;;;;;;;;;;;;;;;;;;;;;;;;;
07:02:51;12;45;9999;075;999;09;111111111111000000000000;000000000000000000000000;11101000;000;_;e;10;001110000100000000000000;____;03;045;065;029;039;050;057;0425541534;;;;;;;;;;;;;;;;;;;;;;;;;;;;;;;;;;;;;;;;;;;;;;;;;;
07:03:03;12;46;9999;075;946;09;111111111111000000000000;000000000000000000000000;11101000;000;_;e;10;110000000000000000000000;____;01;043;100;017;043;043;011;0425543431;;;;;;;;;;;;;;;;;;;;;;;;;;;;;;;;;;;;;;;;;;;;;;;;;;
07:03:16;12;47;9999;066;999;09;111111111111000000000000;000000000000000000000000;11101000;000;_;e;10;001111001101000000000000;____;03;-08;065;012;-12;009;129;0425539771;;;;;;;;;;;;;;;;;;;;;;;;;;;;;;;;;;;;;;;;;;;;;;;;;;
07:03:46;12;48;9999;075;999;09;111111111111000000000000;000000000000000000000000;11101000;000;_;e;10;101010011100000000000000;____;03;049;083;032;040;050;066;0425541533;;;;;;;;;;;;;;;;;;;;;;;;;;;;;;;;;;;;;;;;;;;;;;;;;;
07:08:15;12;49;9999;074;999;09;111111111111000000000000;000000000000000000000000;11101000;000;_;e;10;000011001100000000000000;____;10;010;056;022;010;013;088;0425543102;;;;;;;;;;;;;;;;;;;;;;;;;;;;;;;;;;;;;;;;;;;;;;;;;;
07:09:41;12;50;9999;066;999;09;111111111111000000000000;000000000000000000000000;11101000;000;_;e;10;000111001100000000000000;____;04;003;067;025;-12;006;108;0425543433;;;;;;;;;;;;;;;;;;;;;;;;;;;;;;;;;;;;;;;;;;;;;;;;;;
07:10:50;12;51;9999;074;999;09;111111111111000000000000;000000000000000000000000;11101000;000;_;e;10;001111001100000000000000;____;04;001;074;023;-02;006;051;0425543432;;;;;;;;;;;;;;;;;;;;;;;;;;;;;;;;;;;;;;;;;;;;;;;;;;
07:41:45;12;52;9999;072;999;09;111111111111000000000000;000000000000000000000000;11001000;000;_;e;10;000000100110000000000000;____;11;007;054;004;007;007;011;0425543608;034;045;021;034;045;008;0235379225;;;;;;;;;;;;;;;;;;;;;;;;;;;;;;;;;;;;;;;;;;;
07:43:12;12;53;9999;064;999;09;111111111111000000000000;000000000000000000000000;11101000;000;_;e;10;111011011100000000000000;____;01;035;097;023;000;043;126;0425543609;;;;;;;;;;;;;;;;;;;;;;;;;;;;;;;;;;;;;;;;;;;;;;;;;;
07:57:34;12;54;9999;059;999;09;111111111111000000000000;000000000000000000000000;11101000;000;_;e;10;110000000000000000000000;____;01;036;100;012;033;036;052;0425543108;;;;;;;;;;;;;;;;;;;;;;;;;;;;;;;;;;;;;;;;;;;;;;;;;;
08:05:02;12;55;9999;054;999;09;111111111111000000000000;000000000000000000000000;11101000;000;_;e;10;000100000100000000000000;____;10;002;079;018;002;005;035;0425543621;;;;;;;;;;;;;;;;;;;;;;;;;;;;;;;;;;;;;;;;;;;;;;;;;;
08:07:40;12;56;9999;075;999;09;111111111111000000000000;000000000000000000000000;11101000;000;_;e;10;000111111100000000000000;____;05;038;059;031;023;042;108;0425543711;;;;;;;;;;;;;;;;;;;;;;;;;;;;;;;;;;;;;;;;;;;;;;;;;;
08:12:02;12;57;9999;075;999;09;111111111111000000000000;000000000000000000000000;11101000;000;_;e;10;001001001000000000000000;____;03;078;078;009;034;078;094;0425543623;;;;;;;;;;;;;;;;;;;;;;;;;;;;;;;;;;;;;;;;;;;;;;;;;;
08:12:23;12;58;9999;060;999;09;111111111111000000000000;000000000000000000000000;11101000;000;_;e;10;001011000001000000000000;____;03;010;063;027;-08;014;013;0425543114;;;;;;;;;;;;;;;;;;;;;;;;;;;;;;;;;;;;;;;;;;;;;;;;;;
08:21:39;12;59;9999;053;999;09;111111111111000000000000;000000000000000000000000;11101000;000;_;e;10;111110001101000000000000;____;10;-12;085;006;-14;009;132;0425543720;;;;;;;;;;;;;;;;;;;;;;;;;;;;;;;;;;;;;;;;;;;;;;;;;;
08:27:13;12;60;9999;070;999;09;111111111111000000000000;000000000000000000000000;11101000;000;_;e;10;000000001001000000000000;____;09;073;072;013;068;073;035;0425543632;;;;;;;;;;;;;;;;;;;;;;;;;;;;;;;;;;;;;;;;;;;;;;;;;;
08:29:18;12;61;9999;079;999;09;111111111111000000000000;000000000000000000000000;11101000;000;_;e;10;001101000100000000000000;____;04;032;082;018;014;034;057;0425543723;;;;;;;;;;;;;;;;;;;;;;;;;;;;;;;;;;;;;;;;;;;;;;;;;;
08:35:12;12;62;9999;055;999;09;111111111111000000000000;000000000000000000000000;11101000;000;_;e;10;100011111000000000000000;____;08;028;071;033;005;030;084;0425543727;;;;;;;;;;;;;;;;;;;;;;;;;;;;;;;;;;;;;;;;;;;;;;;;;;
08:36:12;12;63;9999;056;999;09;111111111111000000000000;000000000000000000000000;11101000;000;_;e;10;000100001100000000000000;____;10;-02;068;026;-02;008;046;0425543127;;;;;;;;;;;;;;;;;;;;;;;;;;;;;;;;;;;;;;;;;;;;;;;;;;
08:37:34;12;64;9999;063;999;09;111111111111000000000000;000000000000000000000000;11101000;000;_;e;10;110000000001000000000000;____;02;036;101;008;036;049;044;0425543128;;;;;;;;;;;;;;;;;;;;;;;;;;;;;;;;;;;;;;;;;;;;;;;;;;
08:48:20;12;65;9999;068;999;08;111111111111000000000000;000000000000000000000000;11101000;000;_;e;10;110000000000000000000000;____;02;036;095;012;035;037;040;0425543638;;;;;;;;;;;;;;;;;;;;;;;;;;;;;;;;;;;;;;;;;;;;;;;;;;
08:50:13;12;66;9999;074;999;09;111111111111000000000000;000000000000000000000000;11101000;000;_;e;10;000100111100000000000000;____;04;060;047;018;016;063;061;0425543138;;;;;;;;;;;;;;;;;;;;;;;;;;;;;;;;;;;;;;;;;;;;;;;;;;
08:59:38;12;67;9999;074;999;09;111111111111000000000000;000000000000000000000000;11101000;000;_;e;10;001110000000000000000000;____;03;034;064;044;031;034;063;0425543752;;;;;;;;;;;;;;;;;;;;;;;;;;;;;;;;;;;;;;;;;;;;;;;;;;
09:00:20;12;68;9999;047;999;09;111111111111000000000000;000000000000000000000000;11101000;000;_;e;10;000111101000000000000000;____;09;035;052;011;029;035;075;0425543141;;;;;;;;;;;;;;;;;;;;;;;;;;;;;;;;;;;;;;;;;;;;;;;;;;
09:10:15;12;69;9999;075;999;09;111111111111000000000000;000000000000000000000000;11101000;000;_;e;10;001111001100000000000000;____;10;012;056;010;011;058;065;0425543761;;;;;;;;;;;;;;;;;;;;;;;;;;;;;;;;;;;;;;;;;;;;;;;;;;
09:18:10;12;70;9999;075;999;09;111111111111000000000000;000000000000000000000000;11101000;000;_;e;10;001111001100000000000000;____;10;052;062;023;045;054;194;0425543763;;;;;;;;;;;;;;;;;;;;;;;;;;;;;;;;;;;;;;;;;;;;;;;;;;
09:18:14;12;71;9999;055;250;09;111111111111000000000000;000000000000000000000000;11101000;000;_;e;10;100000001000000000000000;____;01;058;091;014;040;061;015;0425543767;;;;;;;;;;;;;;;;;;;;;;;;;;;;;;;;;;;;;;;;;;;;;;;;;;
09:24:56;12;72;9999;065;999;09;111111111111000000000000;000000000000000000000000;11101000;000;_;e;10;110110000001000000000000;____;02;036;101;013;011;045;044;0425543153;;;;;;;;;;;;;;;;;;;;;;;;;;;;;;;;;;;;;;;;;;;;;;;;;;
09:25:39;12;73;9999;073;999;09;111111111111000000000000;000000000000000000000000;11101000;000;_;e;10;111100000000000000000000;____;01;037;093;026;009;042;129;0425543769;;;;;;;;;;;;;;;;;;;;;;;;;;;;;;;;;;;;;;;;;;;;;;;;;;
09:26:52;12;74;9999;061;999;09;111111111111000000000000;000000000000000000000000;11101000;000;_;e;10;011000001100000000000000;____;10;017;085;025;017;033;017;0425539186;;;;;;;;;;;;;;;;;;;;;;;;;;;;;;;;;;;;;;;;;;;;;;;;;;
09:28:14;12;75;9999;073;999;09;111111111111000000000000;000000000000000000000000;11101000;000;_;e;10;001101001100000000000000;____;04;048;060;020;017;053;090;0425539187;;;;;;;;;;;;;;;;;;;;;;;;;;;;;;;;;;;;;;;;;;;;;;;;;;
09:29:35;12;76;9999;074;999;09;111111111111000000000000;000000000000000000000000;11101000;000;_;e;10;000101000100000000000000;____;10;023;088;002;023;025;074;0425543154;;;;;;;;;;;;;;;;;;;;;;;;;;;;;;;;;;;;;;;;;;;;;;;;;;
10:20:00;12;77;9999;074;999;09;111111111111000000000000;000000000000000000000000;11101000;000;_;e;10;001111001100000000000000;____;04;039;072;038;029;042;095;0425539197;;;;;;;;;;;;;;;;;;;;;;;;;;;;;;;;;;;;;;;;;;;;;;;;;;
10:38:58;12;78;9999;078;999;08;111111111111000000000000;000000000000000000000000;11101000;000;_;e;10;011111001100000000000000;____;05;027;076;045;020;031;119;0425539199;;;;;;;;;;;;;;;;;;;;;;;;;;;;;;;;;;;;;;;;;;;;;;;;;;
10:46:20;12;79;9999;074;999;08;111111111111000000000000;000000000000000000000000;11010000;000;_;;;;;;;;;;;;;;;;;;;;;;;;;;;;;;;;;;;;;;;;;;;;;;;;;;;;;;;;;;;;;;
11:15:09;12;80;9999;075;999;08;111111111111000000000000;000000000000000000000000;11101000;000;_;e;10;100011110100000000000000;____;05;032;054;028;018;036;089;0425539075;;;;;;;;;;;;;;;;;;;;;;;;;;;;;;;;;;;;;;;;;;;;;;;;;;
11:17:43;12;81;9999;055;999;09;111111111111000000000000;000000000000000000000000;11101000;000;_;e;10;000000001011000000000000;____;09;058;056;011;037;059;049;0425539781;;;;;;;;;;;;;;;;;;;;;;;;;;;;;;;;;;;;;;;;;;;;;;;;;;
11:18:37;12;82;9999;074;999;09;111111111111000000000000;000000000000000000000000;11101000;000;_;e;10;011100000100000000000000;____;04;029;073;035;009;042;081;0425539788;;;;;;;;;;;;;;;;;;;;;;;;;;;;;;;;;;;;;;;;;;;;;;;;;;
11:26:23;12;83;9999;075;999;09;111111111111000000000000;000000000000000000000000;11101000;000;_;e;10;111110100000000000000000;____;01;039;090;027;039;044;081;0425543446;;;;;;;;;;;;;;;;;;;;;;;;;;;;;;;;;;;;;;;;;;;;;;;;;;
11:30:49;12;84;9999;070;999;08;111111111111000000000000;000000000000000000000000;11101000;000;_;e;10;111100000000000000000000;____;01;042;099;020;042;047;067;0425539080;;;;;;;;;;;;;;;;;;;;;;;;;;;;;;;;;;;;;;;;;;;;;;;;;;
11:31:32;12;85;9999;074;999;09;111111111111000000000000;000000000000000000000000;11101000;000;_;e;10;000111101100000000000000;____;05;039;066;041;034;042;193;0425539081;;;;;;;;;;;;;;;;;;;;;;;;;;;;;;;;;;;;;;;;;;;;;;;;;;
11:33:14;12;86;9999;060;999;09;111111111111000000000000;000000000000000000000000;11101000;000;_;e;10;001001110100000000000000;____;06;016;050;026;016;040;085;0425543448;;;;;;;;;;;;;;;;;;;;;;;;;;;;;;;;;;;;;;;;;;;;;;;;;;
11:33:57;12;87;9999;070;999;09;111111111111000000000000;000000000000000000000000;11101000;000;_;e;10;100000100100000000000000;____;10;003;069;020;003;031;051;0425543449;;;;;;;;;;;;;;;;;;;;;;;;;;;;;;;;;;;;;;;;;;;;;;;;;;
11:43:48;12;88;9999;075;999;08;111111111111000000000000;000000000000000000000000;11101000;000;_;e;10;001111001100000000000000;____;10;038;067;028;037;062;217;0425539795;;;;;;;;;;;;;;;;;;;;;;;;;;;;;;;;;;;;;;;;;;;;;;;;;;
11:44:00;12;89;9999;059;999;09;111111111111000000000000;000000000000000000000000;11101000;000;_;e;10;111110000100000000000000;____;02;009;087;016;-01;032;128;0425543451;;;;;;;;;;;;;;;;;;;;;;;;;;;;;;;;;;;;;;;;;;;;;;;;;;
12:04:12;12;90;9999;075;999;09;111111111111000000000000;000000000000000000000000;11101000;000;_;e;10;011111001100000000000000;____;04;025;081;019;024;055;087;0425540855;;;;;;;;;;;;;;;;;;;;;;;;;;;;;;;;;;;;;;;;;;;;;;;;;;
12:09:35;12;91;9999;063;999;09;111111111111000000000000;000000000000000000000000;11101000;000;_;e;10;111110001000000000000000;____;03;054;084;014;049;058;090;0425541542;;;;;;;;;;;;;;;;;;;;;;;;;;;;;;;;;;;;;;;;;;;;;;;;;;
12:56:55;12;92;9999;078;999;09;111111111111000000000000;000000000000000000000000;11101000;000;_;e;10;000111001100000000000000;____;04;047;058;016;038;052;067;0425543920;;;;;;;;;;;;;;;;;;;;;;;;;;;;;;;;;;;;;;;;;;;;;;;;;;
13:22:46;12;93;9999;075;999;08;111111111111000000000000;000000000000000000000000;11101000;000;_;e;10;111111101100000000000000;____;10;040;075;042;026;046;220;0425543487;;;;;;;;;;;;;;;;;;;;;;;;;;;;;;;;;;;;;;;;;;;;;;;;;;
13:33:00;12;94;9999;055;999;09;111111111111000000000000;000000000000000000000000;11101000;000;_;e;10;101100001100000000000000;____;03;-05;079;018;-16;016;081;0425543643;;;;;;;;;;;;;;;;;;;;;;;;;;;;;;;;;;;;;;;;;;;;;;;;;;
13:33:35;12;95;9999;075;999;09;111111111111000000000000;000000000000000000000000;11101000;000;_;e;10;110000000000000000000000;____;01;039;101;013;039;040;066;0425543929;;;;;;;;;;;;;;;;;;;;;;;;;;;;;;;;;;;;;;;;;;;;;;;;;;
13:35:39;12;96;9999;067;999;09;111111111111000000000000;000000000000000000000000;11101000;000;_;e;10;110000000000000000000000;____;01;041;101;012;037;042;044;0425543644;;;;;;;;;;;;;;;;;;;;;;;;;;;;;;;;;;;;;;;;;;;;;;;;;;
15:10:50;12;97;9999;070;999;08;111111111111000000000000;000000000000000000000000;11101000;000;_;e;10;110000000000000000000000;____;01;033;101;013;033;034;065;0425539084;;;;;;;;;;;;;;;;;;;;;;;;;;;;;;;;;;;;;;;;;;;;;;;;;;
15:21:52;12;98;9999;068;999;08;111111111111000000000000;000000000000000000000000;11101000;000;_;e;10;001111101110000000000000;____;04;047;035;009;024;047;056;0425539086;;;;;;;;;;;;;;;;;;;;;;;;;;;;;;;;;;;;;;;;;;;;;;;;;;
15:31:06;12;99;9999;075;999;09;111111111111000000000000;000000000000000000000000;11101000;000;_;e;10;010000011000000000000000;____;09;046;075;061;046;050;013;0425539089;;;;;;;;;;;;;;;;;;;;;;;;;;;;;;;;;;;;;;;;;;;;;;;;;;
15:35:14;12;01;9999;067;999;08;111111111111000000000000;000000000000000000000000;11101000;000;_;e;10;001100001000000000000000;____;09;066;079;010;066;068;074;0425543488;;;;;;;;;;;;;;;;;;;;;;;;;;;;;;;;;;;;;;;;;;;;;;;;;;
15:47:42;12;02;9999;076;999;08;111111111111000000000000;000000000000000000000000;11101000;000;_;e;10;101100001100000000000000;____;10;029;086;032;026;033;089;0425541570;;;;;;;;;;;;;;;;;;;;;;;;;;;;;;;;;;;;;;;;;;;;;;;;;;
15:53:10;12;03;9999;075;999;09;111111111111000000000000;000000000000000000000000;11101000;000;_;e;10;000111110000000000000000;____;07;036;054;033;021;037;084;0425547602;;;;;;;;;;;;;;;;;;;;;;;;;;;;;;;;;;;;;;;;;;;;;;;;;;
16:39:42;12;04;9999;054;999;09;111111111111000000000000;000000000000000000000000;11101000;000;_;e;10;001110001011000000000000;____;09;056;056;017;051;058;076;0425539098;;;;;;;;;;;;;;;;;;;;;;;;;;;;;;;;;;;;;;;;;;;;;;;;;;
16:47:54;12;05;9999;069;999;09;111111111111000000000000;000000000000000000000000;11101000;000;_;e;10;000011000110000000000000;____;10;038;047;012;017;039;038;0425547623;;;;;;;;;;;;;;;;;;;;;;;;;;;;;;;;;;;;;;;;;;;;;;;;;;
16:49:37;12;06;9999;062;999;09;111111111111000000000000;000000000000000000000000;11101000;000;_;e;10;011001000001000000000000;____;12;008;080;004;007;037;035;0425547802;;;;;;;;;;;;;;;;;;;;;;;;;;;;;;;;;;;;;;;;;;;;;;;;;;
16:49:54;12;07;9999;075;999;09;111111111111000000000000;000000000000000000000000;11101000;000;_;e;10;001111111000000000000000;____;09;028;072;028;017;030;110;0425541587;;;;;;;;;;;;;;;;;;;;;;;;;;;;;;;;;;;;;;;;;;;;;;;;;;
16:50:03;12;08;9999;076;670;09;111111111111000000000000;000000000000000000000000;11101000;000;_;e;10;001111011101000000000000;____;03;-02;061;012;-07;041;189;0425541588;;;;;;;;;;;;;;;;;;;;;;;;;;;;;;;;;;;;;;;;;;;;;;;;;;
16:53:24;12;09;9999;060;999;09;111111111111000000000000;000000000000000000000000;11101000;000;_;e;10;001100000100000000000000;____;10;002;078;002;002;016;073;0425543658;;;;;;;;;;;;;;;;;;;;;;;;;;;;;;;;;;;;;;;;;;;;;;;;;;
17:03:35;12;10;9999;056;999;09;111111111111000000000000;000000000000000000000000;11101000;000;_;e;10;101101001101000000000000;____;10;-08;082;019;-09;025;106;0425548112;;;;;;;;;;;;;;;;;;;;;;;;;;;;;;;;;;;;;;;;;;;;;;;;;;
17:04:48;12;11;9999;064;999;09;111111111111000000000000;000000000000000000000000;11101000;000;_;e;10;100000000001000000000000;____;12;008;083;004;007;024;023;0425541592;;;;;;;;;;;;;;;;;;;;;;;;;;;;;;;;;;;;;;;;;;;;;;;;;;
17:13:39;12;12;9999;074;999;09;111111111111000000000000;000000000000000000000000;11101000;000;_;e;10;000101010000000000000000;____;04;035;083;009;035;042;018;0425548003;;;;;;;;;;;;;;;;;;;;;;;;;;;;;;;;;;;;;;;;;;;;;;;;;;
17:13:48;12;13;9999;074;647;09;111111111111000000000000;000000000000000000000000;11101000;000;_;e;10;011101100100000000000000;____;02;052;071;034;046;055;105;0425547629;;;;;;;;;;;;;;;;;;;;;;;;;;;;;;;;;;;;;;;;;;;;;;;;;;
17:15:00;12;14;9999;074;999;09;111111111111000000000000;000000000000000000000000;11101000;000;_;e;10;001111001100000000000000;____;09;035;064;025;027;067;179;0425547514;;;;;;;;;;;;;;;;;;;;;;;;;;;;;;;;;;;;;;;;;;;;;;;;;;
17:27:28;12;15;9999;074;999;09;111111111111000000000000;000000000000000000000000;11101000;000;_;e;10;001101101000000000000000;____;03;038;056;030;037;044;078;0425548306;;;;;;;;;;;;;;;;;;;;;;;;;;;;;;;;;;;;;;;;;;;;;;;;;;
17:29:20;12;16;9999;073;999;09;111111111111000000000000;000000000000000000000000;11101000;000;_;e;10;001110001100000000000000;____;10;072;085;020;067;074;085;0425548308;;;;;;;;;;;;;;;;;;;;;;;;;;;;;;;;;;;;;;;;;;;;;;;;;;
17:29:33;12;17;9999;074;988;08;111111111111000000000000;000000000000000000000000;11101000;000;_;e;10;001111010100000000000000;____;10;006;065;022;002;053;109;0425548309;;;;;;;;;;;;;;;;;;;;;;;;;;;;;;;;;;;;;;;;;;;;;;;;;;
17:30:03;12;18;9999;074;999;09;111111111111000000000000;000000000000000000000000;11101000;000;_;e;10;111100000100000000000000;____;04;025;077;023;020;026;091;0425548311;;;;;;;;;;;;;;;;;;;;;;;;;;;;;;;;;;;;;;;;;;;;;;;;;;
17:39:53;12;19;9999;077;999;09;111111111111000000000000;000000000000000000000000;11101000;000;_;e;10;001111001100000000000000;____;09;035;060;036;027;041;122;0425548318;;;;;;;;;;;;;;;;;;;;;;;;;;;;;;;;;;;;;;;;;;;;;;;;;;
17:41:49;12;20;9999;074;999;09;111111111111000000000000;000000000000000000000000;11101000;000;_;e;10;001100001100000000000000;____;03;046;075;033;044;048;063;0425548404;;;;;;;;;;;;;;;;;;;;;;;;;;;;;;;;;;;;;;;;;;;;;;;;;;
17:42:06;12;21;9999;075;999;09;111111111111000000000000;000000000000000000000000;11101000;000;_;e;10;000011100000000000000000;____;06;045;059;031;031;047;044;0425548012;;;;;;;;;;;;;;;;;;;;;;;;;;;;;;;;;;;;;;;;;;;;;;;;;;
17:42:36;12;22;9999;061;999;09;111111111111000000000000;000000000000000000000000;11101000;000;_;e;10;110001001100000000000000;____;02;042;100;021;008;050;062;0425543677;;;;;;;;;;;;;;;;;;;;;;;;;;;;;;;;;;;;;;;;;;;;;;;;;;
17:47:01;12;23;9999;074;999;09;111111111111000000000000;000000000000000000000000;11101000;000;_;e;10;000010000000000000000000;____;05;010;070;004;009;010;007;0425548014;;;;;;;;;;;;;;;;;;;;;;;;;;;;;;;;;;;;;;;;;;;;;;;;;;
17:47:10;12;24;9999;075;673;09;111111111111000000000000;000000000000000000000000;11101000;000;_;e;10;101111001100000000000000;____;03;048;077;026;044;051;084;0425548013;;;;;;;;;;;;;;;;;;;;;;;;;;;;;;;;;;;;;;;;;;;;;;;;;;
17:53:38;12;25;9999;057;999;09;111111111111000000000000;000000000000000000000000;11101000;000;_;e;10;000000000001000000000000;____;12;001;066;004;001;033;025;0425547816;;;;;;;;;;;;;;;;;;;;;;;;;;;;;;;;;;;;;;;;;;;;;;;;;;
18:00:55;12;26;9999;105;999;09;111111111111000000000000;000000000000000000000000;11101000;000;_;e;10;100000001000000000000000;____;09;095;066;015;081;095;025;0425548022;;;;;;;;;;;;;;;;;;;;;;;;;;;;;;;;;;;;;;;;;;;;;;;;;;
18:01:01;12;27;9999;056;250;02;111111111111000000000000;000000000000000000000000;11101000;000;_;e;10;001111011100000000000000;____;10;015;079;028;015;040;151;0425548336;;;;;;;;;;;;;;;;;;;;;;;;;;;;;;;;;;;;;;;;;;;;;;;;;;
18:01:08;12;28;9999;070;604;09;111111111111000000000000;000000000000000000000000;11101000;000;_;e;10;011001000100000000000000;____;03;038;065;027;006;039;017;0425543686;;;;;;;;;;;;;;;;;;;;;;;;;;;;;;;;;;;;;;;;;;;;;;;;;;
18:01:34;12;29;9999;053;999;09;111111111111000000000000;000000000000000000000000;11101000;000;_;e;10;001110011110000000000000;____;04;030;058;019;010;031;047;0425547519;;;;;;;;;;;;;;;;;;;;;;;;;;;;;;;;;;;;;;;;;;;;;;;;;;
18:02:34;12;30;9999;074;999;09;111111111111000000000000;000000000000000000000000;11101000;000;_;e;10;101111101100000000000000;____;07;032;058;036;029;033;122;0425548338;;;;;;;;;;;;;;;;;;;;;;;;;;;;;;;;;;;;;;;;;;;;;;;;;;
18:02:47;12;31;9999;075;999;09;111111111111000000000000;000000000000000000000000;11101000;000;_;e;10;101111101100000000000000;____;06;037;060;032;018;058;115;0425548337;;;;;;;;;;;;;;;;;;;;;;;;;;;;;;;;;;;;;;;;;;;;;;;;;;
18:03:13;12;32;9999;077;999;08;111111111111000000000000;000000000000000000000000;11101000;000;_;e;10;101011110000000000000000;____;07;039;047;023;031;041;082;0425548339;;;;;;;;;;;;;;;;;;;;;;;;;;;;;;;;;;;;;;;;;;;;;;;;;;
18:03:46;12;33;9999;064;999;09;111111111111000000000000;000000000000000000000000;11101000;000;_;e;10;011000000000000000000000;____;02;022;098;017;016;030;007;0425548340;;;;;;;;;;;;;;;;;;;;;;;;;;;;;;;;;;;;;;;;;;;;;;;;;;
18:04:04;12;34;9999;078;999;09;111111111111000000000000;000000000000000000000000;11101000;000;_;e;10;110000000100000000000000;____;01;050;100;004;010;050;086;0425548023;;;;;;;;;;;;;;;;;;;;;;;;;;;;;;;;;;;;;;;;;;;;;;;;;;
18:07:47;12;35;9999;075;999;09;111111111111000000000000;000000000000000000000000;11101000;000;_;e;10;001011000000000000000000;____;06;039;058;016;028;040;037;0425548342;;;;;;;;;;;;;;;;;;;;;;;;;;;;;;;;;;;;;;;;;;;;;;;;;;
18:09:54;12;36;9999;060;999;09;111111111111000000000000;000000000000000000000000;11101000;000;_;e;10;000011101000000000000000;____;05;033;045;004;022;035;078;0425543693;;;;;;;;;;;;;;;;;;;;;;;;;;;;;;;;;;;;;;;;;;;;;;;;;;
18:11:03;12;37;9999;072;999;09;111111111111000000000000;000000000000000000000000;11101000;000;_;e;10;000011110010000000000000;____;11;053;029;004;053;056;115;0425547833;;;;;;;;;;;;;;;;;;;;;;;;;;;;;;;;;;;;;;;;;;;;;;;;;;
18:16:03;12;38;9999;052;999;09;111111111111000000000000;000000000000000000000000;11101000;000;_;e;10;000011100100000000000000;____;05;023;073;039;020;026;022;0425547834;;;;;;;;;;;;;;;;;;;;;;;;;;;;;;;;;;;;;;;;;;;;;;;;;;
18:17:28;12;39;9999;075;999;09;111111111111000000000000;000000000000000000000000;11101000;000;_;e;10;001001110000000000000000;____;07;033;051;033;025;035;059;0425547837;;;;;;;;;;;;;;;;;;;;;;;;;;;;;;;;;;;;;;;;;;;;;;;;;;
18:19:37;12;40;9999;071;999;08;111111111111000000000000;000000000000000000000000;11101000;000;_;e;10;011100000101000000000000;____;10;-01;083;003;-02;031;089;0425543941;;;;;;;;;;;;;;;;;;;;;;;;;;;;;;;;;;;;;;;;;;;;;;;;;;
18:21:23;12;41;9999;067;999;09;111111111111000000000000;000000000000000000000000;11101000;000;_;e;10;101110000101000000000000;____;10;001;082;007;-06;022;161;0425548230;;;;;;;;;;;;;;;;;;;;;;;;;;;;;;;;;;;;;;;;;;;;;;;;;;
18:23:15;12;42;9999;075;999;09;111111111111000000000000;000000000000000000000000;11101000;000;_;e;10;001111001100000000000000;____;10;024;069;030;004;027;097;0425548348;;;;;;;;;;;;;;;;;;;;;;;;;;;;;;;;;;;;;;;;;;;;;;;;;;
18:26:23;12;43;9999;059;999;09;111111111111000000000000;000000000000000000000000;11101000;000;_;e;10;011110000101000000000000;____;10;000;082;005;-08;024;124;0425548035;;;;;;;;;;;;;;;;;;;;;;;;;;;;;;;;;;;;;;;;;;;;;;;;;;
18:27:32;12;44;9999;075;999;09;111111111111000000000000;000000000000000000000000;11101000;000;_;e;10;001100001100000000000000;____;09;072;070;015;019;073;022;0425548039;;;;;;;;;;;;;;;;;;;;;;;;;;;;;;;;;;;;;;;;;;;;;;;;;;
18:27:45;12;45;9999;068;999;08;111111111111000000000000;000000000000000000000000;11101000;000;_;e;10;101111001100000000000000;____;10;035;078;050;019;038;208;0425548351;;;;;;;;;;;;;;;;;;;;;;;;;;;;;;;;;;;;;;;;;;;;;;;;;;
18:28:48;12;46;9999;058;999;09;111111111111000000000000;000000000000000000000000;11101000;000;_;e;10;000010000101000000000000;____;10;002;075;009;-02;018;057;0425548040;;;;;;;;;;;;;;;;;;;;;;;;;;;;;;;;;;;;;;;;;;;;;;;;;;
18:29:02;12;47;9999;075;999;09;111111111111000000000000;000000000000000000000000;11101000;000;_;e;10;001011001100000000000000;____;03;030;053;024;030;034;122;0425548352;;;;;;;;;;;;;;;;;;;;;;;;;;;;;;;;;;;;;;;;;;;;;;;;;;
18:29:06;12;48;9999;074;260;09;111111111111000000000000;000000000000000000000000;11101000;000;_;e;10;001100000100000000000000;____;10;071;090;019;070;072;094;0425548236;;;;;;;;;;;;;;;;;;;;;;;;;;;;;;;;;;;;;;;;;;;;;;;;;;
18:32:57;12;49;9999;061;999;09;111111111111000000000000;000000000000000000000000;11101000;000;_;e;10;001111001100000000000000;____;05;023;072;028;021;031;125;0425548354;;;;;;;;;;;;;;;;;;;;;;;;;;;;;;;;;;;;;;;;;;;;;;;;;;
18:37:00;12;50;9999;051;999;09;111111111111000000000000;000000000000000000000000;11101000;000;_;e;10;101101000100000000000000;____;10;-04;078;003;-04;036;097;0425548237;;;;;;;;;;;;;;;;;;;;;;;;;;;;;;;;;;;;;;;;;;;;;;;;;;
18:37:31;12;51;9999;075;999;09;111111111111000000000000;000000000000000000000000;11101000;000;_;e;10;001101111100000000000000;____;04;043;075;027;029;046;203;0425548048;;;;;;;;;;;;;;;;;;;;;;;;;;;;;;;;;;;;;;;;;;;;;;;;;;
18:39:01;12;52;9999;080;999;09;111111111111000000000000;000000000000000000000000;11101000;000;_;e;10;000111001100000000000000;____;05;049;064;021;047;054;073;0425548049;;;;;;;;;;;;;;;;;;;;;;;;;;;;;;;;;;;;;;;;;;;;;;;;;;
18:43:09;12;53;9999;073;999;09;111111111111000000000000;000000000000000000000000;11101000;000;_;e;10;110000000000000000000000;____;01;034;101;016;034;047;064;0425547843;;;;;;;;;;;;;;;;;;;;;;;;;;;;;;;;;;;;;;;;;;;;;;;;;;
18:43:47;12;54;9999;074;999;09;111111111111000000000000;000000000000000000000000;11101000;000;_;e;10;001100001100000000000000;____;04;011;066;035;005;033;055;0425548052;;;;;;;;;;;;;;;;;;;;;;;;;;;;;;;;;;;;;;;;;;;;;;;;;;
18:44:56;12;55;9999;067;999;09;111111111111000000000000;000000000000000000000000;11101000;000;_;e;10;110000000001000000000000;____;02;043;099;024;016;044;051;0425547844;;;;;;;;;;;;;;;;;;;;;;;;;;;;;;;;;;;;;;;;;;;;;;;;;;
18:45:34;12;56;9999;079;999;09;111111111111000000000000;000000000000000000000000;11101000;000;_;e;10;010101001000000000000000;____;09;049;070;034;045;057;053;0425548053;;;;;;;;;;;;;;;;;;;;;;;;;;;;;;;;;;;;;;;;;;;;;;;;;;
18:54:42;12;57;9999;060;999;09;111111111111000000000000;000000000000000000000000;11101000;000;_;e;10;110011001100000000000000;____;02;035;100;023;008;056;049;0425548054;;;;;;;;;;;;;;;;;;;;;;;;;;;;;;;;;;;;;;;;;;;;;;;;;;
18:56:37;12;58;9999;065;999;09;111111111111000000000000;000000000000000000000000;11101000;000;_;e;10;001110000100000000000000;____;10;013;075;023;013;022;061;0425548361;;;;;;;;;;;;;;;;;;;;;;;;;;;;;;;;;;;;;;;;;;;;;;;;;;
19:01:15;12;59;9999;060;999;09;111111111111000000000000;000000000000000000000000;11101000;000;_;e;10;001101011100000000000000;____;10;000;078;020;000;025;073;0425548362;;;;;;;;;;;;;;;;;;;;;;;;;;;;;;;;;;;;;;;;;;;;;;;;;;
19:02:53;12;60;9999;052;999;09;111111111111000000000000;000000000000000000000000;11101000;000;_;e;10;001110001100000000000000;____;10;000;074;019;-01;028;074;0425548364;;;;;;;;;;;;;;;;;;;;;;;;;;;;;;;;;;;;;;;;;;;;;;;;;;
19:09:40;12;61;9999;075;999;09;111111111111000000000000;000000000000000000000000;11101000;000;_;e;10;011100001100000000000000;____;04;053;062;039;051;055;047;0425548366;;;;;;;;;;;;;;;;;;;;;;;;;;;;;;;;;;;;;;;;;;;;;;;;;;
19:30:40;12;62;9999;076;999;09;111111111111000000000000;000000000000000000000000;11101000;000;_;e;10;001100000000000000000000;____;03;040;078;017;037;044;014;0425532811;;;;;;;;;;;;;;;;;;;;;;;;;;;;;;;;;;;;;;;;;;;;;;;;;;
19:33:21;12;63;9999;068;999;09;111111111111000000000000;000000000000000000000000;11101000;000;_;e;10;011101011111000000000000;____;09;-11;067;016;-12;025;145;0425548075;;;;;;;;;;;;;;;;;;;;;;;;;;;;;;;;;;;;;;;;;;;;;;;;;;
19:37:51;12;64;9999;073;999;09;111111111111000000000000;000000000000000000000000;11101000;000;_;e;10;011011001100000000000000;____;06;035;083;034;024;039;120;0425548375;;;;;;;;;;;;;;;;;;;;;;;;;;;;;;;;;;;;;;;;;;;;;;;;;;
20:00:58;12;65;9999;069;999;09;111111111111000000000000;000000000000000000000000;11101000;000;_;e;10;000001000100000000000000;____;10;-01;080;027;-02;027;013;0425548119;;;;;;;;;;;;;;;;;;;;;;;;;;;;;;;;;;;;;;;;;;;;;;;;;;
20:04:09;12;66;9999;073;999;08;111111111111000000000000;000000000000000000000000;11101000;000;_;e;10;111000000000000000000000;____;02;030;095;006;030;050;015;0425547723;;;;;;;;;;;;;;;;;;;;;;;;;;;;;;;;;;;;;;;;;;;;;;;;;;
20:29:19;12;67;9999;075;999;09;111111111111000000000000;000000000000000000000000;11101000;000;_;e;10;111100000100000000000000;____;03;039;080;023;006;042;047;0425548414;;;;;;;;;;;;;;;;;;;;;;;;;;;;;;;;;;;;;;;;;;;;;;;;;;
20:35:12;12;68;9999;059;999;09;111111111111000000000000;000000000000000000000000;11101000;000;_;e;10;000110001011000000000000;____;05;041;059;002;040;046;127;0425548417;;;;;;;;;;;;;;;;;;;;;;;;;;;;;;;;;;;;;;;;;;;;;;;;;;
20:43:24;12;69;9999;073;999;09;111111111111000000000000;000000000000000000000000;11101000;000;_;e;10;001111001100000000000000;____;10;030;072;031;023;048;158;0425547638;;;;;;;;;;;;;;;;;;;;;;;;;;;;;;;;;;;;;;;;;;;;;;;;;;
21:07:40;12;70;9999;081;999;09;111111111111000000000000;000000000000000000000000;11101000;000;_;e;10;001100001100000000000000;____;04;051;065;041;047;053;119;0425532829;;;;;;;;;;;;;;;;;;;;;;;;;;;;;;;;;;;;;;;;;;;;;;;;;;
21:16:20;12;71;9999;070;999;09;111111111111000000000000;000000000000000000000000;11101000;000;_;e;10;010000000100000000000000;____;10;001;084;020;001;027;025;0425547550;;;;;;;;;;;;;;;;;;;;;;;;;;;;;;;;;;;;;;;;;;;;;;;;;;
21:18:36;12;72;9999;075;999;09;111111111111000000000000;000000000000000000000000;11101000;000;_;e;10;001111001100000000000000;____;06;008;057;013;005;067;076;0425548154;;;;;;;;;;;;;;;;;;;;;;;;;;;;;;;;;;;;;;;;;;;;;;;;;;
21:27:05;12;73;9999;077;999;09;111111111111000000000000;000000000000000000000000;11101000;000;_;e;10;001110001100000000000000;____;04;025;068;038;023;035;074;0425547749;;;;;;;;;;;;;;;;;;;;;;;;;;;;;;;;;;;;;;;;;;;;;;;;;;
21:27:22;12;74;9999;053;999;09;111111111111000000000000;000000000000000000000000;11101000;000;_;e;10;101111101100000000000000;____;09;027;077;041;010;030;127;0425548427;;;;;;;;;;;;;;;;;;;;;;;;;;;;;;;;;;;;;;;;;;;;;;;;;;
21:30:44;12;75;9999;075;999;09;111111111111000000000000;000000000000000000000000;11101000;000;_;e;10;001101001100000000000000;____;10;004;069;016;003;008;064;0425547554;;;;;;;;;;;;;;;;;;;;;;;;;;;;;;;;;;;;;;;;;;;;;;;;;;
21:30:56;12;76;9999;074;974;09;111111111111000000000000;000000000000000000000000;11101000;000;_;e;10;001111001100000000000000;____;10;040;091;026;026;046;124;0425547555;;;;;;;;;;;;;;;;;;;;;;;;;;;;;;;;;;;;;;;;;;;;;;;;;;
21:38:00;12;77;9999;075;999;09;111111111111000000000000;000000000000000000000000;11101000;000;_;e;10;101100001100000000000000;____;03;051;073;034;049;055;078;0425547556;;;;;;;;;;;;;;;;;;;;;;;;;;;;;;;;;;;;;;;;;;;;;;;;;;
21:38:21;12;78;9999;073;999;09;111111111111000000000000;000000000000000000000000;11101000;000;_;e;10;111111001000000000000000;____;06;044;064;038;015;046;066;0425532836;;;;;;;;;;;;;;;;;;;;;;;;;;;;;;;;;;;;;;;;;;;;;;;;;;
21:40:21;12;79;9999;076;999;09;111111111111000000000000;000000000000000000000000;11101000;000;_;e;10;011100001100000000000000;____;09;050;071;040;047;051;132;0425547558;;;;;;;;;;;;;;;;;;;;;;;;;;;;;;;;;;;;;;;;;;;;;;;;;;
21:41:59;12;80;9999;078;999;08;111111111111000000000000;000000000000000000000000;11101000;000;_;e;10;000100001000000000000000;____;09;050;097;024;042;050;007;0425547661;;;;;;;;;;;;;;;;;;;;;;;;;;;;;;;;;;;;;;;;;;;;;;;;;;
21:43:29;12;81;9999;068;999;09;111111111111000000000000;000000000000000000000000;11101000;000;_;e;10;000000001100000000000000;____;10;055;081;021;055;056;008;0425547663;;;;;;;;;;;;;;;;;;;;;;;;;;;;;;;;;;;;;;;;;;;;;;;;;;
21:45:20;12;82;9999;058;999;09;111111111111000000000000;000000000000000000000000;11101000;000;_;e;10;001111001101000000000000;____;04;-04;084;010;-08;019;207;0425547751;;;;;;;;;;;;;;;;;;;;;;;;;;;;;;;;;;;;;;;;;;;;;;;;;;
21:56:22;12;83;9999;067;999;09;111111111111000000000000;000000000000000000000000;11101000;000;_;e;10;000111111000000000000000;____;07;043;043;011;031;046;081;0425547672;;;;;;;;;;;;;;;;;;;;;;;;;;;;;;;;;;;;;;;;;;;;;;;;;;
21:57:40;12;84;9999;050;999;09;111111111111000000000000;000000000000000000000000;11101000;000;_;e;10;001111000101000000000000;____;10;-02;073;002;-06;008;137;0425547754;;;;;;;;;;;;;;;;;;;;;;;;;;;;;;;;;;;;;;;;;;;;;;;;;;
22:04:39;12;85;9999;076;999;09;111111111111000000000000;000000000000000000000000;11101000;000;_;e;10;011110001100000000000000;____;03;041;069;031;035;042;117;0425547758;;;;;;;;;;;;;;;;;;;;;;;;;;;;;;;;;;;;;;;;;;;;;;;;;;
22:16:10;12;86;9999;056;999;09;111111111111000000000000;000000000000000000000000;11101000;000;_;e;10;001101001101000000000000;____;09;064;080;012;052;069;097;0425547677;;;;;;;;;;;;;;;;;;;;;;;;;;;;;;;;;;;;;;;;;;;;;;;;;;
22:20:33;12;87;9999;075;999;08;111111111111000000000000;000000000000000000000000;11101000;000;_;e;10;111000000000000000000000;____;02;039;100;013;027;041;039;0425547759;;;;;;;;;;;;;;;;;;;;;;;;;;;;;;;;;;;;;;;;;;;;;;;;;;
22:23:24;12;88;9999;078;999;09;111111111111000000000000;000000000000000000000000;11101000;000;_;e;10;000111001000000000000000;____;06;035;069;035;033;039;074;0425547762;;;;;;;;;;;;;;;;;;;;;;;;;;;;;;;;;;;;;;;;;;;;;;;;;;
22:32:36;12;89;9999;074;999;09;111111111111000000000000;000000000000000000000000;11101000;000;_;e;10;111101011100000000000000;____;04;041;079;037;038;065;110;0425548435;;;;;;;;;;;;;;;;;;;;;;;;;;;;;;;;;;;;;;;;;;;;;;;;;;
23:03:38;12;90;9999;075;999;09;111111111111000000000000;000000000000000000000000;11101000;000;_;e;10;001111001100000000000000;____;05;033;067;027;032;040;120;0425547686;;;;;;;;;;;;;;;;;;;;;;;;;;;;;;;;;;;;;;;;;;;;;;;;;;
23:04:07;12;91;9999;074;999;09;111111111111000000000000;000000000000000000000000;11101000;000;_;e;10;111111001100000000000000;____;09;042;066;030;027;051;096;0425547687;;;;;;;;;;;;;;;;;;;;;;;;;;;;;;;;;;;;;;;;;;;;;;;;;;
23:05:11;12;92;9999;074;999;09;111111111111000000000000;000000000000000000000000;11101000;000;_;e;10;111100000100000000000000;____;03;035;071;035;017;036;055;0425547688;;;;;;;;;;;;;;;;;;;;;;;;;;;;;;;;;;;;;;;;;;;;;;;;;;
