RDT400 Server V3.30
Site: 
System: Barcode scanner PLC06_178 (Sick); System type: OPS
Date: 11-12-2024  00:00:15
Date    ;ID;CT;IDX ;TLE;TGA;V ;DEVICE LIST             ;ERROR LIST              ;OUTPUT  ;ENR;R;CODE1 ID;LENGTH;READ LIST;RES;CLV ID;XPOS;YPOS;ZPOS;XMIN;XMAX;CS;CODE CONTENT;XPOS;YPOS;ZPOS;XMIN;XMAX;CS;CODE CONTENT;CODE2 ID;LENGTH;READ LIST;RES;CLV ID;XPOS;YPOS;ZPOS;XMIN;XMAX;CS;CODE CONTENT;XPOS;YPOS;ZPOS;XMIN;XMAX;CS;CODE CONTENT;CODE3 ID;LENGTH;READ LIST;RES;CLV ID;XPOS;YPOS;ZPOS;XMIN;XMAX;CS;CODE CONTENT;XPOS;YPOS;ZPOS;XMIN;XMAX;CS;CODE CONTENT;INFO1;INFO2;CUSTOM1;CUSTOM2;
05:04:51;17;54;9999;074;999;11;111111111111000000000000;000000000000000000000000;11101000;000;_;e;10;101001001000000000000000;____;06;022;056;039;015;023;028;0425539030;;;;;;;;;;;;;;;;;;;;;;;;;;;;;;;;;;;;;;;;;;;;;;;;;;
05:04:53;17;55;9999;050;139;11;111111111111000000000000;000000000000000000000000;11101000;000;_;e;10;000011001100000000000000;____;09;009;046;033;-08;010;068;0425539031;;;;;;;;;;;;;;;;;;;;;;;;;;;;;;;;;;;;;;;;;;;;;;;;;;
05:04:56;17;56;9999;089;152;02;111111111111000000000000;000000000000000000000000;11101000;000;_;e;10;000011101000000000000000;____;05;058;020;022;050;058;088;0425538972;;;;;;;;;;;;;;;;;;;;;;;;;;;;;;;;;;;;;;;;;;;;;;;;;;
05:04:58;17;57;9999;078;153;11;111111111111000000000000;000000000000000000000000;11101000;000;_;e;10;000110000000000000000000;____;04;001;071;005;-01;026;027;0425538973;;;;;;;;;;;;;;;;;;;;;;;;;;;;;;;;;;;;;;;;;;;;;;;;;;
05:05:02;17;58;9999;074;167;02;111111111111000000000000;000000000000000000000000;11101000;000;_;e;10;110000000000000000000000;____;02;009;058;010;009;014;024;0425538974;;;;;;;;;;;;;;;;;;;;;;;;;;;;;;;;;;;;;;;;;;;;;;;;;;
05:05:04;17;59;9999;075;147;11;111111111111000000000000;000000000000000000000000;11101000;000;_;e;10;100100000100000000000000;____;01;016;045;030;013;017;029;0425539032;;;;;;;;;;;;;;;;;;;;;;;;;;;;;;;;;;;;;;;;;;;;;;;;;;
05:05:08;17;60;9999;073;255;01;111111111111000000000000;000000000000000000000000;11101000;000;_;e;10;000001000000000000000000;____;06;036;031;023;036;036;002;0425538975;;;;;;;;;;;;;;;;;;;;;;;;;;;;;;;;;;;;;;;;;;;;;;;;;;
05:05:11;17;61;9999;078;237;11;111111111111000000000000;000000000000000000000000;11101000;000;_;e;10;000110000000000000000000;____;04;030;051;029;030;031;036;0425539033;;;;;;;;;;;;;;;;;;;;;;;;;;;;;;;;;;;;;;;;;;;;;;;;;;
05:05:15;17;62;9999;056;337;11;111111111111000000000000;000000000000000000000000;11101000;000;_;e;10;000001000010000000000000;____;06;016;038;024;016;026;015;0425538976;;;;;;;;;;;;;;;;;;;;;;;;;;;;;;;;;;;;;;;;;;;;;;;;;;
05:34:14;17;63;9999;045;999;11;111111111111000000000000;000000000000000000000000;11101000;000;_;e;10;001011110100000000000000;____;05;016;013;008;001;017;056;0555142456;;;;;;;;;;;;;;;;;;;;;;;;;;;;;;;;;;;;;;;;;;;;;;;;;;
05:34:16;17;64;9999;078;177;11;111111111111000000000000;000000000000000000000000;11101000;000;_;e;10;000011000000000000000000;____;06;008;025;029;008;011;020;0425503874;;;;;;;;;;;;;;;;;;;;;;;;;;;;;;;;;;;;;;;;;;;;;;;;;;
05:34:18;17;65;9999;054;156;11;111111111111000000000000;000000000000000000000000;11010000;000;_;;;;;;;;;;;;;;;;;;;;;;;;;;;;;;;;;;;;;;;;;;;;;;;;;;;;;;;;;;;;;;
05:34:20;17;66;9999;079;163;11;111111111111000000000000;000000000000000000000000;11101000;000;_;e;10;000011000000000000000000;____;06;024;035;034;023;025;037;0425539733;;;;;;;;;;;;;;;;;;;;;;;;;;;;;;;;;;;;;;;;;;;;;;;;;;
05:34:22;17;67;9999;073;138;11;111111111111000000000000;000000000000000000000000;11101000;000;_;e;10;000111001000000000000000;____;04;025;052;037;000;025;081;0425539734;;;;;;;;;;;;;;;;;;;;;;;;;;;;;;;;;;;;;;;;;;;;;;;;;;
05:34:24;17;68;9999;047;158;11;111111111111000000000000;000000000000000000000000;11101000;000;_;e;10;000000110000000000000000;____;08;-11;021;007;-11;-09;022;0425539735;;;;;;;;;;;;;;;;;;;;;;;;;;;;;;;;;;;;;;;;;;;;;;;;;;
05:34:26;17;69;9999;049;144;11;111111111111000000000000;000000000000000000000000;11001000;000;_;e;10;000111001011000000000000;____;04;-08;044;026;-15;-08;061;0425539157;-10;052;004;-13;-10;031;0050117724;;;;;;;;;;;;;;;;;;;;;;;;;;;;;;;;;;;;;;;;;;;
05:34:32;17;70;9999;069;160;06;111111111111000000000000;000000000000000000000000;11101000;000;_;e;10;110001001000000000000000;____;01;026;064;008;019;031;026;0425540065;;;;;;;;;;;;;;;;;;;;;;;;;;;;;;;;;;;;;;;;;;;;;;;;;;
05:34:35;17;71;9999;083;147;02;111111111111000000000000;000000000000000000000000;11101000;000;_;e;10;000010000000000000000000;____;05;043;035;010;043;044;005;0425540066;;;;;;;;;;;;;;;;;;;;;;;;;;;;;;;;;;;;;;;;;;;;;;;;;;
05:34:41;17;72;9999;077;139;09;111111111111000000000000;000000000000000000000000;11101000;000;_;e;10;000111001100000000000000;____;04;009;039;034;009;019;181;0425539159;;;;;;;;;;;;;;;;;;;;;;;;;;;;;;;;;;;;;;;;;;;;;;;;;;
05:34:43;17;73;9999;048;122;11;111111111111000000000000;000000000000000000000000;11101000;000;_;e;10;000111000000000000000000;____;04;-07;070;012;-11;001;035;0425540067;;;;;;;;;;;;;;;;;;;;;;;;;;;;;;;;;;;;;;;;;;;;;;;;;;
05:34:48;17;74;9999;047;377;11;111111111111000000000000;000000000000000000000000;11101000;000;_;e;10;000110000000000000000000;____;04;014;071;007;-04;014;015;0425540823;;;;;;;;;;;;;;;;;;;;;;;;;;;;;;;;;;;;;;;;;;;;;;;;;;
05:34:52;17;75;9999;086;353;11;111111111111000000000000;000000000000000000000000;11101000;000;_;e;10;000010101010000000000000;____;09;055;022;006;045;057;032;0425540068;;;;;;;;;;;;;;;;;;;;;;;;;;;;;;;;;;;;;;;;;;;;;;;;;;
05:34:55;17;76;9999;049;235;11;111111111111000000000000;000000000000000000000000;11101000;000;_;e;10;000111001100000000000000;____;05;-08;032;031;-12;-06;062;0425539160;;;;;;;;;;;;;;;;;;;;;;;;;;;;;;;;;;;;;;;;;;;;;;;;;;
05:34:57;17;77;9999;078;161;11;111111111111000000000000;000000000000000000000000;11101000;000;_;e;10;000001000000000000000000;____;06;025;061;002;025;025;016;0425539158;;;;;;;;;;;;;;;;;;;;;;;;;;;;;;;;;;;;;;;;;;;;;;;;;;
05:35:00;17;78;9999;063;165;03;111111111111000000000000;000000000000000000000000;11101000;000;_;e;10;000110100000000000000000;____;07;023;008;004;020;023;025;0425540069;;;;;;;;;;;;;;;;;;;;;;;;;;;;;;;;;;;;;;;;;;;;;;;;;;
05:35:02;17;79;9999;071;178;11;111111111111000000000000;000000000000000000000000;11010000;000;_;;;;;;;;;;;;;;;;;;;;;;;;;;;;;;;;;;;;;;;;;;;;;;;;;;;;;;;;;;;;;;
05:35:05;17;80;9999;077;252;11;111111111111000000000000;000000000000000000000000;11101000;000;_;e;10;001000000000000000000000;____;03;026;048;037;026;026;002;0425539161;;;;;;;;;;;;;;;;;;;;;;;;;;;;;;;;;;;;;;;;;;;;;;;;;;
05:35:08;17;81;9999;070;223;11;111111111111000000000000;000000000000000000000000;11101000;000;_;e;10;000000000100000000000000;____;10;-04;018;003;-04;-04;004;0425539155;;;;;;;;;;;;;;;;;;;;;;;;;;;;;;;;;;;;;;;;;;;;;;;;;;
05:35:10;17;82;9999;048;164;11;111111111111000000000000;000000000000000000000000;11101000;000;_;e;10;000001001000000000000000;____;06;000;076;004;-01;003;046;0425532402;;;;;;;;;;;;;;;;;;;;;;;;;;;;;;;;;;;;;;;;;;;;;;;;;;
05:35:13;17;83;9999;070;174;06;111111111111000000000000;000000000000000000000000;11101000;000;_;e;10;010111001000000000000000;____;04;015;050;035;-04;017;064;0425540827;;;;;;;;;;;;;;;;;;;;;;;;;;;;;;;;;;;;;;;;;;;;;;;;;;
05:35:15;17;84;9999;077;158;11;111111111111000000000000;000000000000000000000000;11101000;000;_;e;10;000111000000000000000000;____;06;009;026;024;008;054;037;0425540826;;;;;;;;;;;;;;;;;;;;;;;;;;;;;;;;;;;;;;;;;;;;;;;;;;
05:35:20;17;85;9999;059;152;00;111111111111000000000000;000000000000000000000000;11101000;000;_;e;10;000110101010000000000000;____;09;037;021;010;016;037;053;0425540825;;;;;;;;;;;;;;;;;;;;;;;;;;;;;;;;;;;;;;;;;;;;;;;;;;
05:35:22;17;86;9999;073;201;11;111111111111000000000000;000000000000000000000000;11101000;000;_;e;10;000011001100000000000000;____;06;007;040;025;007;017;127;0425539736;;;;;;;;;;;;;;;;;;;;;;;;;;;;;;;;;;;;;;;;;;;;;;;;;;
05:35:25;17;87;9999;056;240;11;111111111111000000000000;000000000000000000000000;11101000;000;_;e;10;010110000000000000000000;____;04;-12;064;014;-13;-09;051;0425539737;;;;;;;;;;;;;;;;;;;;;;;;;;;;;;;;;;;;;;;;;;;;;;;;;;
05:35:26;17;88;9999;077;071;11;111111111111000000000000;000000000000000000000000;11101000;000;_;e;10;000111100010000000000000;____;05;032;026;012;010;034;068;0425540828;;;;;;;;;;;;;;;;;;;;;;;;;;;;;;;;;;;;;;;;;;;;;;;;;;
05:35:30;17;89;9999;060;155;08;111111111111000000000000;000000000000000000000000;11101000;000;_;e;10;000000010010000000000000;____;08;-01;007;005;-01;001;018;0425539740;;;;;;;;;;;;;;;;;;;;;;;;;;;;;;;;;;;;;;;;;;;;;;;;;;
05:35:32;17;90;9999;081;171;11;111111111111000000000000;000000000000000000000000;11101000;000;_;e;10;100100001000000000000000;____;09;049;033;038;021;058;072;0425539738;;;;;;;;;;;;;;;;;;;;;;;;;;;;;;;;;;;;;;;;;;;;;;;;;;
05:35:34;17;91;9999;055;154;11;111111111111000000000000;000000000000000000000000;11101000;000;_;e;10;000011010000000000000000;____;06;-02;002;030;-02;010;049;0425540829;;;;;;;;;;;;;;;;;;;;;;;;;;;;;;;;;;;;;;;;;;;;;;;;;;
05:35:36;17;92;9999;071;192;11;111111111111000000000000;000000000000000000000000;11101000;000;_;e;10;000000010010000000000000;____;11;012;005;004;-06;012;007;0425540830;;;;;;;;;;;;;;;;;;;;;;;;;;;;;;;;;;;;;;;;;;;;;;;;;;
06:04:36;17;93;9999;056;999;11;111111111111000000000000;000000000000000000000000;11010000;000;_;;;;;;;;;;;;;;;;;;;;;;;;;;;;;;;;;;;;;;;;;;;;;;;;;;;;;;;;;;;;;;
06:04:38;17;94;9999;068;192;11;111111111111000000000000;000000000000000000000000;11001000;000;_;e;10;110000000011000000000000;____;12;-03;045;004;-04;023;052;3071536546;-09;080;013;-11;014;025;0425536978;;;;;;;;;;;;;;;;;;;;;;;;;;;;;;;;;;;;;;;;;;;
06:04:40;17;95;9999;072;162;11;111111111111000000000000;000000000000000000000000;11101000;000;_;e;10;000001110000000000000000;____;06;-07;006;007;-08;007;043;0425536977;;;;;;;;;;;;;;;;;;;;;;;;;;;;;;;;;;;;;;;;;;;;;;;;;;
06:04:42;17;96;9999;058;150;11;111111111111000000000000;000000000000000000000000;11010000;000;_;;;;;;;;;;;;;;;;;;;;;;;;;;;;;;;;;;;;;;;;;;;;;;;;;;;;;;;;;;;;;;
06:04:44;17;97;9999;057;174;11;111111111111000000000000;000000000000000000000000;11101000;000;_;e;10;000011101000000000000000;____;09;023;010;003;013;028;052;0425536982;;;;;;;;;;;;;;;;;;;;;;;;;;;;;;;;;;;;;;;;;;;;;;;;;;
06:04:47;17;98;9999;075;128;05;111111111111000000000000;000000000000000000000000;11001000;000;_;e;10;000101000011000000000000;____;11;012;048;004;011;014;011;0050114718;007;040;026;-05;028;008;0425536981;;;;;;;;;;;;;;;;;;;;;;;;;;;;;;;;;;;;;;;;;;;
06:04:50;17;99;9999;086;148;04;111111111111000000000000;000000000000000000000000;11101000;000;_;e;10;100001001000000000000000;____;06;011;049;023;010;016;037;0425536985;;;;;;;;;;;;;;;;;;;;;;;;;;;;;;;;;;;;;;;;;;;;;;;;;;
06:04:53;17;01;9999;039;176;11;111111111111000000000000;000000000000000000000000;11101000;000;_;e;10;000000000001000000000000;____;12;-02;046;004;-02;-02;003;0425536986;;;;;;;;;;;;;;;;;;;;;;;;;;;;;;;;;;;;;;;;;;;;;;;;;;
06:04:59;17;02;9999;054;221;01;111111111111000000000000;000000000000000000000000;11101000;000;_;e;10;000010000100000000000000;____;10;-12;039;030;-12;002;019;0425536984;;;;;;;;;;;;;;;;;;;;;;;;;;;;;;;;;;;;;;;;;;;;;;;;;;
06:05:00;17;03;9999;042;048;11;111111111111000000000000;000000000000000000000000;11101000;000;_;e;10;001011010010000000000000;____;06;-09;015;001;-09;-04;056;0425536987;;;;;;;;;;;;;;;;;;;;;;;;;;;;;;;;;;;;;;;;;;;;;;;;;;
06:05:02;17;04;9999;046;160;11;111111111111000000000000;000000000000000000000000;11101000;000;_;e;10;000111001000000000000000;____;09;019;055;033;001;021;062;0425536989;;;;;;;;;;;;;;;;;;;;;;;;;;;;;;;;;;;;;;;;;;;;;;;;;;
06:05:07;17;05;9999;075;511;11;111111111111000000000000;000000000000000000000000;11101000;000;_;e;10;000110001000000000000000;____;04;022;040;033;019;048;027;0425536988;;;;;;;;;;;;;;;;;;;;;;;;;;;;;;;;;;;;;;;;;;;;;;;;;;
06:05:10;17;06;9999;044;239;11;111111111111000000000000;000000000000000000000000;11101000;000;_;e;10;000011001100000000000000;____;09;009;032;028;-18;009;059;0425536980;;;;;;;;;;;;;;;;;;;;;;;;;;;;;;;;;;;;;;;;;;;;;;;;;;
06:05:12;17;07;9999;085;178;11;111111111111000000000000;000000000000000000000000;11101000;000;_;e;10;000010100000000000000000;____;05;-08;023;025;-08;-06;007;0425536983;;;;;;;;;;;;;;;;;;;;;;;;;;;;;;;;;;;;;;;;;;;;;;;;;;
06:34:56;17;08;9999;074;999;11;111111111111000000000000;000000000000000000000000;11101000;000;_;e;10;110100000000000000000000;____;04;017;083;018;016;022;045;0425541517;;;;;;;;;;;;;;;;;;;;;;;;;;;;;;;;;;;;;;;;;;;;;;;;;;
06:34:59;17;09;9999;063;170;11;111111111111000000000000;000000000000000000000000;11101000;000;_;e;10;000010000000000000000000;____;05;-20;045;012;-20;-19;006;0425541518;;;;;;;;;;;;;;;;;;;;;;;;;;;;;;;;;;;;;;;;;;;;;;;;;;
06:35:01;17;10;9999;082;162;11;111111111111000000000000;000000000000000000000000;11010000;000;_;;;;;;;;;;;;;;;;;;;;;;;;;;;;;;;;;;;;;;;;;;;;;;;;;;;;;;;;;;;;;;
06:35:06;17;11;9999;081;344;04;111111111111000000000000;000000000000000000000000;11101000;000;_;e;10;100111001101000000000000;____;09;063;059;008;-04;065;097;0425541520;;;;;;;;;;;;;;;;;;;;;;;;;;;;;;;;;;;;;;;;;;;;;;;;;;
06:35:08;17;12;9999;071;165;11;111111111111000000000000;000000000000000000000000;11101000;000;_;e;10;000001000100000000000000;____;06;-05;041;023;-05;016;029;0425541521;;;;;;;;;;;;;;;;;;;;;;;;;;;;;;;;;;;;;;;;;;;;;;;;;;
06:35:10;17;13;9999;074;176;11;111111111111000000000000;000000000000000000000000;11101000;000;_;e;10;100000000000000000000000;____;01;033;082;015;033;033;014;0425541522;;;;;;;;;;;;;;;;;;;;;;;;;;;;;;;;;;;;;;;;;;;;;;;;;;
07:34:50;17;14;9999;076;999;11;111111111111000000000000;000000000000000000000000;11101000;000;_;e;10;110000001001000000000000;____;01;046;060;005;040;052;036;0425543600;;;;;;;;;;;;;;;;;;;;;;;;;;;;;;;;;;;;;;;;;;;;;;;;;;
07:34:52;17;15;9999;044;143;11;111111111111000000000000;000000000000000000000000;11101000;000;_;e;10;001111001100000000000000;____;06;-20;031;027;-20;-14;078;0425543601;;;;;;;;;;;;;;;;;;;;;;;;;;;;;;;;;;;;;;;;;;;;;;;;;;
07:34:54;17;16;9999;037;164;11;111111111111000000000000;000000000000000000000000;11101000;000;_;e;10;000010111000000000000000;____;08;-09;009;005;-10;011;028;0425543603;;;;;;;;;;;;;;;;;;;;;;;;;;;;;;;;;;;;;;;;;;;;;;;;;;
07:34:56;17;17;9999;077;151;11;111111111111000000000000;000000000000000000000000;11010000;000;_;;;;;;;;;;;;;;;;;;;;;;;;;;;;;;;;;;;;;;;;;;;;;;;;;;;;;;;;;;;;;;
07:34:59;17;18;9999;082;227;11;111111111111000000000000;000000000000000000000000;11101000;000;_;e;10;000111001000000000000000;____;05;027;048;022;003;040;094;0425543605;;;;;;;;;;;;;;;;;;;;;;;;;;;;;;;;;;;;;;;;;;;;;;;;;;
08:04:50;17;19;9999;076;999;11;111111111111000000000000;000000000000000000000000;11101000;000;_;e;10;000011101000000000000000;____;05;030;025;022;025;045;043;0425543100;;;;;;;;;;;;;;;;;;;;;;;;;;;;;;;;;;;;;;;;;;;;;;;;;;
08:04:52;17;20;9999;058;137;11;111111111111000000000000;000000000000000000000000;11101000;000;_;e;10;000111001001000000000000;____;09;023;072;023;011;027;083;0425507508;;;;;;;;;;;;;;;;;;;;;;;;;;;;;;;;;;;;;;;;;;;;;;;;;;
08:04:55;17;21;9999;076;169;06;111111111111000000000000;000000000000000000000000;11101000;000;_;e;10;000000001000000000000000;____;09;039;066;011;039;039;037;0425543700;;;;;;;;;;;;;;;;;;;;;;;;;;;;;;;;;;;;;;;;;;;;;;;;;;
08:04:58;17;22;9999;066;173;11;111111111111000000000000;000000000000000000000000;11101000;000;_;e;10;000100000000000000000000;____;04;-18;067;004;-18;-18;002;0425523375;;;;;;;;;;;;;;;;;;;;;;;;;;;;;;;;;;;;;;;;;;;;;;;;;;
08:05:00;17;23;9999;081;167;11;111111111111000000000000;000000000000000000000000;11101000;000;_;e;10;000100000001000000000000;____;04;-05;080;009;-06;-02;016;0425523376;;;;;;;;;;;;;;;;;;;;;;;;;;;;;;;;;;;;;;;;;;;;;;;;;;
08:05:02;17;24;9999;060;146;11;111111111111000000000000;000000000000000000000000;11101000;000;_;e;10;000110000000000000000000;____;04;021;054;022;016;031;034;0425523378;;;;;;;;;;;;;;;;;;;;;;;;;;;;;;;;;;;;;;;;;;;;;;;;;;
08:05:06;17;25;9999;067;238;01;111111111111000000000000;000000000000000000000000;11010000;000;_;;;;;;;;;;;;;;;;;;;;;;;;;;;;;;;;;;;;;;;;;;;;;;;;;;;;;;;;;;;;;;
08:05:08;17;26;9999;057;178;11;111111111111000000000000;000000000000000000000000;11101000;000;_;e;10;000010000000000000000000;____;05;017;051;003;016;017;011;0425543701;;;;;;;;;;;;;;;;;;;;;;;;;;;;;;;;;;;;;;;;;;;;;;;;;;
08:05:10;17;27;9999;082;154;11;111111111111000000000000;000000000000000000000000;11101000;000;_;e;10;000011000100000000000000;____;06;-07;034;014;-09;010;036;0425543101;;;;;;;;;;;;;;;;;;;;;;;;;;;;;;;;;;;;;;;;;;;;;;;;;;
08:05:12;17;28;9999;051;180;11;111111111111000000000000;000000000000000000000000;11101000;000;_;e;10;000110001000000000000000;____;04;012;014;014;-07;012;027;0425543102;;;;;;;;;;;;;;;;;;;;;;;;;;;;;;;;;;;;;;;;;;;;;;;;;;
08:05:18;17;29;9999;058;252;11;111111111111000000000000;000000000000000000000000;11010000;000;_;;;;;;;;;;;;;;;;;;;;;;;;;;;;;;;;;;;;;;;;;;;;;;;;;;;;;;;;;;;;;;
08:05:21;17;30;9999;059;134;05;111111111111000000000000;000000000000000000000000;11101000;000;_;e;10;000000000001000000000000;____;12;033;073;004;032;033;022;0425543103;;;;;;;;;;;;;;;;;;;;;;;;;;;;;;;;;;;;;;;;;;;;;;;;;;
08:05:23;17;31;9999;080;172;11;111111111111000000000000;000000000000000000000000;11101000;000;_;e;10;100100000000000000000000;____;01;023;098;009;-10;024;030;0425543104;;;;;;;;;;;;;;;;;;;;;;;;;;;;;;;;;;;;;;;;;;;;;;;;;;
08:05:26;17;32;9999;041;078;00;111111111111000000000000;000000000000000000000000;11101000;000;_;e;10;000000001100000000000000;____;09;018;063;019;000;018;023;0425543105;;;;;;;;;;;;;;;;;;;;;;;;;;;;;;;;;;;;;;;;;;;;;;;;;;
08:05:29;17;33;9999;057;223;11;111111111111000000000000;000000000000000000000000;11101000;000;_;e;10;100110001000000000000000;____;01;033;083;004;017;035;045;0425543703;;;;;;;;;;;;;;;;;;;;;;;;;;;;;;;;;;;;;;;;;;;;;;;;;;
08:05:34;17;34;9999;079;367;11;111111111111000000000000;000000000000000000000000;11101000;000;_;e;10;000101001000000000000000;____;09;047;070;020;040;047;059;0425543704;;;;;;;;;;;;;;;;;;;;;;;;;;;;;;;;;;;;;;;;;;;;;;;;;;
10:04:52;17;35;9999;086;999;11;111111111111000000000000;000000000000000000000000;11101000;000;_;e;10;100100000000000000000000;____;04;-18;059;004;-18;-15;006;0425539184;;;;;;;;;;;;;;;;;;;;;;;;;;;;;;;;;;;;;;;;;;;;;;;;;;
10:04:55;17;36;9999;081;158;11;111111111111000000000000;000000000000000000000000;11101000;000;_;e;10;100101001000000000000000;____;06;020;054;032;018;035;049;0425539185;;;;;;;;;;;;;;;;;;;;;;;;;;;;;;;;;;;;;;;;;;;;;;;;;;
10:04:58;17;37;9999;058;150;04;111111111111000000000000;000000000000000000000000;11101000;000;_;e;10;010001001000000000000000;____;06;006;029;025;-12;006;009;0425539186;;;;;;;;;;;;;;;;;;;;;;;;;;;;;;;;;;;;;;;;;;;;;;;;;;
10:05:01;17;38;9999;045;154;05;111111111111000000000000;000000000000000000000000;11101000;000;_;e;10;000110001000000000000000;____;04;003;047;019;-05;006;046;0425539187;;;;;;;;;;;;;;;;;;;;;;;;;;;;;;;;;;;;;;;;;;;;;;;;;;
10:05:03;17;39;9999;083;188;11;111111111111000000000000;000000000000000000000000;11010000;000;_;;;;;;;;;;;;;;;;;;;;;;;;;;;;;;;;;;;;;;;;;;;;;;;;;;;;;;;;;;;;;;
10:05:06;17;40;9999;068;205;11;111111111111000000000000;000000000000000000000000;11101000;000;_;e;10;000000000010000000000000;____;11;021;027;004;021;021;007;0425539190;;;;;;;;;;;;;;;;;;;;;;;;;;;;;;;;;;;;;;;;;;;;;;;;;;
10:05:07;17;41;9999;064;034;11;111111111111000000000000;000000000000000000000000;11101000;000;_;e;10;000011001100000000000000;____;06;-02;040;030;-04;000;053;0425539191;;;;;;;;;;;;;;;;;;;;;;;;;;;;;;;;;;;;;;;;;;;;;;;;;;
12:04:04;17;42;9999;055;999;11;111111111111000000000000;000000000000000000000000;11010000;000;_;;;;;;;;;;;;;;;;;;;;;;;;;;;;;;;;;;;;;;;;;;;;;;;;;;;;;;;;;;;;;;
12:04:06;17;43;9999;054;138;11;111111111111000000000000;000000000000000000000000;11010000;000;_;;;;;;;;;;;;;;;;;;;;;;;;;;;;;;;;;;;;;;;;;;;;;;;;;;;;;;;;;;;;;;
12:04:09;17;44;9999;064;138;04;111111111111000000000000;000000000000000000000000;11010000;000;_;;;;;;;;;;;;;;;;;;;;;;;;;;;;;;;;;;;;;;;;;;;;;;;;;;;;;;;;;;;;;;
12:04:11;17;45;9999;059;175;11;111111111111000000000000;000000000000000000000000;11101000;000;_;e;10;000011000000000000000000;____;06;004;032;030;003;008;006;0425522708;;;;;;;;;;;;;;;;;;;;;;;;;;;;;;;;;;;;;;;;;;;;;;;;;;
12:04:13;17;46;9999;075;157;11;111111111111000000000000;000000000000000000000000;11101000;000;_;e;10;110010000100000000000000;____;01;017;093;023;016;038;041;0425522705;;;;;;;;;;;;;;;;;;;;;;;;;;;;;;;;;;;;;;;;;;;;;;;;;;
12:04:18;17;47;9999;074;174;00;111111111111000000000000;000000000000000000000000;11101000;000;_;e;10;100100000000000000000000;____;01;007;073;023;004;009;008;0425522706;;;;;;;;;;;;;;;;;;;;;;;;;;;;;;;;;;;;;;;;;;;;;;;;;;
12:04:21;17;48;9999;084;243;11;111111111111000000000000;000000000000000000000000;11101000;000;_;e;10;110100000000000000000000;____;04;009;089;001;009;016;055;0425542200;;;;;;;;;;;;;;;;;;;;;;;;;;;;;;;;;;;;;;;;;;;;;;;;;;
12:04:23;17;49;9999;080;148;11;111111111111000000000000;000000000000000000000000;11101000;000;_;e;10;000001001000000000000000;____;06;005;051;029;005;029;038;0425539775;;;;;;;;;;;;;;;;;;;;;;;;;;;;;;;;;;;;;;;;;;;;;;;;;;
12:04:25;17;50;9999;075;075;00;111111111111000000000000;000000000000000000000000;11101000;000;_;e;10;000110000000000000000000;____;04;000;085;019;-02;000;028;0425522709;;;;;;;;;;;;;;;;;;;;;;;;;;;;;;;;;;;;;;;;;;;;;;;;;;
12:04:28;17;51;9999;082;162;11;111111111111000000000000;000000000000000000000000;11101000;000;_;e;10;010100000000000000000000;____;02;000;100;019;000;004;007;0425539777;;;;;;;;;;;;;;;;;;;;;;;;;;;;;;;;;;;;;;;;;;;;;;;;;;
12:04:31;17;52;9999;040;163;00;111111111111000000000000;000000000000000000000000;11101000;000;_;e;10;000000110000000000000000;____;07;-11;026;003;-14;-09;022;0425539778;;;;;;;;;;;;;;;;;;;;;;;;;;;;;;;;;;;;;;;;;;;;;;;;;;
12:04:33;17;53;9999;053;190;11;111111111111000000000000;000000000000000000000000;11101000;000;_;e;10;000000010000000000000000;____;08;018;007;004;016;022;011;0425539779;;;;;;;;;;;;;;;;;;;;;;;;;;;;;;;;;;;;;;;;;;;;;;;;;;
12:04:39;17;54;9999;062;356;11;111111111111000000000000;000000000000000000000000;11101000;000;_;e;10;001111001000000000000000;____;06;016;066;022;-13;018;044;0425539780;;;;;;;;;;;;;;;;;;;;;;;;;;;;;;;;;;;;;;;;;;;;;;;;;;
12:04:43;17;55;9999;055;359;11;111111111111000000000000;000000000000000000000000;11101000;000;_;e;10;111000000000000000000000;____;01;004;096;006;-02;004;022;0425539782;;;;;;;;;;;;;;;;;;;;;;;;;;;;;;;;;;;;;;;;;;;;;;;;;;
12:06:20;17;56;9999;045;999;11;111111111111000000000000;000000000000000000000000;11001000;000;_;e;10;001011001101000000000000;____;06;-16;048;033;-18;017;062;0425539784;000;052;004;-05;000;025;0050119710;;;;;;;;;;;;;;;;;;;;;;;;;;;;;;;;;;;;;;;;;;;
12:06:22;17;57;9999;064;150;11;111111111111000000000000;000000000000000000000000;11101000;000;_;e;10;100000001000000000000000;____;01;033;083;004;-06;036;031;0425539785;;;;;;;;;;;;;;;;;;;;;;;;;;;;;;;;;;;;;;;;;;;;;;;;;;
12:06:24;17;58;9999;066;159;11;111111111111000000000000;000000000000000000000000;11101000;000;_;e;10;000011110010000000000000;____;06;004;024;000;002;011;057;0425540099;;;;;;;;;;;;;;;;;;;;;;;;;;;;;;;;;;;;;;;;;;;;;;;;;;
12:06:26;17;59;9999;061;161;11;111111111111000000000000;000000000000000000000000;11101000;000;_;e;10;110100000000000000000000;____;01;033;093;005;023;034;034;0425540098;;;;;;;;;;;;;;;;;;;;;;;;;;;;;;;;;;;;;;;;;;;;;;;;;;
12:06:28;17;60;9999;040;174;11;111111111111000000000000;000000000000000000000000;11101000;000;_;e;10;000110001001000000000000;____;09;016;060;003;014;022;045;0425539783;;;;;;;;;;;;;;;;;;;;;;;;;;;;;;;;;;;;;;;;;;;;;;;;;;
12:06:30;17;61;9999;075;155;11;111111111111000000000000;000000000000000000000000;11101000;000;_;e;10;000111001000000000000000;____;06;013;029;041;011;019;041;0425540097;;;;;;;;;;;;;;;;;;;;;;;;;;;;;;;;;;;;;;;;;;;;;;;;;;
12:06:33;17;62;9999;073;157;08;111111111111000000000000;000000000000000000000000;11010000;000;_;;;;;;;;;;;;;;;;;;;;;;;;;;;;;;;;;;;;;;;;;;;;;;;;;;;;;;;;;;;;;;
12:06:38;17;63;9999;070;152;08;111111111111000000000000;000000000000000000000000;11101000;000;_;e;10;000110000001000000000000;____;12;045;077;004;023;045;024;0425543437;;;;;;;;;;;;;;;;;;;;;;;;;;;;;;;;;;;;;;;;;;;;;;;;;;
12:06:40;17;64;9999;039;151;11;111111111111000000000000;000000000000000000000000;11101000;000;_;e;10;000011000000000000000000;____;05;021;056;024;013;022;013;0425543439;;;;;;;;;;;;;;;;;;;;;;;;;;;;;;;;;;;;;;;;;;;;;;;;;;
12:06:45;17;65;9999;075;075;00;111111111111000000000000;000000000000000000000000;11101000;000;_;e;10;000010100000000000000000;____;05;030;042;009;016;030;048;0425539781;;;;;;;;;;;;;;;;;;;;;;;;;;;;;;;;;;;;;;;;;;;;;;;;;;
12:06:47;17;66;9999;057;228;11;111111111111000000000000;000000000000000000000000;11101000;000;_;e;10;110001001000000000000000;____;06;030;072;020;009;031;053;0425539786;;;;;;;;;;;;;;;;;;;;;;;;;;;;;;;;;;;;;;;;;;;;;;;;;;
12:06:53;17;67;9999;044;356;11;111111111111000000000000;000000000000000000000000;11101000;000;_;e;10;000101000000000000000000;____;04;018;073;005;016;018;024;0425543441;;;;;;;;;;;;;;;;;;;;;;;;;;;;;;;;;;;;;;;;;;;;;;;;;;
12:06:57;17;68;9999;071;385;11;111111111111000000000000;000000000000000000000000;11101000;000;_;e;10;110000000000000000000000;____;02;007;100;012;006;012;024;0425543438;;;;;;;;;;;;;;;;;;;;;;;;;;;;;;;;;;;;;;;;;;;;;;;;;;
12:06:59;17;69;9999;061;247;11;111111111111000000000000;000000000000000000000000;11101000;000;_;e;10;110000000000000000000000;____;02;006;082;007;006;011;038;0425543440;;;;;;;;;;;;;;;;;;;;;;;;;;;;;;;;;;;;;;;;;;;;;;;;;;
12:07:01;17;70;9999;074;155;11;111111111111000000000000;000000000000000000000000;11101000;000;_;e;10;000100000100000000000000;____;04;014;080;032;014;015;039;0425539789;;;;;;;;;;;;;;;;;;;;;;;;;;;;;;;;;;;;;;;;;;;;;;;;;;
12:07:04;17;71;9999;083;159;11;111111111111000000000000;000000000000000000000000;11101000;000;_;e;10;001111001100000000000000;____;05;001;050;057;001;010;030;0425543442;;;;;;;;;;;;;;;;;;;;;;;;;;;;;;;;;;;;;;;;;;;;;;;;;;
12:07:06;17;72;9999;052;158;11;111111111111000000000000;000000000000000000000000;11101000;000;_;e;10;000110000001000000000000;____;12;058;068;004;029;064;220;0425539787;;;;;;;;;;;;;;;;;;;;;;;;;;;;;;;;;;;;;;;;;;;;;;;;;;
12:07:10;17;73;9999;081;284;06;111111111111000000000000;000000000000000000000000;11101000;000;_;e;10;100100000000000000000000;____;04;017;085;024;014;024;024;0425543444;;;;;;;;;;;;;;;;;;;;;;;;;;;;;;;;;;;;;;;;;;;;;;;;;;
12:07:13;17;74;9999;080;151;06;111111111111000000000000;000000000000000000000000;11101000;000;_;e;10;000100000100000000000000;____;04;040;061;036;003;050;190;0425539788;;;;;;;;;;;;;;;;;;;;;;;;;;;;;;;;;;;;;;;;;;;;;;;;;;
12:07:17;17;75;9999;051;163;02;111111111111000000000000;000000000000000000000000;11101000;000;_;e;10;000110100000000000000000;____;07;-19;025;014;-19;-04;014;0425539790;;;;;;;;;;;;;;;;;;;;;;;;;;;;;;;;;;;;;;;;;;;;;;;;;;
12:07:19;17;76;9999;064;194;11;111111111111000000000000;000000000000000000000000;11101000;000;_;e;10;110100000000000000000000;____;02;002;096;009;002;004;024;0425543445;;;;;;;;;;;;;;;;;;;;;;;;;;;;;;;;;;;;;;;;;;;;;;;;;;
12:07:21;17;77;9999;082;215;11;111111111111000000000000;000000000000000000000000;11101000;000;_;e;10;110100000000000000000000;____;04;010;061;026;007;014;036;0425543446;;;;;;;;;;;;;;;;;;;;;;;;;;;;;;;;;;;;;;;;;;;;;;;;;;
12:07:24;17;78;9999;080;244;11;111111111111000000000000;000000000000000000000000;11101000;000;_;e;10;000111001000000000000000;____;06;001;035;029;001;024;052;0425539791;;;;;;;;;;;;;;;;;;;;;;;;;;;;;;;;;;;;;;;;;;;;;;;;;;
12:07:27;17;79;9999;076;160;11;111111111111000000000000;000000000000000000000000;11010000;000;_;;;;;;;;;;;;;;;;;;;;;;;;;;;;;;;;;;;;;;;;;;;;;;;;;;;;;;;;;;;;;;
12:07:29;17;80;9999;054;154;11;111111111111000000000000;000000000000000000000000;11101000;000;_;e;10;000001100000000000000000;____;07;-07;023;015;-07;005;056;0425543449;;;;;;;;;;;;;;;;;;;;;;;;;;;;;;;;;;;;;;;;;;;;;;;;;;
12:34:41;17;81;9999;073;999;11;111111111111000000000000;000000000000000000000000;11010000;000;_;;;;;;;;;;;;;;;;;;;;;;;;;;;;;;;;;;;;;;;;;;;;;;;;;;;;;;;;;;;;;;
12:34:43;17;82;9999;083;150;11;111111111111000000000000;000000000000000000000000;11101000;000;_;e;10;000010101010000000000000;____;07;035;031;007;035;040;061;0425540851;;;;;;;;;;;;;;;;;;;;;;;;;;;;;;;;;;;;;;;;;;;;;;;;;;
12:34:46;17;83;9999;049;162;11;111111111111000000000000;000000000000000000000000;11101000;000;_;e;10;000011110000000000000000;____;08;005;012;009;005;007;033;0425540852;;;;;;;;;;;;;;;;;;;;;;;;;;;;;;;;;;;;;;;;;;;;;;;;;;
12:34:48;17;84;9999;063;188;11;111111111111000000000000;000000000000000000000000;11101000;000;_;e;10;100011000100000000000000;____;01;-20;075;014;-20;-15;015;0425540853;;;;;;;;;;;;;;;;;;;;;;;;;;;;;;;;;;;;;;;;;;;;;;;;;;
12:34:50;17;85;9999;049;170;11;111111111111000000000000;000000000000000000000000;11101000;000;_;e;10;000001000000000000000000;____;06;-12;060;019;-12;-12;002;0425540855;;;;;;;;;;;;;;;;;;;;;;;;;;;;;;;;;;;;;;;;;;;;;;;;;;
12:34:55;17;86;9999;078;151;00;111111111111000000000000;000000000000000000000000;11101000;000;_;e;10;000010001000000000000000;____;09;032;050;006;028;032;055;0425540854;;;;;;;;;;;;;;;;;;;;;;;;;;;;;;;;;;;;;;;;;;;;;;;;;;
12:34:58;17;87;9999;086;239;11;111111111111000000000000;000000000000000000000000;11101000;000;_;e;10;000011001000000000000000;____;06;012;032;023;010;013;036;0425540856;;;;;;;;;;;;;;;;;;;;;;;;;;;;;;;;;;;;;;;;;;;;;;;;;;
12:35:00;17;88;9999;072;142;11;111111111111000000000000;000000000000000000000000;11101000;000;_;e;10;001111101100000000000000;____;06;014;051;030;011;023;075;0425540857;;;;;;;;;;;;;;;;;;;;;;;;;;;;;;;;;;;;;;;;;;;;;;;;;;
12:35:04;17;89;9999;082;112;00;111111111111000000000000;000000000000000000000000;11101000;000;_;e;10;000110101000000000000000;____;04;035;069;027;035;038;024;0425540858;;;;;;;;;;;;;;;;;;;;;;;;;;;;;;;;;;;;;;;;;;;;;;;;;;
12:35:07;17;90;9999;048;234;11;111111111111000000000000;000000000000000000000000;11101000;000;_;e;10;000101001001000000000000;____;09;030;065;009;025;030;055;0425540859;;;;;;;;;;;;;;;;;;;;;;;;;;;;;;;;;;;;;;;;;;;;;;;;;;
12:35:11;17;91;9999;076;378;11;111111111111000000000000;000000000000000000000000;11101000;000;_;e;10;110001000000000000000000;____;01;053;093;011;045;054;038;0425540861;;;;;;;;;;;;;;;;;;;;;;;;;;;;;;;;;;;;;;;;;;;;;;;;;;
12:35:14;17;92;9999;071;235;11;111111111111000000000000;000000000000000000000000;11101000;000;_;e;10;100010000001000000000000;____;12;047;074;004;032;047;035;0425540860;;;;;;;;;;;;;;;;;;;;;;;;;;;;;;;;;;;;;;;;;;;;;;;;;;
12:35:16;17;93;9999;059;171;11;111111111111000000000000;000000000000000000000000;11101000;000;_;e;10;000001000000000000000000;____;06;-07;058;021;-07;-07;002;0425540862;;;;;;;;;;;;;;;;;;;;;;;;;;;;;;;;;;;;;;;;;;;;;;;;;;
13:04:46;17;94;9999;066;999;11;111111111111000000000000;000000000000000000000000;11101000;000;_;e;10;000001010010000000000000;____;06;-13;034;001;-14;-12;042;0425524502;;;;;;;;;;;;;;;;;;;;;;;;;;;;;;;;;;;;;;;;;;;;;;;;;;
13:04:48;17;95;9999;063;156;11;111111111111000000000000;000000000000000000000000;11101000;000;_;e;10;000001000000000000000000;____;06;029;053;007;029;029;009;0425543903;;;;;;;;;;;;;;;;;;;;;;;;;;;;;;;;;;;;;;;;;;;;;;;;;;
13:04:51;17;96;9999;058;285;11;111111111111000000000000;000000000000000000000000;11101000;000;_;e;10;000000000100000000000000;____;10;-17;065;001;-17;-16;021;0425543902;;;;;;;;;;;;;;;;;;;;;;;;;;;;;;;;;;;;;;;;;;;;;;;;;;
13:04:53;17;97;9999;045;157;11;111111111111000000000000;000000000000000000000000;11101000;000;_;e;10;000110001001000000000000;____;09;018;064;003;016;022;052;0425543904;;;;;;;;;;;;;;;;;;;;;;;;;;;;;;;;;;;;;;;;;;;;;;;;;;
13:04:56;17;98;9999;062;202;11;111111111111000000000000;000000000000000000000000;11101000;000;_;e;10;000111000000000000000000;____;05;032;052;020;031;036;010;0425543905;;;;;;;;;;;;;;;;;;;;;;;;;;;;;;;;;;;;;;;;;;;;;;;;;;
13:04:58;17;99;9999;059;168;11;111111111111000000000000;000000000000000000000000;11101000;000;_;e;10;010000000100000000000000;____;02;-17;089;010;-18;-01;006;0425543906;;;;;;;;;;;;;;;;;;;;;;;;;;;;;;;;;;;;;;;;;;;;;;;;;;
13:05:00;17;01;9999;078;147;11;111111111111000000000000;000000000000000000000000;11101000;000;_;e;10;000101001000000000000000;____;06;009;053;038;006;011;035;0425543907;;;;;;;;;;;;;;;;;;;;;;;;;;;;;;;;;;;;;;;;;;;;;;;;;;
13:05:02;17;02;9999;064;167;11;111111111111000000000000;000000000000000000000000;11101000;000;_;e;10;000110001011000000000000;____;05;033;048;009;008;034;080;0425543909;;;;;;;;;;;;;;;;;;;;;;;;;;;;;;;;;;;;;;;;;;;;;;;;;;
14:50:37;17;03;9999;057;999;11;111111111111000000000000;000000000000000000000000;11101000;000;_;e;10;100000000000000000000000;____;01;020;089;002;020;021;025;0425487133;;;;;;;;;;;;;;;;;;;;;;;;;;;;;;;;;;;;;;;;;;;;;;;;;;
14:50:39;17;04;9999;063;161;11;111111111111000000000000;000000000000000000000000;11101000;000;_;e;10;000100000000000000000000;____;04;-13;069;018;-13;-13;010;0425494481;;;;;;;;;;;;;;;;;;;;;;;;;;;;;;;;;;;;;;;;;;;;;;;;;;
14:50:41;17;05;9999;077;159;11;111111111111000000000000;000000000000000000000000;11101000;000;_;e;10;010000000000000000000000;____;02;050;086;011;050;051;027;0425544700;;;;;;;;;;;;;;;;;;;;;;;;;;;;;;;;;;;;;;;;;;;;;;;;;;
14:50:45;17;06;9999;078;155;02;111111111111000000000000;000000000000000000000000;11101000;000;_;e;10;100110000000000000000000;____;01;000;056;032;-04;000;016;0425544702;;;;;;;;;;;;;;;;;;;;;;;;;;;;;;;;;;;;;;;;;;;;;;;;;;
14:50:47;17;07;9999;076;149;11;111111111111000000000000;000000000000000000000000;11101000;000;_;e;10;000111001000000000000000;____;04;024;060;029;019;041;268;0425544701;;;;;;;;;;;;;;;;;;;;;;;;;;;;;;;;;;;;;;;;;;;;;;;;;;
14:50:50;17;08;9999;080;255;11;111111111111000000000000;000000000000000000000000;11101000;000;_;e;10;000111000000000000000000;____;04;003;078;017;002;008;032;0425508307;;;;;;;;;;;;;;;;;;;;;;;;;;;;;;;;;;;;;;;;;;;;;;;;;;
14:50:53;17;09;9999;058;229;11;111111111111000000000000;000000000000000000000000;11101000;000;_;e;10;100000000000000000000000;____;01;025;074;008;025;025;006;0555558263;;;;;;;;;;;;;;;;;;;;;;;;;;;;;;;;;;;;;;;;;;;;;;;;;;
14:50:55;17;10;9999;079;156;11;111111111111000000000000;000000000000000000000000;11101000;000;_;e;10;000010000000000000000000;____;05;013;048;024;013;014;048;0555558253;;;;;;;;;;;;;;;;;;;;;;;;;;;;;;;;;;;;;;;;;;;;;;;;;;
15:34:42;17;11;9999;048;999;11;111111111111000000000000;000000000000000000000000;11010000;000;_;;;;;;;;;;;;;;;;;;;;;;;;;;;;;;;;;;;;;;;;;;;;;;;;;;;;;;;;;;;;;;
15:34:44;17;12;9999;064;163;11;111111111111000000000000;000000000000000000000000;11101000;000;_;e;10;110000000000000000000000;____;01;007;086;009;003;008;030;0555558263;;;;;;;;;;;;;;;;;;;;;;;;;;;;;;;;;;;;;;;;;;;;;;;;;;
15:34:47;17;13;9999;080;146;01;111111111111000000000000;000000000000000000000000;11101000;000;_;e;10;000011001100000000000000;____;09;022;043;018;020;024;086;0555558253;;;;;;;;;;;;;;;;;;;;;;;;;;;;;;;;;;;;;;;;;;;;;;;;;;
15:34:49;17;14;9999;067;165;11;111111111111000000000000;000000000000000000000000;11101000;000;_;e;10;000110001001000000000000;____;05;038;054;005;038;060;115;0425539083;;;;;;;;;;;;;;;;;;;;;;;;;;;;;;;;;;;;;;;;;;;;;;;;;;
15:34:53;17;15;9999;068;405;11;111111111111000000000000;000000000000000000000000;11101000;000;_;e;10;000001101000000000000000;____;07;007;015;012;007;036;035;0425539084;;;;;;;;;;;;;;;;;;;;;;;;;;;;;;;;;;;;;;;;;;;;;;;;;;
15:34:56;17;16;9999;038;244;11;111111111111000000000000;000000000000000000000000;11101000;000;_;e;10;110110001001000000000000;____;01;-05;082;001;-05;006;038;0425539085;;;;;;;;;;;;;;;;;;;;;;;;;;;;;;;;;;;;;;;;;;;;;;;;;;
15:34:58;17;17;9999;069;171;11;111111111111000000000000;000000000000000000000000;11101000;000;_;e;10;100101001000000000000000;____;09;014;063;030;011;015;040;0425539088;;;;;;;;;;;;;;;;;;;;;;;;;;;;;;;;;;;;;;;;;;;;;;;;;;
15:35:01;17;18;9999;051;231;11;111111111111000000000000;000000000000000000000000;11101000;000;_;e;10;000111100010000000000000;____;05;011;031;010;008;012;056;0425539087;;;;;;;;;;;;;;;;;;;;;;;;;;;;;;;;;;;;;;;;;;;;;;;;;;
15:35:04;17;19;9999;063;240;11;111111111111000000000000;000000000000000000000000;11101000;000;_;e;10;110100000000000000000000;____;04;-01;073;000;-01;004;055;0425539086;;;;;;;;;;;;;;;;;;;;;;;;;;;;;;;;;;;;;;;;;;;;;;;;;;
16:04:17;17;20;9999;049;999;11;111111111111000000000000;000000000000000000000000;11010000;000;_;;;;;;;;;;;;;;;;;;;;;;;;;;;;;;;;;;;;;;;;;;;;;;;;;;;;;;;;;;;;;;
16:04:23;17;21;9999;068;574;11;111111111111000000000000;000000000000000000000000;11101000;000;_;e;10;100000001001000000000000;____;09;017;071;003;015;018;024;0425523104;;;;;;;;;;;;;;;;;;;;;;;;;;;;;;;;;;;;;;;;;;;;;;;;;;
16:04:26;17;22;9999;047;242;11;111111111111000000000000;000000000000000000000000;11101000;000;_;e;10;000000000010000000000000;____;11;023;040;004;011;023;020;0425543778;;;;;;;;;;;;;;;;;;;;;;;;;;;;;;;;;;;;;;;;;;;;;;;;;;
16:04:28;17;23;9999;081;169;11;111111111111000000000000;000000000000000000000000;11101000;000;_;e;10;000011001000000000000000;____;05;031;030;008;008;034;065;0425543779;;;;;;;;;;;;;;;;;;;;;;;;;;;;;;;;;;;;;;;;;;;;;;;;;;
16:04:31;17;24;9999;082;260;11;111111111111000000000000;000000000000000000000000;11101000;000;_;e;10;000111001000000000000000;____;05;031;032;020;028;032;081;0425543780;;;;;;;;;;;;;;;;;;;;;;;;;;;;;;;;;;;;;;;;;;;;;;;;;;
16:04:33;17;25;9999;046;145;11;111111111111000000000000;000000000000000000000000;11101000;000;_;e;10;000001100100000000000000;____;06;-10;028;014;-13;015;048;0425543781;;;;;;;;;;;;;;;;;;;;;;;;;;;;;;;;;;;;;;;;;;;;;;;;;;
16:04:39;17;26;9999;081;605;11;111111111111000000000000;000000000000000000000000;11101000;000;_;e;10;000001000100000000000000;____;06;014;040;039;012;014;051;0425543783;;;;;;;;;;;;;;;;;;;;;;;;;;;;;;;;;;;;;;;;;;;;;;;;;;
16:04:41;17;27;9999;078;146;11;111111111111000000000000;000000000000000000000000;11101000;000;_;e;10;000111001100000000000000;____;06;-09;046;017;-12;-07;027;0425543785;;;;;;;;;;;;;;;;;;;;;;;;;;;;;;;;;;;;;;;;;;;;;;;;;;
16:04:44;17;28;9999;072;142;02;111111111111000000000000;000000000000000000000000;11101000;000;_;e;10;000010110010000000000000;____;05;041;031;011;031;041;052;0425543784;;;;;;;;;;;;;;;;;;;;;;;;;;;;;;;;;;;;;;;;;;;;;;;;;;
16:04:47;17;29;9999;073;186;11;111111111111000000000000;000000000000000000000000;11101000;000;_;e;10;000100001011000000000000;____;12;049;047;004;029;051;014;0425543786;;;;;;;;;;;;;;;;;;;;;;;;;;;;;;;;;;;;;;;;;;;;;;;;;;
16:04:49;17;30;9999;082;158;11;111111111111000000000000;000000000000000000000000;11010000;000;_;;;;;;;;;;;;;;;;;;;;;;;;;;;;;;;;;;;;;;;;;;;;;;;;;;;;;;;;;;;;;;
16:04:52;17;31;9999;066;292;11;111111111111000000000000;000000000000000000000000;11101000;000;_;e;10;000111001100000000000000;____;09;-10;023;031;-12;006;052;0425543787;;;;;;;;;;;;;;;;;;;;;;;;;;;;;;;;;;;;;;;;;;;;;;;;;;
16:04:55;17;32;9999;044;178;11;111111111111000000000000;000000000000000000000000;11101000;000;_;e;10;000111001000000000000000;____;05;009;030;029;-07;017;066;0425543788;;;;;;;;;;;;;;;;;;;;;;;;;;;;;;;;;;;;;;;;;;;;;;;;;;
16:04:57;17;33;9999;076;158;11;111111111111000000000000;000000000000000000000000;11101000;000;_;e;10;000001010000000000000000;____;08;-09;021;007;-09;023;019;0425543789;;;;;;;;;;;;;;;;;;;;;;;;;;;;;;;;;;;;;;;;;;;;;;;;;;
16:05:00;17;34;9999;076;343;11;111111111111000000000000;000000000000000000000000;11101000;000;_;e;10;000011001010000000000000;____;09;053;034;007;052;056;068;0425543790;;;;;;;;;;;;;;;;;;;;;;;;;;;;;;;;;;;;;;;;;;;;;;;;;;
16:05:03;17;35;9999;063;264;11;111111111111000000000000;000000000000000000000000;11101000;000;_;e;10;000101010000000000000000;____;04;-17;045;006;-17;-01;012;0425543792;;;;;;;;;;;;;;;;;;;;;;;;;;;;;;;;;;;;;;;;;;;;;;;;;;
16:05:06;17;36;9999;084;240;11;111111111111000000000000;000000000000000000000000;11101000;000;_;e;10;001111001000000000000000;____;06;030;028;031;012;043;051;0425543793;;;;;;;;;;;;;;;;;;;;;;;;;;;;;;;;;;;;;;;;;;;;;;;;;;
16:05:09;17;37;9999;079;164;11;111111111111000000000000;000000000000000000000000;11101000;000;_;e;10;100000000010000000000000;____;01;033;055;007;032;040;032;0425543795;;;;;;;;;;;;;;;;;;;;;;;;;;;;;;;;;;;;;;;;;;;;;;;;;;
16:05:11;17;38;9999;061;151;11;111111111111000000000000;000000000000000000000000;11101000;000;_;e;10;000000010000000000000000;____;08;028;007;005;028;028;002;0425543794;;;;;;;;;;;;;;;;;;;;;;;;;;;;;;;;;;;;;;;;;;;;;;;;;;
16:05:13;17;39;9999;075;181;11;111111111111000000000000;000000000000000000000000;11101000;000;_;e;10;100000010011000000000000;____;01;042;050;008;029;043;040;0425543796;;;;;;;;;;;;;;;;;;;;;;;;;;;;;;;;;;;;;;;;;;;;;;;;;;
16:05:18;17;40;9999;071;314;11;111111111111000000000000;000000000000000000000000;11101000;000;_;e;10;001111001100000000000000;____;03;015;037;025;015;025;091;0425543791;;;;;;;;;;;;;;;;;;;;;;;;;;;;;;;;;;;;;;;;;;;;;;;;;;
16:05:20;17;41;9999;040;165;11;111111111111000000000000;000000000000000000000000;11101000;000;_;e;10;100100000001000000000000;____;01;-05;064;010;-05;010;028;0425543488;;;;;;;;;;;;;;;;;;;;;;;;;;;;;;;;;;;;;;;;;;;;;;;;;;
16:05:21;17;42;9999;082;097;11;111111111111000000000000;000000000000000000000000;11101000;000;_;e;10;001111000000000000000000;____;05;014;063;018;013;014;062;0425543490;;;;;;;;;;;;;;;;;;;;;;;;;;;;;;;;;;;;;;;;;;;;;;;;;;
16:05:30;17;43;9999;076;899;11;111111111111000000000000;000000000000000000000000;11010000;000;_;;;;;;;;;;;;;;;;;;;;;;;;;;;;;;;;;;;;;;;;;;;;;;;;;;;;;;;;;;;;;;
16:05:32;17;44;9999;081;156;11;111111111111000000000000;000000000000000000000000;11101000;000;_;e;10;000010110000000000000000;____;08;008;009;005;-18;009;041;0425543492;;;;;;;;;;;;;;;;;;;;;;;;;;;;;;;;;;;;;;;;;;;;;;;;;;
16:05:35;17;45;9999;074;162;11;111111111111000000000000;000000000000000000000000;11101000;000;_;e;10;000111001100000000000000;____;06;008;043;028;006;021;072;0425543797;;;;;;;;;;;;;;;;;;;;;;;;;;;;;;;;;;;;;;;;;;;;;;;;;;
16:05:37;17;46;9999;057;149;11;111111111111000000000000;000000000000000000000000;11101000;000;_;e;10;001110001000000000000000;____;04;-13;065;025;-18;-09;017;0425543491;;;;;;;;;;;;;;;;;;;;;;;;;;;;;;;;;;;;;;;;;;;;;;;;;;
16:05:39;17;47;9999;074;168;11;111111111111000000000000;000000000000000000000000;11101000;000;_;e;10;000111001000000000000000;____;06;-02;042;023;-04;002;037;0425543493;;;;;;;;;;;;;;;;;;;;;;;;;;;;;;;;;;;;;;;;;;;;;;;;;;
16:05:44;17;48;9999;065;375;11;111111111111000000000000;000000000000000000000000;11101000;000;_;e;10;000110001000000000000000;____;04;002;082;016;-04;024;049;0425543494;;;;;;;;;;;;;;;;;;;;;;;;;;;;;;;;;;;;;;;;;;;;;;;;;;
16:05:48;17;49;9999;050;401;11;111111111111000000000000;000000000000000000000000;11101000;000;_;e;10;000000101000000000000000;____;07;-15;009;017;-15;-09;047;0425543495;;;;;;;;;;;;;;;;;;;;;;;;;;;;;;;;;;;;;;;;;;;;;;;;;;
16:05:51;17;50;9999;059;235;11;111111111111000000000000;000000000000000000000000;11101000;000;_;e;10;000011110010000000000000;____;05;007;031;-02;006;010;062;0425543496;;;;;;;;;;;;;;;;;;;;;;;;;;;;;;;;;;;;;;;;;;;;;;;;;;
16:34:30;17;51;9999;043;999;11;111111111111000000000000;000000000000000000000000;11101000;000;_;e;10;010100001001000000000000;____;09;020;062;005;017;027;028;0425535503;;;;;;;;;;;;;;;;;;;;;;;;;;;;;;;;;;;;;;;;;;;;;;;;;;
16:34:32;17;52;9999;084;153;11;111111111111000000000000;000000000000000000000000;11101000;000;_;e;10;000000001000000000000000;____;09;-20;040;020;-20;-20;005;0425535506;;;;;;;;;;;;;;;;;;;;;;;;;;;;;;;;;;;;;;;;;;;;;;;;;;
16:34:35;17;53;9999;039;144;00;111111111111000000000000;000000000000000000000000;11101000;000;_;e;10;000001100000000000000000;____;07;-10;001;020;-14;-08;040;0425535504;;;;;;;;;;;;;;;;;;;;;;;;;;;;;;;;;;;;;;;;;;;;;;;;;;
16:34:37;17;54;9999;068;213;11;111111111111000000000000;000000000000000000000000;11101000;000;_;e;10;110100000001000000000000;____;01;036;074;015;025;048;096;0425535502;;;;;;;;;;;;;;;;;;;;;;;;;;;;;;;;;;;;;;;;;;;;;;;;;;
16:34:40;17;55;9999;056;155;11;111111111111000000000000;000000000000000000000000;11101000;000;_;e;10;110100000001000000000000;____;04;007;094;002;003;010;031;0425535505;;;;;;;;;;;;;;;;;;;;;;;;;;;;;;;;;;;;;;;;;;;;;;;;;;
16:34:45;17;56;9999;064;186;00;111111111111000000000000;000000000000000000000000;11101000;000;_;e;10;000111100100000000000000;____;06;-18;036;018;-20;014;044;0425541565;;;;;;;;;;;;;;;;;;;;;;;;;;;;;;;;;;;;;;;;;;;;;;;;;;
16:34:48;17;57;9999;047;246;11;111111111111000000000000;000000000000000000000000;11101000;000;_;e;10;000011110000000000000000;____;05;004;027;005;-15;005;033;0425541566;;;;;;;;;;;;;;;;;;;;;;;;;;;;;;;;;;;;;;;;;;;;;;;;;;
16:34:50;17;58;9999;073;185;11;111111111111000000000000;000000000000000000000000;11010000;000;_;;;;;;;;;;;;;;;;;;;;;;;;;;;;;;;;;;;;;;;;;;;;;;;;;;;;;;;;;;;;;;
16:34:52;17;59;9999;082;110;11;111111111111000000000000;000000000000000000000000;11101000;000;_;e;10;100100001100000000000000;____;01;013;071;026;006;016;038;0425541568;;;;;;;;;;;;;;;;;;;;;;;;;;;;;;;;;;;;;;;;;;;;;;;;;;
16:34:56;17;60;9999;070;199;00;111111111111000000000000;000000000000000000000000;11010000;000;_;;;;;;;;;;;;;;;;;;;;;;;;;;;;;;;;;;;;;;;;;;;;;;;;;;;;;;;;;;;;;;
16:34:59;17;61;9999;057;238;11;111111111111000000000000;000000000000000000000000;11010000;000;_;;;;;;;;;;;;;;;;;;;;;;;;;;;;;;;;;;;;;;;;;;;;;;;;;;;;;;;;;;;;;;
16:35:03;17;62;9999;061;350;11;111111111111000000000000;000000000000000000000000;11101000;000;_;e;10;000110000100000000000000;____;10;-14;049;027;-14;-10;021;0425541570;;;;;;;;;;;;;;;;;;;;;;;;;;;;;;;;;;;;;;;;;;;;;;;;;;
16:35:06;17;63;9999;062;236;11;111111111111000000000000;000000000000000000000000;11101000;000;_;e;10;000000100000000000000000;____;07;-19;040;018;-19;-19;002;0425541571;;;;;;;;;;;;;;;;;;;;;;;;;;;;;;;;;;;;;;;;;;;;;;;;;;
16:35:10;17;64;9999;073;434;11;111111111111000000000000;000000000000000000000000;11101000;000;_;e;10;110110000000000000000000;____;01;021;064;003;016;039;040;0425547501;;;;;;;;;;;;;;;;;;;;;;;;;;;;;;;;;;;;;;;;;;;;;;;;;;
16:35:13;17;65;9999;077;234;11;111111111111000000000000;000000000000000000000000;11101000;000;_;e;10;000010001100000000000000;____;05;046;053;010;022;047;009;0425541573;;;;;;;;;;;;;;;;;;;;;;;;;;;;;;;;;;;;;;;;;;;;;;;;;;
16:35:15;17;66;9999;077;153;11;111111111111000000000000;000000000000000000000000;11101000;000;_;e;10;001001001000000000000000;____;09;041;050;014;022;043;015;0425541572;;;;;;;;;;;;;;;;;;;;;;;;;;;;;;;;;;;;;;;;;;;;;;;;;;
16:35:18;17;67;9999;058;167;02;111111111111000000000000;000000000000000000000000;11101000;000;_;e;10;000001000000000000000000;____;06;-16;048;017;-16;-16;008;0425541575;;;;;;;;;;;;;;;;;;;;;;;;;;;;;;;;;;;;;;;;;;;;;;;;;;
16:35:21;17;68;9999;056;195;11;111111111111000000000000;000000000000000000000000;11101000;000;_;e;10;110101000001000000000000;____;04;004;060;001;001;020;061;0425547502;;;;;;;;;;;;;;;;;;;;;;;;;;;;;;;;;;;;;;;;;;;;;;;;;;
16:35:25;17;69;9999;058;406;11;111111111111000000000000;000000000000000000000000;11101000;000;_;e;10;100100001101000000000000;____;09;028;070;011;019;031;035;0425541576;;;;;;;;;;;;;;;;;;;;;;;;;;;;;;;;;;;;;;;;;;;;;;;;;;
16:35:28;17;70;9999;065;234;11;111111111111000000000000;000000000000000000000000;11101000;000;_;e;10;110010001000000000000000;____;01;024;062;008;019;035;030;0425541577;;;;;;;;;;;;;;;;;;;;;;;;;;;;;;;;;;;;;;;;;;;;;;;;;;
16:35:30;17;71;9999;064;234;11;111111111111000000000000;000000000000000000000000;11101000;000;_;e;10;000000110000000000000000;____;08;-18;034;005;-18;-17;027;0425541579;;;;;;;;;;;;;;;;;;;;;;;;;;;;;;;;;;;;;;;;;;;;;;;;;;
16:35:33;17;72;9999;069;174;11;111111111111000000000000;000000000000000000000000;11101000;000;_;e;10;010100000010000000000000;____;11;043;041;004;034;043;014;0425541582;;;;;;;;;;;;;;;;;;;;;;;;;;;;;;;;;;;;;;;;;;;;;;;;;;
16:35:35;17;73;9999;059;167;11;111111111111000000000000;000000000000000000000000;11010000;000;_;;;;;;;;;;;;;;;;;;;;;;;;;;;;;;;;;;;;;;;;;;;;;;;;;;;;;;;;;;;;;;
16:35:37;17;74;9999;072;166;11;111111111111000000000000;000000000000000000000000;11101000;000;_;e;10;001101101000000000000000;____;06;020;050;038;015;021;094;0425547504;;;;;;;;;;;;;;;;;;;;;;;;;;;;;;;;;;;;;;;;;;;;;;;;;;
17:04:43;17;75;9999;075;999;11;111111111111000000000000;000000000000000000000000;11101000;000;_;e;10;100000000000000000000000;____;01;-07;064;009;-07;-07;003;0555740801;;;;;;;;;;;;;;;;;;;;;;;;;;;;;;;;;;;;;;;;;;;;;;;;;;
17:04:45;17;76;9999;045;150;11;111111111111000000000000;000000000000000000000000;11010000;000;_;;;;;;;;;;;;;;;;;;;;;;;;;;;;;;;;;;;;;;;;;;;;;;;;;;;;;;;;;;;;;;
17:04:47;17;77;9999;047;152;11;111111111111000000000000;000000000000000000000000;11101000;000;_;e;10;000000110000000000000000;____;08;-04;000;008;-04;-03;027;0425547800;;;;;;;;;;;;;;;;;;;;;;;;;;;;;;;;;;;;;;;;;;;;;;;;;;
17:04:51;17;78;9999;056;152;05;111111111111000000000000;000000000000000000000000;11101000;000;_;e;10;000001001001000000000000;____;09;030;051;004;027;032;059;0425547801;;;;;;;;;;;;;;;;;;;;;;;;;;;;;;;;;;;;;;;;;;;;;;;;;;
17:04:53;17;79;9999;059;158;11;111111111111000000000000;000000000000000000000000;11101000;000;_;e;10;000001000010000000000000;____;11;-19;025;004;-19;-05;006;0425547802;;;;;;;;;;;;;;;;;;;;;;;;;;;;;;;;;;;;;;;;;;;;;;;;;;
17:34:31;17;80;9999;067;999;11;111111111111000000000000;000000000000000000000000;11101000;000;_;e;10;000000110000000000000000;____;08;005;000;009;001;006;012;0425503067;;;;;;;;;;;;;;;;;;;;;;;;;;;;;;;;;;;;;;;;;;;;;;;;;;
17:34:33;17;81;9999;052;156;11;111111111111000000000000;000000000000000000000000;11101000;000;_;e;10;000001110010000000000000;____;06;-20;015;006;-20;-13;087;0425544800;;;;;;;;;;;;;;;;;;;;;;;;;;;;;;;;;;;;;;;;;;;;;;;;;;
17:34:35;17;82;9999;045;149;11;111111111111000000000000;000000000000000000000000;11101000;000;_;e;10;000010110000000000000000;____;07;-09;000;014;-10;-06;040;0425543656;;;;;;;;;;;;;;;;;;;;;;;;;;;;;;;;;;;;;;;;;;;;;;;;;;
17:34:38;17;83;9999;051;158;01;111111111111000000000000;000000000000000000000000;11101000;000;_;e;10;000011011000000000000000;____;06;-12;015;-03;-13;023;054;0555519588;;;;;;;;;;;;;;;;;;;;;;;;;;;;;;;;;;;;;;;;;;;;;;;;;;
17:34:40;17;84;9999;085;184;11;111111111111000000000000;000000000000000000000000;11101000;000;_;e;10;000100000000000000000000;____;04;007;045;040;007;007;004;0425543657;;;;;;;;;;;;;;;;;;;;;;;;;;;;;;;;;;;;;;;;;;;;;;;;;;
17:34:42;17;85;9999;054;163;11;111111111111000000000000;000000000000000000000000;11101000;000;_;e;10;000000001000000000000000;____;09;-19;021;021;-19;-19;004;0425548200;;;;;;;;;;;;;;;;;;;;;;;;;;;;;;;;;;;;;;;;;;;;;;;;;;
17:34:46;17;86;9999;051;334;11;111111111111000000000000;000000000000000000000000;11101000;000;_;e;10;000111001100000000000000;____;09;013;045;023;007;013;078;0425548201;;;;;;;;;;;;;;;;;;;;;;;;;;;;;;;;;;;;;;;;;;;;;;;;;;
17:34:48;17;87;9999;049;161;11;111111111111000000000000;000000000000000000000000;11101000;000;_;e;10;000011110000000000000000;____;07;-07;005;007;-13;-06;045;0425543658;;;;;;;;;;;;;;;;;;;;;;;;;;;;;;;;;;;;;;;;;;;;;;;;;;
17:34:54;17;88;9999;076;643;11;111111111111000000000000;000000000000000000000000;11101000;000;_;e;10;000000110010000000000000;____;07;012;001;013;003;014;023;0425548202;;;;;;;;;;;;;;;;;;;;;;;;;;;;;;;;;;;;;;;;;;;;;;;;;;
17:34:58;17;89;9999;044;158;05;111111111111000000000000;000000000000000000000000;11101000;000;_;e;10;000001001000000000000000;____;06;036;050;-02;-16;036;093;0425543659;;;;;;;;;;;;;;;;;;;;;;;;;;;;;;;;;;;;;;;;;;;;;;;;;;
17:35:01;17;90;9999;051;141;04;111111111111000000000000;000000000000000000000000;11101000;000;_;e;10;000111001010000000000000;____;09;029;035;003;024;031;096;0425543660;;;;;;;;;;;;;;;;;;;;;;;;;;;;;;;;;;;;;;;;;;;;;;;;;;
17:35:03;17;91;9999;066;185;11;111111111111000000000000;000000000000000000000000;11101000;000;_;e;10;111100000001000000000000;____;01;033;062;011;012;033;049;0425543661;;;;;;;;;;;;;;;;;;;;;;;;;;;;;;;;;;;;;;;;;;;;;;;;;;
17:35:07;17;92;9999;072;408;11;111111111111000000000000;000000000000000000000000;11101000;000;_;e;10;110100001001000000000000;____;01;031;074;004;027;032;031;0425543662;;;;;;;;;;;;;;;;;;;;;;;;;;;;;;;;;;;;;;;;;;;;;;;;;;
17:35:10;17;93;9999;057;236;11;111111111111000000000000;000000000000000000000000;11101000;000;_;e;10;000000000011000000000000;____;12;021;048;004;001;021;030;0425548203;;;;;;;;;;;;;;;;;;;;;;;;;;;;;;;;;;;;;;;;;;;;;;;;;;
17:35:12;17;94;9999;047;149;11;111111111111000000000000;000000000000000000000000;11010000;000;_;;;;;;;;;;;;;;;;;;;;;;;;;;;;;;;;;;;;;;;;;;;;;;;;;;;;;;;;;;;;;;
17:35:22;17;95;9999;047;999;11;111111111111000000000000;000000000000000000000000;11101000;000;_;e;10;000000001000000000000000;____;09;-12;028;017;-13;-10;015;0555740804;;;;;;;;;;;;;;;;;;;;;;;;;;;;;;;;;;;;;;;;;;;;;;;;;;
17:35:25;17;96;9999;073;237;11;111111111111000000000000;000000000000000000000000;11101000;000;_;e;10;000100000000000000000000;____;04;-05;046;000;-05;-05;049;0425548204;;;;;;;;;;;;;;;;;;;;;;;;;;;;;;;;;;;;;;;;;;;;;;;;;;
17:35:27;17;97;9999;050;169;11;111111111111000000000000;000000000000000000000000;11010000;000;_;;;;;;;;;;;;;;;;;;;;;;;;;;;;;;;;;;;;;;;;;;;;;;;;;;;;;;;;;;;;;;
17:35:29;17;98;9999;060;162;11;111111111111000000000000;000000000000000000000000;11101000;000;_;e;10;000011100000000000000000;____;05;-17;029;019;-20;002;024;0425543665;;;;;;;;;;;;;;;;;;;;;;;;;;;;;;;;;;;;;;;;;;;;;;;;;;
17:35:31;17;99;9999;055;154;11;111111111111000000000000;000000000000000000000000;11101000;000;_;e;10;000111001000000000000000;____;09;000;037;027;-01;009;072;0425543664;;;;;;;;;;;;;;;;;;;;;;;;;;;;;;;;;;;;;;;;;;;;;;;;;;
18:03:57;17;01;9999;062;999;11;111111111111000000000000;000000000000000000000000;11101000;000;_;e;10;000000000001000000000000;____;12;-09;079;004;-09;-09;005;0425487133;;;;;;;;;;;;;;;;;;;;;;;;;;;;;;;;;;;;;;;;;;;;;;;;;;
18:03:59;17;02;9999;044;165;11;111111111111000000000000;000000000000000000000000;11010000;000;_;;;;;;;;;;;;;;;;;;;;;;;;;;;;;;;;;;;;;;;;;;;;;;;;;;;;;;;;;;;;;;
18:04:01;17;03;9999;062;203;11;111111111111000000000000;000000000000000000000000;11010000;000;_;;;;;;;;;;;;;;;;;;;;;;;;;;;;;;;;;;;;;;;;;;;;;;;;;;;;;;;;;;;;;;
18:04:08;17;04;9999;064;733;11;111111111111000000000000;000000000000000000000000;11101000;000;_;e;10;000100001000000000000000;____;04;010;065;029;010;017;050;0425544702;;;;;;;;;;;;;;;;;;;;;;;;;;;;;;;;;;;;;;;;;;;;;;;;;;
18:04:11;17;05;9999;060;260;11;111111111111000000000000;000000000000000000000000;11101000;000;_;e;10;000111001000000000000000;____;04;007;071;029;007;013;035;0425544701;;;;;;;;;;;;;;;;;;;;;;;;;;;;;;;;;;;;;;;;;;;;;;;;;;
18:04:13;17;06;9999;075;177;11;111111111111000000000000;000000000000000000000000;11101000;000;_;e;10;000111000000000000000000;____;04;011;069;034;011;016;021;0425530903;;;;;;;;;;;;;;;;;;;;;;;;;;;;;;;;;;;;;;;;;;;;;;;;;;
18:04:15;17;07;9999;076;147;11;111111111111000000000000;000000000000000000000000;11101000;000;_;e;10;000011100000000000000000;____;07;004;035;017;000;008;086;0425530902;;;;;;;;;;;;;;;;;;;;;;;;;;;;;;;;;;;;;;;;;;;;;;;;;;
18:04:19;17;08;9999;075;147;02;111111111111000000000000;000000000000000000000000;11101000;000;_;e;10;000010000000000000000000;____;05;-06;051;015;-06;-06;004;0425530904;;;;;;;;;;;;;;;;;;;;;;;;;;;;;;;;;;;;;;;;;;;;;;;;;;
18:04:21;17;09;9999;081;150;11;111111111111000000000000;000000000000000000000000;11101000;000;_;e;10;000111001100000000000000;____;09;032;054;013;-08;035;255;0425547900;;;;;;;;;;;;;;;;;;;;;;;;;;;;;;;;;;;;;;;;;;;;;;;;;;
18:04:25;17;10;9999;077;144;00;111111111111000000000000;000000000000000000000000;11101000;000;_;e;10;000111001000000000000000;____;09;013;069;012;012;037;096;0425547901;;;;;;;;;;;;;;;;;;;;;;;;;;;;;;;;;;;;;;;;;;;;;;;;;;
18:04:28;17;11;9999;076;195;11;111111111111000000000000;000000000000000000000000;11101000;000;_;e;10;000111000000000000000000;____;04;017;072;030;011;019;039;0555661363;;;;;;;;;;;;;;;;;;;;;;;;;;;;;;;;;;;;;;;;;;;;;;;;;;
18:04:32;17;12;9999;044;373;11;111111111111000000000000;000000000000000000000000;11101000;000;_;e;10;000111001000000000000000;____;09;-08;037;049;-11;-02;033;0555643010;;;;;;;;;;;;;;;;;;;;;;;;;;;;;;;;;;;;;;;;;;;;;;;;;;
18:04:35;17;13;9999;080;241;11;111111111111000000000000;000000000000000000000000;11101000;000;_;e;10;000001001000000000000000;____;06;-05;070;023;-07;-05;026;0555640606;;;;;;;;;;;;;;;;;;;;;;;;;;;;;;;;;;;;;;;;;;;;;;;;;;
18:04:37;17;14;9999;048;170;11;111111111111000000000000;000000000000000000000000;11101000;000;_;e;10;000000110000000000000000;____;08;-13;028;007;-16;-11;031;0425548000;;;;;;;;;;;;;;;;;;;;;;;;;;;;;;;;;;;;;;;;;;;;;;;;;;
18:04:39;17;15;9999;080;151;11;111111111111000000000000;000000000000000000000000;11101000;000;_;e;10;000011000000000000000000;____;05;026;042;027;026;032;058;0425548001;;;;;;;;;;;;;;;;;;;;;;;;;;;;;;;;;;;;;;;;;;;;;;;;;;
18:04:43;17;16;9999;064;345;11;111111111111000000000000;000000000000000000000000;11101000;000;_;e;10;000101000000000000000000;____;04;021;060;009;019;025;018;0425548003;;;;;;;;;;;;;;;;;;;;;;;;;;;;;;;;;;;;;;;;;;;;;;;;;;
18:04:45;17;17;9999;044;160;11;111111111111000000000000;000000000000000000000000;11101000;000;_;e;10;000111001000000000000000;____;09;005;039;030;004;015;071;0425548002;;;;;;;;;;;;;;;;;;;;;;;;;;;;;;;;;;;;;;;;;;;;;;;;;;
18:04:47;17;18;9999;079;209;11;111111111111000000000000;000000000000000000000000;11101000;000;_;e;10;000101001000000000000000;____;06;003;038;030;003;037;012;0425548004;;;;;;;;;;;;;;;;;;;;;;;;;;;;;;;;;;;;;;;;;;;;;;;;;;
18:04:52;17;19;9999;062;472;11;111111111111000000000000;000000000000000000000000;11101000;000;_;e;10;000101000000000000000000;____;06;027;080;006;-12;027;048;0425548300;;;;;;;;;;;;;;;;;;;;;;;;;;;;;;;;;;;;;;;;;;;;;;;;;;
18:04:54;17;20;9999;047;174;11;111111111111000000000000;000000000000000000000000;11101000;000;_;e;10;010111001000000000000000;____;09;002;049;021;-09;003;049;0425548301;;;;;;;;;;;;;;;;;;;;;;;;;;;;;;;;;;;;;;;;;;;;;;;;;;
18:04:56;17;21;9999;078;185;11;111111111111000000000000;000000000000000000000000;11101000;000;_;e;10;000111001100000000000000;____;09;014;038;037;-08;018;094;0425548302;;;;;;;;;;;;;;;;;;;;;;;;;;;;;;;;;;;;;;;;;;;;;;;;;;
18:04:58;17;22;9999;072;143;11;111111111111000000000000;000000000000000000000000;11101000;000;_;e;10;000011101000000000000000;____;06;018;040;023;009;022;059;0425548306;;;;;;;;;;;;;;;;;;;;;;;;;;;;;;;;;;;;;;;;;;;;;;;;;;
18:05:01;17;23;9999;044;172;11;111111111111000000000000;000000000000000000000000;11101000;000;_;e;10;000011110000000000000000;____;07;-03;022;008;-08;001;032;0425548303;;;;;;;;;;;;;;;;;;;;;;;;;;;;;;;;;;;;;;;;;;;;;;;;;;
18:05:03;17;24;9999;064;188;11;111111111111000000000000;000000000000000000000000;11101000;000;_;e;10;100000101100000000000000;____;01;002;080;019;-07;016;010;0425548305;;;;;;;;;;;;;;;;;;;;;;;;;;;;;;;;;;;;;;;;;;;;;;;;;;
18:05:05;17;25;9999;080;150;11;111111111111000000000000;000000000000000000000000;11101000;000;_;e;10;000011001100000000000000;____;10;039;078;022;026;044;032;0425548308;;;;;;;;;;;;;;;;;;;;;;;;;;;;;;;;;;;;;;;;;;;;;;;;;;
18:05:07;17;26;9999;082;163;11;111111111111000000000000;000000000000000000000000;11001000;000;_;e;10;000011101001000000000000;____;06;-09;030;019;-09;023;044;0425548309;020;063;004;011;023;013;0050120042;;;;;;;;;;;;;;;;;;;;;;;;;;;;;;;;;;;;;;;;;;;
18:05:09;17;27;9999;055;150;11;111111111111000000000000;000000000000000000000000;11101000;000;_;e;10;000001001100000000000000;____;06;-18;038;020;-18;-15;021;0425548311;;;;;;;;;;;;;;;;;;;;;;;;;;;;;;;;;;;;;;;;;;;;;;;;;;
18:05:16;17;28;9999;077;387;00;111111111111000000000000;000000000000000000000000;11101000;000;_;e;10;000011001000000000000000;____;05;015;026;046;008;015;039;0425548307;;;;;;;;;;;;;;;;;;;;;;;;;;;;;;;;;;;;;;;;;;;;;;;;;;
18:05:19;17;29;9999;084;238;11;111111111111000000000000;000000000000000000000000;11101000;000;_;e;10;100111000000000000000000;____;05;016;072;033;015;043;267;0425548006;;;;;;;;;;;;;;;;;;;;;;;;;;;;;;;;;;;;;;;;;;;;;;;;;;
18:05:21;17;30;9999;077;158;11;111111111111000000000000;000000000000000000000000;11101000;000;_;e;10;000110001100000000000000;____;04;006;068;040;005;045;091;0425548304;;;;;;;;;;;;;;;;;;;;;;;;;;;;;;;;;;;;;;;;;;;;;;;;;;
18:05:23;17;31;9999;073;086;08;111111111111000000000000;000000000000000000000000;11101000;000;_;e;10;001111000000000000000000;____;04;016;077;031;013;022;031;0425548312;;;;;;;;;;;;;;;;;;;;;;;;;;;;;;;;;;;;;;;;;;;;;;;;;;
18:05:26;17;32;9999;057;172;11;111111111111000000000000;000000000000000000000000;11010000;000;_;;;;;;;;;;;;;;;;;;;;;;;;;;;;;;;;;;;;;;;;;;;;;;;;;;;;;;;;;;;;;;
18:05:31;17;33;9999;072;476;11;111111111111000000000000;000000000000000000000000;11101000;000;_;e;10;000111001100000000000000;____;04;026;041;035;008;027;100;0425548313;;;;;;;;;;;;;;;;;;;;;;;;;;;;;;;;;;;;;;;;;;;;;;;;;;
18:05:33;17;34;9999;044;196;11;111111111111000000000000;000000000000000000000000;11101000;000;_;e;10;000000001000000000000000;____;09;012;053;024;012;012;040;0425548314;;;;;;;;;;;;;;;;;;;;;;;;;;;;;;;;;;;;;;;;;;;;;;;;;;
18:05:35;17;35;9999;079;185;11;111111111111000000000000;000000000000000000000000;11010000;000;_;;;;;;;;;;;;;;;;;;;;;;;;;;;;;;;;;;;;;;;;;;;;;;;;;;;;;;;;;;;;;;
18:05:43;17;36;9999;084;773;11;111111111111000000000000;000000000000000000000000;11101000;000;_;e;10;010000001000000000000000;____;09;030;055;042;029;030;027;0425548315;;;;;;;;;;;;;;;;;;;;;;;;;;;;;;;;;;;;;;;;;;;;;;;;;;
18:05:46;17;37;9999;075;240;11;111111111111000000000000;000000000000000000000000;11101000;000;_;e;10;000101001000000000000000;____;04;-05;084;021;-05;012;043;0425548007;;;;;;;;;;;;;;;;;;;;;;;;;;;;;;;;;;;;;;;;;;;;;;;;;;
18:05:48;17;38;9999;078;152;11;111111111111000000000000;000000000000000000000000;11101000;000;_;e;10;000101000000000000000000;____;06;014;053;021;014;016;006;0425548316;;;;;;;;;;;;;;;;;;;;;;;;;;;;;;;;;;;;;;;;;;;;;;;;;;
18:05:51;17;39;9999;063;191;11;111111111111000000000000;000000000000000000000000;11101000;000;_;e;10;000010011010000000000000;____;09;035;034;006;-02;039;051;0425548009;;;;;;;;;;;;;;;;;;;;;;;;;;;;;;;;;;;;;;;;;;;;;;;;;;
18:05:53;17;40;9999;077;240;11;111111111111000000000000;000000000000000000000000;11101000;000;_;e;10;000011100000000000000000;____;05;026;035;008;021;037;022;0425548008;;;;;;;;;;;;;;;;;;;;;;;;;;;;;;;;;;;;;;;;;;;;;;;;;;
18:06:00;17;41;9999;050;680;11;111111111111000000000000;000000000000000000000000;11101000;000;_;e;10;000101001000000000000000;____;06;006;044;041;001;013;025;0425548317;;;;;;;;;;;;;;;;;;;;;;;;;;;;;;;;;;;;;;;;;;;;;;;;;;
18:06:02;17;42;9999;044;132;11;111111111111000000000000;000000000000000000000000;11101000;000;_;e;10;000111001000000000000000;____;09;014;041;026;002;014;041;0425548012;;;;;;;;;;;;;;;;;;;;;;;;;;;;;;;;;;;;;;;;;;;;;;;;;;
18:06:05;17;43;9999;054;194;05;111111111111000000000000;000000000000000000000000;11101000;000;_;e;10;110000000001000000000000;____;02;006;069;004;006;009;027;0425548010;;;;;;;;;;;;;;;;;;;;;;;;;;;;;;;;;;;;;;;;;;;;;;;;;;
18:06:07;17;44;9999;069;179;11;111111111111000000000000;000000000000000000000000;11101000;000;_;e;10;000100000000000000000000;____;04;-09;079;019;-09;077;044;0425548011;;;;;;;;;;;;;;;;;;;;;;;;;;;;;;;;;;;;;;;;;;;;;;;;;;
18:06:13;17;45;9999;077;534;11;111111111111000000000000;000000000000000000000000;11101000;000;_;e;10;000110001000000000000000;____;04;019;051;031;016;020;049;0425548320;;;;;;;;;;;;;;;;;;;;;;;;;;;;;;;;;;;;;;;;;;;;;;;;;;
18:06:16;17;46;9999;081;240;11;111111111111000000000000;000000000000000000000000;11101000;000;_;e;10;000011111000000000000000;____;05;011;024;049;001;012;060;0425548319;;;;;;;;;;;;;;;;;;;;;;;;;;;;;;;;;;;;;;;;;;;;;;;;;;
18:06:18;17;47;9999;050;162;11;111111111111000000000000;000000000000000000000000;11010000;000;_;;;;;;;;;;;;;;;;;;;;;;;;;;;;;;;;;;;;;;;;;;;;;;;;;;;;;;;;;;;;;;
18:06:21;17;48;9999;058;162;01;111111111111000000000000;000000000000000000000000;11101000;000;_;e;10;000111001100000000000000;____;09;-10;036;025;-11;-04;092;0425548013;;;;;;;;;;;;;;;;;;;;;;;;;;;;;;;;;;;;;;;;;;;;;;;;;;
18:06:23;17;49;9999;074;179;11;111111111111000000000000;000000000000000000000000;11101000;000;_;e;10;000111001000000000000000;____;06;037;052;034;008;037;077;0425548019;;;;;;;;;;;;;;;;;;;;;;;;;;;;;;;;;;;;;;;;;;;;;;;;;;
18:06:25;17;50;9999;055;164;11;111111111111000000000000;000000000000000000000000;11101000;000;_;e;10;000110001000000000000000;____;05;003;062;010;002;009;024;0425548017;;;;;;;;;;;;;;;;;;;;;;;;;;;;;;;;;;;;;;;;;;;;;;;;;;
18:06:28;17;51;9999;086;252;11;111111111111000000000000;000000000000000000000000;11101000;000;_;e;10;000111001000000000000000;____;05;067;026;009;062;067;055;0425548018;;;;;;;;;;;;;;;;;;;;;;;;;;;;;;;;;;;;;;;;;;;;;;;;;;
18:06:31;17;52;9999;078;153;07;111111111111000000000000;000000000000000000000000;11101000;000;_;e;10;000111001100000000000000;____;05;026;030;037;002;030;084;0425548016;;;;;;;;;;;;;;;;;;;;;;;;;;;;;;;;;;;;;;;;;;;;;;;;;;
18:06:34;17;53;9999;075;162;11;111111111111000000000000;000000000000000000000000;11101000;000;_;e;10;000000000100000000000000;____;10;-17;042;001;-18;-17;003;0425548020;;;;;;;;;;;;;;;;;;;;;;;;;;;;;;;;;;;;;;;;;;;;;;;;;;
18:06:38;17;54;9999;078;389;11;111111111111000000000000;000000000000000000000000;11101000;000;_;e;10;110101000000000000000000;____;04;031;043;019;023;033;027;0425548021;;;;;;;;;;;;;;;;;;;;;;;;;;;;;;;;;;;;;;;;;;;;;;;;;;
20:04:31;17;55;9999;076;999;11;111111111111000000000000;000000000000000000000000;11101000;000;_;e;10;000111001000000000000000;____;05;021;042;036;020;024;059;0425544703;;;;;;;;;;;;;;;;;;;;;;;;;;;;;;;;;;;;;;;;;;;;;;;;;;
20:04:33;17;56;9999;081;145;11;111111111111000000000000;000000000000000000000000;11101000;000;_;e;10;000011001000000000000000;____;05;023;024;040;018;024;035;0425544704;;;;;;;;;;;;;;;;;;;;;;;;;;;;;;;;;;;;;;;;;;;;;;;;;;
20:04:36;17;57;9999;041;235;11;111111111111000000000000;000000000000000000000000;11101000;000;_;e;10;000001100000000000000000;____;07;-08;002;014;-08;-07;042;0425532802;;;;;;;;;;;;;;;;;;;;;;;;;;;;;;;;;;;;;;;;;;;;;;;;;;
20:04:38;17;58;9999;065;162;11;111111111111000000000000;000000000000000000000000;11101000;000;_;e;10;000011110000000000000000;____;08;003;000;012;-03;009;051;0425532805;;;;;;;;;;;;;;;;;;;;;;;;;;;;;;;;;;;;;;;;;;;;;;;;;;
20:04:41;17;59;9999;058;162;00;111111111111000000000000;000000000000000000000000;11101000;000;_;e;10;000000110000000000000000;____;08;-07;002;008;-07;-05;018;0425532806;;;;;;;;;;;;;;;;;;;;;;;;;;;;;;;;;;;;;;;;;;;;;;;;;;
20:04:44;17;60;9999;056;182;02;111111111111000000000000;000000000000000000000000;11101000;000;_;e;10;000000110000000000000000;____;08;015;008;008;014;015;030;0425519509;;;;;;;;;;;;;;;;;;;;;;;;;;;;;;;;;;;;;;;;;;;;;;;;;;
20:04:46;17;61;9999;074;172;11;111111111111000000000000;000000000000000000000000;11101000;000;_;e;10;000001001000000000000000;____;06;011;033;033;011;012;039;0425519508;;;;;;;;;;;;;;;;;;;;;;;;;;;;;;;;;;;;;;;;;;;;;;;;;;
20:04:49;17;62;9999;056;221;11;111111111111000000000000;000000000000000000000000;11101000;000;_;e;10;000111000000000000000000;____;06;-05;042;043;-05;-01;044;0425519507;;;;;;;;;;;;;;;;;;;;;;;;;;;;;;;;;;;;;;;;;;;;;;;;;;
20:05:37;17;63;9999;076;999;11;111111111111000000000000;000000000000000000000000;11101000;000;_;e;10;100000001000000000000000;____;09;019;088;017;016;020;033;0425519511;;;;;;;;;;;;;;;;;;;;;;;;;;;;;;;;;;;;;;;;;;;;;;;;;;
20:05:41;17;64;9999;074;363;11;111111111111000000000000;000000000000000000000000;11010000;000;_;;;;;;;;;;;;;;;;;;;;;;;;;;;;;;;;;;;;;;;;;;;;;;;;;;;;;;;;;;;;;;
20:05:44;17;65;9999;079;187;11;111111111111000000000000;000000000000000000000000;11101000;000;_;e;10;000110001100000000000000;____;05;008;036;037;002;010;074;0425519506;;;;;;;;;;;;;;;;;;;;;;;;;;;;;;;;;;;;;;;;;;;;;;;;;;
20:06:08;17;66;9999;078;999;11;111111111111000000000000;000000000000000000000000;11101000;000;_;e;10;000000001100000000000000;____;09;055;069;031;020;056;011;0425532808;;;;;;;;;;;;;;;;;;;;;;;;;;;;;;;;;;;;;;;;;;;;;;;;;;
20:06:12;17;67;9999;034;364;11;111111111111000000000000;000000000000000000000000;11010000;000;_;;;;;;;;;;;;;;;;;;;;;;;;;;;;;;;;;;;;;;;;;;;;;;;;;;;;;;;;;;;;;;
20:06:14;17;68;9999;077;203;11;111111111111000000000000;000000000000000000000000;11101000;000;_;e;10;110100001000000000000000;____;01;021;064;022;017;022;026;0425532809;;;;;;;;;;;;;;;;;;;;;;;;;;;;;;;;;;;;;;;;;;;;;;;;;;
20:06:16;17;69;9999;081;152;11;111111111111000000000000;000000000000000000000000;11010000;000;_;;;;;;;;;;;;;;;;;;;;;;;;;;;;;;;;;;;;;;;;;;;;;;;;;;;;;;;;;;;;;;
20:06:20;17;70;9999;069;172;03;111111111111000000000000;000000000000000000000000;11101000;000;_;e;10;000001000000000000000000;____;06;010;043;018;010;010;002;0425532811;;;;;;;;;;;;;;;;;;;;;;;;;;;;;;;;;;;;;;;;;;;;;;;;;;
20:06:22;17;71;9999;079;151;11;111111111111000000000000;000000000000000000000000;11101000;000;_;e;10;000111000000000000000000;____;04;004;051;029;002;015;030;0425532812;;;;;;;;;;;;;;;;;;;;;;;;;;;;;;;;;;;;;;;;;;;;;;;;;;
20:06:25;17;72;9999;051;178;08;111111111111000000000000;000000000000000000000000;11101000;000;_;e;10;000111001000000000000000;____;09;-03;054;038;-03;003;073;0425532813;;;;;;;;;;;;;;;;;;;;;;;;;;;;;;;;;;;;;;;;;;;;;;;;;;
20:06:27;17;73;9999;079;183;11;111111111111000000000000;000000000000000000000000;11101000;000;_;e;10;000011000100000000000000;____;06;006;026;027;006;011;036;0425532815;;;;;;;;;;;;;;;;;;;;;;;;;;;;;;;;;;;;;;;;;;;;;;;;;;
20:06:30;17;74;9999;045;236;11;111111111111000000000000;000000000000000000000000;11101000;000;_;e;10;000110001000000000000000;____;04;013;037;015;-06;016;025;0425532814;;;;;;;;;;;;;;;;;;;;;;;;;;;;;;;;;;;;;;;;;;;;;;;;;;
20:06:31;17;75;9999;075;070;11;111111111111000000000000;000000000000000000000000;11001000;000;_;e;10;000011100010000000000000;____;06;011;019;017;011;016;024;0425532816;005;044;004;004;027;023;0050119460;;;;;;;;;;;;;;;;;;;;;;;;;;;;;;;;;;;;;;;;;;;
21:04:18;17;76;9999;077;999;11;111111111111000000000000;000000000000000000000000;11101000;000;_;e;10;100100000000000000000000;____;04;007;074;024;007;013;021;0425548140;;;;;;;;;;;;;;;;;;;;;;;;;;;;;;;;;;;;;;;;;;;;;;;;;;
21:04:30;17;77;9999;040;999;11;111111111111000000000000;000000000000000000000000;11101000;000;_;e;10;000111001100000000000000;____;06;-06;053;020;-11;-06;056;0425548416;;;;;;;;;;;;;;;;;;;;;;;;;;;;;;;;;;;;;;;;;;;;;;;;;;
21:04:33;17;78;9999;075;236;11;111111111111000000000000;000000000000000000000000;11101000;000;_;e;10;000011100000000000000000;____;05;015;016;027;010;035;027;0425548417;;;;;;;;;;;;;;;;;;;;;;;;;;;;;;;;;;;;;;;;;;;;;;;;;;
21:04:35;17;79;9999;064;198;11;111111111111000000000000;000000000000000000000000;11101000;000;_;e;10;000111000000000000000000;____;04;-06;063;029;-06;-02;034;0425548138;;;;;;;;;;;;;;;;;;;;;;;;;;;;;;;;;;;;;;;;;;;;;;;;;;
21:04:37;17;80;9999;064;159;11;111111111111000000000000;000000000000000000000000;11101000;000;_;e;10;100000001001000000000000;____;09;037;070;014;033;038;031;0425547532;;;;;;;;;;;;;;;;;;;;;;;;;;;;;;;;;;;;;;;;;;;;;;;;;;
21:04:40;17;81;9999;057;194;11;111111111111000000000000;000000000000000000000000;11101000;000;_;e;10;100101001000000000000000;____;04;019;084;007;018;029;024;0425548141;;;;;;;;;;;;;;;;;;;;;;;;;;;;;;;;;;;;;;;;;;;;;;;;;;
21:04:46;17;82;9999;071;591;11;111111111111000000000000;000000000000000000000000;11101000;000;_;e;10;000001001000000000000000;____;09;009;048;029;009;010;004;0425548142;;;;;;;;;;;;;;;;;;;;;;;;;;;;;;;;;;;;;;;;;;;;;;;;;;
21:04:48;17;83;9999;073;138;11;111111111111000000000000;000000000000000000000000;11101000;000;_;e;10;001101001000000000000000;____;04;014;073;028;004;041;057;0425548139;;;;;;;;;;;;;;;;;;;;;;;;;;;;;;;;;;;;;;;;;;;;;;;;;;
21:04:50;17;84;9999;055;163;11;111111111111000000000000;000000000000000000000000;11101000;000;_;e;10;000111001000000000000000;____;09;031;051;019;028;031;072;0425547531;;;;;;;;;;;;;;;;;;;;;;;;;;;;;;;;;;;;;;;;;;;;;;;;;;
21:04:52;17;85;9999;065;170;11;111111111111000000000000;000000000000000000000000;11101000;000;_;e;10;000000110000000000000000;____;07;000;033;003;000;003;019;0425547529;;;;;;;;;;;;;;;;;;;;;;;;;;;;;;;;;;;;;;;;;;;;;;;;;;
21:04:54;17;86;9999;073;179;11;111111111111000000000000;000000000000000000000000;11101000;000;_;e;10;000111001100000000000000;____;06;-17;058;022;-18;-07;069;0425548143;;;;;;;;;;;;;;;;;;;;;;;;;;;;;;;;;;;;;;;;;;;;;;;;;;
21:04:56;17;87;9999;083;159;11;111111111111000000000000;000000000000000000000000;11101000;000;_;e;10;100000001000000000000000;____;01;040;078;023;040;045;037;0425547533;;;;;;;;;;;;;;;;;;;;;;;;;;;;;;;;;;;;;;;;;;;;;;;;;;
21:05:03;17;88;9999;060;663;11;111111111111000000000000;000000000000000000000000;11101000;000;_;e;10;100001001001000000000000;____;06;037;077;010;006;038;047;0425548418;;;;;;;;;;;;;;;;;;;;;;;;;;;;;;;;;;;;;;;;;;;;;;;;;;
21:05:05;17;89;9999;061;193;11;111111111111000000000000;000000000000000000000000;11101000;000;_;e;10;000110001001000000000000;____;04;041;065;002;008;045;036;0425547534;;;;;;;;;;;;;;;;;;;;;;;;;;;;;;;;;;;;;;;;;;;;;;;;;;
21:05:08;17;90;9999;056;234;11;111111111111000000000000;000000000000000000000000;11101000;000;_;e;10;000001000000000000000000;____;06;-13;059;018;-13;-13;004;0425548148;;;;;;;;;;;;;;;;;;;;;;;;;;;;;;;;;;;;;;;;;;;;;;;;;;
21:05:10;17;91;9999;074;154;11;111111111111000000000000;000000000000000000000000;11101000;000;_;e;10;000011110010000000000000;____;05;028;036;006;020;029;049;0425547526;;;;;;;;;;;;;;;;;;;;;;;;;;;;;;;;;;;;;;;;;;;;;;;;;;
21:05:13;17;92;9999;074;199;11;111111111111000000000000;000000000000000000000000;11101000;000;_;e;10;110100000000000000000000;____;04;-06;078;022;-08;-01;056;0425548144;;;;;;;;;;;;;;;;;;;;;;;;;;;;;;;;;;;;;;;;;;;;;;;;;;
21:05:16;17;93;9999;069;148;04;111111111111000000000000;000000000000000000000000;11101000;000;_;e;10;001100000101000000000000;____;12;036;070;004;029;054;027;0425548149;;;;;;;;;;;;;;;;;;;;;;;;;;;;;;;;;;;;;;;;;;;;;;;;;;
21:05:18;17;94;9999;085;156;11;111111111111000000000000;000000000000000000000000;11101000;000;_;e;10;000010101100000000000000;____;07;025;033;020;010;029;015;0425548147;;;;;;;;;;;;;;;;;;;;;;;;;;;;;;;;;;;;;;;;;;;;;;;;;;
21:05:24;17;95;9999;077;310;11;111111111111000000000000;000000000000000000000000;11101000;000;_;e;10;110100000000000000000000;____;01;007;096;015;003;007;021;0425547535;;;;;;;;;;;;;;;;;;;;;;;;;;;;;;;;;;;;;;;;;;;;;;;;;;
21:05:28;17;96;9999;065;334;11;111111111111000000000000;000000000000000000000000;11101000;000;_;e;10;110100000000000000000000;____;04;-03;087;005;-05;002;052;0425547537;;;;;;;;;;;;;;;;;;;;;;;;;;;;;;;;;;;;;;;;;;;;;;;;;;
21:05:30;17;97;9999;051;241;11;111111111111000000000000;000000000000000000000000;11101000;000;_;e;10;000100111000000000000000;____;07;001;014;008;-04;028;031;0425547538;;;;;;;;;;;;;;;;;;;;;;;;;;;;;;;;;;;;;;;;;;;;;;;;;;
21:05:35;17;98;9999;079;500;11;111111111111000000000000;000000000000000000000000;11101000;000;_;e;10;000101001000000000000000;____;06;025;075;005;-17;026;041;0425547536;;;;;;;;;;;;;;;;;;;;;;;;;;;;;;;;;;;;;;;;;;;;;;;;;;
21:05:38;17;99;9999;078;153;11;111111111111000000000000;000000000000000000000000;11010000;000;_;;;;;;;;;;;;;;;;;;;;;;;;;;;;;;;;;;;;;;;;;;;;;;;;;;;;;;;;;;;;;;
21:05:41;17;01;9999;068;169;00;111111111111000000000000;000000000000000000000000;11010000;000;_;;;;;;;;;;;;;;;;;;;;;;;;;;;;;;;;;;;;;;;;;;;;;;;;;;;;;;;;;;;;;;
21:05:43;17;02;9999;082;168;11;111111111111000000000000;000000000000000000000000;11010000;000;_;;;;;;;;;;;;;;;;;;;;;;;;;;;;;;;;;;;;;;;;;;;;;;;;;;;;;;;;;;;;;;
21:05:45;17;03;9999;057;152;11;111111111111000000000000;000000000000000000000000;11101000;000;_;e;10;000000000001000000000000;____;12;002;062;004;002;002;003;0425510898;;;;;;;;;;;;;;;;;;;;;;;;;;;;;;;;;;;;;;;;;;;;;;;;;;
21:05:49;17;04;9999;076;183;00;111111111111000000000000;000000000000000000000000;11101000;000;_;e;10;000011000000000000000000;____;06;-06;020;019;-06;025;023;0555716621;;;;;;;;;;;;;;;;;;;;;;;;;;;;;;;;;;;;;;;;;;;;;;;;;;
21:05:52;17;05;9999;059;243;11;111111111111000000000000;000000000000000000000000;11101000;000;_;e;10;000011100000000000000000;____;06;-11;041;000;-11;-07;030;0425503399;;;;;;;;;;;;;;;;;;;;;;;;;;;;;;;;;;;;;;;;;;;;;;;;;;
21:05:54;17;06;9999;078;159;11;111111111111000000000000;000000000000000000000000;11101000;000;_;e;10;000100000000000000000000;____;04;025;061;030;025;026;009;0425548118;;;;;;;;;;;;;;;;;;;;;;;;;;;;;;;;;;;;;;;;;;;;;;;;;;
21:05:59;17;07;9999;058;121;01;111111111111000000000000;000000000000000000000000;11101000;000;_;e;10;000111001000000000000000;____;05;009;019;018;006;010;056;0425548119;;;;;;;;;;;;;;;;;;;;;;;;;;;;;;;;;;;;;;;;;;;;;;;;;;
21:06:01;17;08;9999;072;236;11;111111111111000000000000;000000000000000000000000;11101000;000;_;e;10;000110000000000000000000;____;04;030;046;008;003;032;025;0425548120;;;;;;;;;;;;;;;;;;;;;;;;;;;;;;;;;;;;;;;;;;;;;;;;;;
21:06:05;17;09;9999;082;350;11;111111111111000000000000;000000000000000000000000;11101000;000;_;e;10;000111001100000000000000;____;04;000;065;016;-10;029;055;0425548121;;;;;;;;;;;;;;;;;;;;;;;;;;;;;;;;;;;;;;;;;;;;;;;;;;
21:06:14;17;10;9999;046;827;11;111111111111000000000000;000000000000000000000000;11101000;000;_;e;10;000111111000000000000000;____;06;-05;013;008;-07;013;053;0425548408;;;;;;;;;;;;;;;;;;;;;;;;;;;;;;;;;;;;;;;;;;;;;;;;;;
21:06:15;17;11;9999;081;142;11;111111111111000000000000;000000000000000000000000;11010000;000;_;;;;;;;;;;;;;;;;;;;;;;;;;;;;;;;;;;;;;;;;;;;;;;;;;;;;;;;;;;;;;;
21:06:19;17;12;9999;044;161;01;111111111111000000000000;000000000000000000000000;11101000;000;_;e;10;000111001000000000000000;____;09;006;042;032;003;013;061;0425535741;;;;;;;;;;;;;;;;;;;;;;;;;;;;;;;;;;;;;;;;;;;;;;;;;;
21:06:22;17;13;9999;082;194;01;111111111111000000000000;000000000000000000000000;11101000;000;_;e;10;100100001100000000000000;____;04;013;070;021;008;026;019;0425535743;;;;;;;;;;;;;;;;;;;;;;;;;;;;;;;;;;;;;;;;;;;;;;;;;;
21:06:24;17;14;9999;079;154;11;111111111111000000000000;000000000000000000000000;11101000;000;_;e;10;110101001000000000000000;____;01;013;090;021;009;024;048;0425535406;;;;;;;;;;;;;;;;;;;;;;;;;;;;;;;;;;;;;;;;;;;;;;;;;;
21:06:26;17;15;9999;053;173;11;111111111111000000000000;000000000000000000000000;11101000;000;_;e;10;000011000000000000000000;____;05;-15;042;024;-15;-13;040;0425548407;;;;;;;;;;;;;;;;;;;;;;;;;;;;;;;;;;;;;;;;;;;;;;;;;;
21:06:35;17;16;9999;068;828;11;111111111111000000000000;000000000000000000000000;11101000;000;_;e;10;100100001101000000000000;____;04;-15;083;006;-16;006;060;0425548409;;;;;;;;;;;;;;;;;;;;;;;;;;;;;;;;;;;;;;;;;;;;;;;;;;
21:06:37;17;17;9999;061;237;11;111111111111000000000000;000000000000000000000000;11101000;000;_;e;10;000000110000000000000000;____;08;-01;012;010;-03;000;023;0425548410;;;;;;;;;;;;;;;;;;;;;;;;;;;;;;;;;;;;;;;;;;;;;;;;;;
21:06:40;17;18;9999;083;171;11;111111111111000000000000;000000000000000000000000;11101000;000;_;e;10;001110001100000000000000;____;04;029;070;020;026;033;051;0425535742;;;;;;;;;;;;;;;;;;;;;;;;;;;;;;;;;;;;;;;;;;;;;;;;;;
21:06:42;17;19;9999;086;161;11;111111111111000000000000;000000000000000000000000;11101000;000;_;e;10;000100000000000000000000;____;04;000;054;031;000;000;033;0425548124;;;;;;;;;;;;;;;;;;;;;;;;;;;;;;;;;;;;;;;;;;;;;;;;;;
21:06:44;17;20;9999;076;168;11;111111111111000000000000;000000000000000000000000;11101000;000;_;e;10;000010000100000000000000;____;10;030;064;020;030;030;005;0425548123;;;;;;;;;;;;;;;;;;;;;;;;;;;;;;;;;;;;;;;;;;;;;;;;;;
21:06:50;17;21;9999;059;264;11;111111111111000000000000;000000000000000000000000;11101000;000;_;e;10;000000001001000000000000;____;12;043;050;004;035;043;036;0555782801;;;;;;;;;;;;;;;;;;;;;;;;;;;;;;;;;;;;;;;;;;;;;;;;;;
21:06:52;17;22;9999;056;172;11;111111111111000000000000;000000000000000000000000;11101000;000;_;e;10;000011001000000000000000;____;09;033;051;009;000;033;039;0425548125;;;;;;;;;;;;;;;;;;;;;;;;;;;;;;;;;;;;;;;;;;;;;;;;;;
21:06:54;17;23;9999;045;132;11;111111111111000000000000;000000000000000000000000;11101000;000;_;e;10;000001000000000000000000;____;06;005;020;018;-10;006;033;0425548412;;;;;;;;;;;;;;;;;;;;;;;;;;;;;;;;;;;;;;;;;;;;;;;;;;
21:06:58;17;24;9999;093;418;11;111111111111000000000000;000000000000000000000000;11101000;000;_;e;10;000000000001000000000000;____;12;060;067;004;060;061;002;0425548126;;;;;;;;;;;;;;;;;;;;;;;;;;;;;;;;;;;;;;;;;;;;;;;;;;
21:07:00;17;25;9999;055;133;11;111111111111000000000000;000000000000000000000000;11101000;000;_;e;10;000111110001000000000000;____;06;-07;030;005;-09;011;045;0425548127;;;;;;;;;;;;;;;;;;;;;;;;;;;;;;;;;;;;;;;;;;;;;;;;;;
21:07:03;17;26;9999;082;165;02;111111111111000000000000;000000000000000000000000;11010000;000;_;;;;;;;;;;;;;;;;;;;;;;;;;;;;;;;;;;;;;;;;;;;;;;;;;;;;;;;;;;;;;;
21:07:05;17;27;9999;066;164;11;111111111111000000000000;000000000000000000000000;11010000;000;_;;;;;;;;;;;;;;;;;;;;;;;;;;;;;;;;;;;;;;;;;;;;;;;;;;;;;;;;;;;;;;
21:07:07;17;28;9999;063;154;11;111111111111000000000000;000000000000000000000000;11101000;000;_;e;10;000111001100000000000000;____;05;027;048;032;023;028;105;0425547527;;;;;;;;;;;;;;;;;;;;;;;;;;;;;;;;;;;;;;;;;;;;;;;;;;
21:07:10;17;29;9999;054;183;11;111111111111000000000000;000000000000000000000000;11101000;000;_;e;10;000111001001000000000000;____;09;029;057;004;008;031;051;0425548130;;;;;;;;;;;;;;;;;;;;;;;;;;;;;;;;;;;;;;;;;;;;;;;;;;
21:07:15;17;30;9999;069;299;11;111111111111000000000000;000000000000000000000000;11010000;000;_;;;;;;;;;;;;;;;;;;;;;;;;;;;;;;;;;;;;;;;;;;;;;;;;;;;;;;;;;;;;;;
21:07:17;17;31;9999;053;169;11;111111111111000000000000;000000000000000000000000;11101000;000;_;e;10;000001001001000000000000;____;09;024;058;003;024;029;043;0425547528;;;;;;;;;;;;;;;;;;;;;;;;;;;;;;;;;;;;;;;;;;;;;;;;;;
21:07:18;17;32;9999;069;021;11;111111111111000000000000;000000000000000000000000;11101000;000;_;e;10;000010100000000000000000;____;05;031;044;009;028;032;023;0425548133;;;;;;;;;;;;;;;;;;;;;;;;;;;;;;;;;;;;;;;;;;;;;;;;;;
21:07:22;17;33;9999;075;454;11;111111111111000000000000;000000000000000000000000;11101000;000;_;e;10;000110001000000000000000;____;04;009;062;027;008;011;024;0425548415;;;;;;;;;;;;;;;;;;;;;;;;;;;;;;;;;;;;;;;;;;;;;;;;;;
21:07:25;17;34;9999;051;237;11;111111111111000000000000;000000000000000000000000;11101000;000;_;e;10;000101001001000000000000;____;09;037;056;006;010;040;041;0425548131;;;;;;;;;;;;;;;;;;;;;;;;;;;;;;;;;;;;;;;;;;;;;;;;;;
21:07:28;17;35;9999;083;281;11;111111111111000000000000;000000000000000000000000;11101000;000;_;e;10;010111000100000000000000;____;04;007;072;021;004;009;050;0425548414;;;;;;;;;;;;;;;;;;;;;;;;;;;;;;;;;;;;;;;;;;;;;;;;;;
21:07:31;17;36;9999;066;155;11;111111111111000000000000;000000000000000000000000;11101000;000;_;e;10;000001000000000000000000;____;06;031;079;027;031;031;006;0425548134;;;;;;;;;;;;;;;;;;;;;;;;;;;;;;;;;;;;;;;;;;;;;;;;;;
21:07:34;17;37;9999;076;179;01;111111111111000000000000;000000000000000000000000;11101000;000;_;e;10;000110110010000000000000;____;08;011;021;005;-01;012;023;0425548132;;;;;;;;;;;;;;;;;;;;;;;;;;;;;;;;;;;;;;;;;;;;;;;;;;
21:07:36;17;38;9999;073;158;11;111111111111000000000000;000000000000000000000000;11101000;000;_;e;10;000011110010000000000000;____;07;023;032;005;020;027;062;0425547530;;;;;;;;;;;;;;;;;;;;;;;;;;;;;;;;;;;;;;;;;;;;;;;;;;
21:07:40;17;39;9999;050;157;00;111111111111000000000000;000000000000000000000000;11010000;000;_;;;;;;;;;;;;;;;;;;;;;;;;;;;;;;;;;;;;;;;;;;;;;;;;;;;;;;;;;;;;;;
21:07:43;17;40;9999;082;202;11;111111111111000000000000;000000000000000000000000;11101000;000;_;e;10;101111001000000000000000;____;05;009;054;033;006;015;082;0425548129;;;;;;;;;;;;;;;;;;;;;;;;;;;;;;;;;;;;;;;;;;;;;;;;;;
21:34:09;17;41;9999;073;999;11;111111111111000000000000;000000000000000000000000;11101000;000;_;e;10;000100000000000000000000;____;04;035;045;014;035;036;033;0425546500;;;;;;;;;;;;;;;;;;;;;;;;;;;;;;;;;;;;;;;;;;;;;;;;;;
21:34:11;17;42;9999;069;162;11;111111111111000000000000;000000000000000000000000;11101000;000;_;e;10;000111100000000000000000;____;07;-06;001;021;-07;020;038;0425546501;;;;;;;;;;;;;;;;;;;;;;;;;;;;;;;;;;;;;;;;;;;;;;;;;;
21:34:13;17;43;9999;052;147;11;111111111111000000000000;000000000000000000000000;11101000;000;_;e;10;000001100000000000000000;____;07;-10;022;008;-10;-10;025;0425547634;;;;;;;;;;;;;;;;;;;;;;;;;;;;;;;;;;;;;;;;;;;;;;;;;;
21:34:15;17;44;9999;046;197;11;111111111111000000000000;000000000000000000000000;11101000;000;_;e;10;000001001100000000000000;____;06;-19;031;022;-20;008;043;0425547635;;;;;;;;;;;;;;;;;;;;;;;;;;;;;;;;;;;;;;;;;;;;;;;;;;
21:34:17;17;45;9999;045;183;11;111111111111000000000000;000000000000000000000000;11101000;000;_;e;10;000000110000000000000000;____;07;-02;021;009;-06;-02;018;0425547636;;;;;;;;;;;;;;;;;;;;;;;;;;;;;;;;;;;;;;;;;;;;;;;;;;
21:34:19;17;46;9999;075;153;11;111111111111000000000000;000000000000000000000000;11101000;000;_;e;10;001111001001000000000000;____;09;045;072;008;017;047;067;0425547637;;;;;;;;;;;;;;;;;;;;;;;;;;;;;;;;;;;;;;;;;;;;;;;;;;
21:34:23;17;47;9999;069;357;11;111111111111000000000000;000000000000000000000000;11101000;000;_;e;10;110000000000000000000000;____;01;-04;091;015;-10;-04;031;0425547723;;;;;;;;;;;;;;;;;;;;;;;;;;;;;;;;;;;;;;;;;;;;;;;;;;
21:34:27;17;48;9999;069;158;00;111111111111000000000000;000000000000000000000000;11101000;000;_;e;10;010100000000000000000000;____;04;000;091;009;-04;000;032;0425535105;;;;;;;;;;;;;;;;;;;;;;;;;;;;;;;;;;;;;;;;;;;;;;;;;;
21:34:29;17;49;9999;043;180;11;111111111111000000000000;000000000000000000000000;11101000;000;_;e;10;110100000000000000000000;____;02;-05;081;005;-05;005;044;0425535104;;;;;;;;;;;;;;;;;;;;;;;;;;;;;;;;;;;;;;;;;;;;;;;;;;
21:34:34;17;50;9999;073;534;11;111111111111000000000000;000000000000000000000000;11101000;000;_;e;10;000110000000000000000000;____;05;-10;029;027;-14;-10;008;0425547726;;;;;;;;;;;;;;;;;;;;;;;;;;;;;;;;;;;;;;;;;;;;;;;;;;
21:34:37;17;51;9999;083;239;11;111111111111000000000000;000000000000000000000000;11010000;000;_;;;;;;;;;;;;;;;;;;;;;;;;;;;;;;;;;;;;;;;;;;;;;;;;;;;;;;;;;;;;;;
21:34:46;17;52;9999;067;913;11;111111111111000000000000;000000000000000000000000;11101000;000;_;e;10;000001000010000000000000;____;06;034;032;031;015;034;007;0425547727;;;;;;;;;;;;;;;;;;;;;;;;;;;;;;;;;;;;;;;;;;;;;;;;;;
21:34:49;17;53;9999;073;235;11;111111111111000000000000;000000000000000000000000;11010000;000;_;;;;;;;;;;;;;;;;;;;;;;;;;;;;;;;;;;;;;;;;;;;;;;;;;;;;;;;;;;;;;;
21:34:52;17;54;9999;080;248;11;111111111111000000000000;000000000000000000000000;11101000;000;_;e;10;100011001000000000000000;____;09;055;066;009;025;059;047;0425547729;;;;;;;;;;;;;;;;;;;;;;;;;;;;;;;;;;;;;;;;;;;;;;;;;;
21:34:55;17;55;9999;083;147;02;111111111111000000000000;000000000000000000000000;11101000;000;_;e;10;000001000000000000000000;____;06;012;043;014;012;018;014;0425547730;;;;;;;;;;;;;;;;;;;;;;;;;;;;;;;;;;;;;;;;;;;;;;;;;;
21:34:58;17;56;9999;068;161;11;111111111111000000000000;000000000000000000000000;11101000;000;_;e;10;000010000100000000000000;____;10;-20;040;012;-20;-18;015;0425547731;;;;;;;;;;;;;;;;;;;;;;;;;;;;;;;;;;;;;;;;;;;;;;;;;;
21:35:10;17;57;9999;075;999;11;111111111111000000000000;000000000000000000000000;11101000;000;_;e;10;000011000100000000000000;____;06;-01;029;028;-01;005;034;0425547733;;;;;;;;;;;;;;;;;;;;;;;;;;;;;;;;;;;;;;;;;;;;;;;;;;
21:35:21;17;58;9999;081;999;11;111111111111000000000000;000000000000000000000000;11101000;000;_;e;10;000111000000000000000000;____;06;021;053;037;019;029;035;0425547732;;;;;;;;;;;;;;;;;;;;;;;;;;;;;;;;;;;;;;;;;;;;;;;;;;
21:35:24;17;59;9999;045;237;11;111111111111000000000000;000000000000000000000000;11101000;000;_;e;10;000111001000000000000000;____;06;-06;047;028;-19;-02;053;0425547638;;;;;;;;;;;;;;;;;;;;;;;;;;;;;;;;;;;;;;;;;;;;;;;;;;
21:35:26;17;60;9999;064;166;11;111111111111000000000000;000000000000000000000000;11101000;000;_;e;10;110000001101000000000000;____;09;034;067;007;023;044;028;0425547734;;;;;;;;;;;;;;;;;;;;;;;;;;;;;;;;;;;;;;;;;;;;;;;;;;
21:35:28;17;61;9999;076;161;11;111111111111000000000000;000000000000000000000000;11101000;000;_;e;10;000111001000000000000000;____;04;016;044;016;012;019;112;0425547639;;;;;;;;;;;;;;;;;;;;;;;;;;;;;;;;;;;;;;;;;;;;;;;;;;
21:35:31;17;62;9999;075;169;11;111111111111000000000000;000000000000000000000000;11101000;000;_;e;10;000001001000000000000000;____;09;032;053;009;026;032;008;0425547735;;;;;;;;;;;;;;;;;;;;;;;;;;;;;;;;;;;;;;;;;;;;;;;;;;
21:35:33;17;63;9999;073;146;11;111111111111000000000000;000000000000000000000000;11101000;000;_;e;10;000111000100000000000000;____;06;-11;041;018;-12;015;066;0425547736;;;;;;;;;;;;;;;;;;;;;;;;;;;;;;;;;;;;;;;;;;;;;;;;;;
21:35:35;17;64;9999;072;151;11;111111111111000000000000;000000000000000000000000;11101000;000;_;e;10;000010111010000000000000;____;05;024;038;009;004;032;060;0425547640;;;;;;;;;;;;;;;;;;;;;;;;;;;;;;;;;;;;;;;;;;;;;;;;;;
21:35:38;17;65;9999;082;156;02;111111111111000000000000;000000000000000000000000;11101000;000;_;e;10;000110001100000000000000;____;05;016;056;049;015;021;096;0425547737;;;;;;;;;;;;;;;;;;;;;;;;;;;;;;;;;;;;;;;;;;;;;;;;;;
21:35:42;17;66;9999;058;169;10;111111111111000000000000;000000000000000000000000;11101000;000;_;e;10;000010000001000000000000;____;05;-14;079;017;-14;-05;006;0425547641;;;;;;;;;;;;;;;;;;;;;;;;;;;;;;;;;;;;;;;;;;;;;;;;;;
21:35:44;17;67;9999;074;153;11;111111111111000000000000;000000000000000000000000;11101000;000;_;e;10;000111001000000000000000;____;05;031;033;034;030;034;065;0425547642;;;;;;;;;;;;;;;;;;;;;;;;;;;;;;;;;;;;;;;;;;;;;;;;;;
21:35:46;17;68;9999;068;136;11;111111111111000000000000;000000000000000000000000;11101000;000;_;e;10;000001000001000000000000;____;06;010;043;023;010;038;009;0425547643;;;;;;;;;;;;;;;;;;;;;;;;;;;;;;;;;;;;;;;;;;;;;;;;;;
21:35:56;17;69;9999;075;999;11;111111111111000000000000;000000000000000000000000;11101000;000;_;e;10;000111000000000000000000;____;04;040;047;005;016;043;029;0425547645;;;;;;;;;;;;;;;;;;;;;;;;;;;;;;;;;;;;;;;;;;;;;;;;;;
21:35:58;17;70;9999;059;168;11;111111111111000000000000;000000000000000000000000;11101000;000;_;e;10;000111001001000000000000;____;09;032;051;007;014;034;090;0425547646;;;;;;;;;;;;;;;;;;;;;;;;;;;;;;;;;;;;;;;;;;;;;;;;;;
21:36:01;17;71;9999;050;263;11;111111111111000000000000;000000000000000000000000;11101000;000;_;e;10;000011100000000000000000;____;06;-09;036;013;-11;001;036;0425547648;;;;;;;;;;;;;;;;;;;;;;;;;;;;;;;;;;;;;;;;;;;;;;;;;;
21:36:03;17;72;9999;041;120;11;111111111111000000000000;000000000000000000000000;11101000;000;_;e;10;000011101000000000000000;____;05;-05;040;000;-08;013;044;0425547649;;;;;;;;;;;;;;;;;;;;;;;;;;;;;;;;;;;;;;;;;;;;;;;;;;
21:36:04;17;73;9999;052;163;11;111111111111000000000000;000000000000000000000000;11101000;000;_;e;10;000001000000000000000000;____;06;-11;051;031;-11;-11;002;0425547651;;;;;;;;;;;;;;;;;;;;;;;;;;;;;;;;;;;;;;;;;;;;;;;;;;
21:36:07;17;74;9999;067;177;01;111111111111000000000000;000000000000000000000000;11101000;000;_;e;10;110000000000000000000000;____;01;012;098;010;007;027;029;0425547653;;;;;;;;;;;;;;;;;;;;;;;;;;;;;;;;;;;;;;;;;;;;;;;;;;
21:36:10;17;75;9999;082;189;11;111111111111000000000000;000000000000000000000000;11101000;000;_;e;10;000111001000000000000000;____;06;020;058;028;016;031;040;0425547656;;;;;;;;;;;;;;;;;;;;;;;;;;;;;;;;;;;;;;;;;;;;;;;;;;
21:36:14;17;76;9999;070;167;00;111111111111000000000000;000000000000000000000000;11101000;000;_;e;10;110000001000000000000000;____;01;025;076;019;017;026;036;0425547657;;;;;;;;;;;;;;;;;;;;;;;;;;;;;;;;;;;;;;;;;;;;;;;;;;
21:36:17;17;77;9999;068;243;11;111111111111000000000000;000000000000000000000000;11101000;000;_;e;10;110000000000000000000000;____;01;014;101;007;010;015;039;0425547655;;;;;;;;;;;;;;;;;;;;;;;;;;;;;;;;;;;;;;;;;;;;;;;;;;
22:04:45;17;78;9999;046;999;11;111111111111000000000000;000000000000000000000000;11101000;000;_;e;10;000110000000000000000000;____;04;-10;067;028;-10;-06;009;0316110940;;;;;;;;;;;;;;;;;;;;;;;;;;;;;;;;;;;;;;;;;;;;;;;;;;
22:04:47;17;79;9999;046;186;11;111111111111000000000000;000000000000000000000000;11101000;000;_;e;10;000111001000000000000000;____;04;-07;050;032;-17;013;044;0316110939;;;;;;;;;;;;;;;;;;;;;;;;;;;;;;;;;;;;;;;;;;;;;;;;;;
22:04:49;17;80;9999;072;155;11;111111111111000000000000;000000000000000000000000;11010000;000;_;;;;;;;;;;;;;;;;;;;;;;;;;;;;;;;;;;;;;;;;;;;;;;;;;;;;;;;;;;;;;;
22:04:51;17;81;9999;039;140;11;111111111111000000000000;000000000000000000000000;11101000;000;_;e;10;100111001000000000000000;____;09;007;087;004;-13;009;029;0316110942;;;;;;;;;;;;;;;;;;;;;;;;;;;;;;;;;;;;;;;;;;;;;;;;;;
22:04:53;17;82;9999;047;205;11;111111111111000000000000;000000000000000000000000;11101000;000;_;e;10;000100111100000000000000;____;07;009;030;005;-09;009;064;0316110943;;;;;;;;;;;;;;;;;;;;;;;;;;;;;;;;;;;;;;;;;;;;;;;;;;
22:04:55;17;83;9999;076;182;11;111111111111000000000000;000000000000000000000000;11101000;000;_;e;10;000100000100000000000000;____;04;-11;085;031;-11;-05;030;0316110938;;;;;;;;;;;;;;;;;;;;;;;;;;;;;;;;;;;;;;;;;;;;;;;;;;
