RDT400 Server V3.30
Site: 
System: Barcode scanner PLC02 (Sick); System type: OPS
Date: 27-12-2024  00:00:53
Date    ;ID;CT;IDX ;TLE;TGA;V ;DEVICE LIST             ;ERROR LIST              ;OUTPUT  ;ENR;R;CODE1 ID;LENGTH;READ LIST;RES;CLV ID;XPOS;YPOS;ZPOS;XMIN;XMAX;CS;CODE CONTENT;XPOS;YPOS;ZPOS;XMIN;XMAX;CS;CODE CONTENT;CODE2 ID;LENGTH;READ LIST;RES;CLV ID;XPOS;YPOS;ZPOS;XMIN;XMAX;CS;CODE CONTENT;XPOS;YPOS;ZPOS;XMIN;XMAX;CS;CODE CONTENT;CODE3 ID;LENGTH;READ LIST;RES;CLV ID;XPOS;YPOS;ZPOS;XMIN;XMAX;CS;CODE CONTENT;XPOS;YPOS;ZPOS;XMIN;XMAX;CS;CODE CONTENT;INFO1;INFO2;CUSTOM1;CUSTOM2;
04:23:25;12;28;9999;074;999;08;111111111111000000000000;000000000000000000000000;11101000;000;_;e;10;111100000000000000000000;____;03;033;079;025;031;035;061;0425684357;;;;;;;;;;;;;;;;;;;;;;;;;;;;;;;;;;;;;;;;;;;;;;;;;;
04:28:55;12;29;9999;059;999;08;111111111111000000000000;000000000000000000000000;11101000;000;_;e;10;110100001100000000000000;____;10;002;081;019;-01;021;065;0425677004;;;;;;;;;;;;;;;;;;;;;;;;;;;;;;;;;;;;;;;;;;;;;;;;;;
05:03:50;12;30;9999;075;999;08;111111111111000000000000;000000000000000000000000;11101000;000;_;e;10;111100000000000000000000;____;01;047;092;028;047;052;075;0425652086;;;;;;;;;;;;;;;;;;;;;;;;;;;;;;;;;;;;;;;;;;;;;;;;;;
05:06:31;12;31;9999;063;999;08;111111111111000000000000;000000000000000000000000;11101000;000;_;e;10;010000000101000000000000;____;12;-04;082;004;-04;016;011;0425674167;;;;;;;;;;;;;;;;;;;;;;;;;;;;;;;;;;;;;;;;;;;;;;;;;;
05:08:56;12;32;9999;077;999;09;111111111111000000000000;000000000000000000000000;11101000;000;_;e;10;001111000100000000000000;____;06;028;054;026;027;047;073;0425688056;;;;;;;;;;;;;;;;;;;;;;;;;;;;;;;;;;;;;;;;;;;;;;;;;;
05:12:34;12;33;9999;074;999;08;111111111111000000000000;000000000000000000000000;11101000;000;_;e;10;001100001100000000000000;____;10;039;068;029;032;044;094;0425677016;;;;;;;;;;;;;;;;;;;;;;;;;;;;;;;;;;;;;;;;;;;;;;;;;;
05:18:06;12;34;9999;060;999;09;111111111111000000000000;000000000000000000000000;11101000;000;_;e;10;010100000100000000000000;____;02;002;082;005;-02;035;034;0425652089;;;;;;;;;;;;;;;;;;;;;;;;;;;;;;;;;;;;;;;;;;;;;;;;;;
05:18:14;12;35;9999;065;674;08;111111111111000000000000;000000000000000000000000;11101000;000;_;e;10;110110000100000000000000;____;01;033;099;017;004;036;049;0425684379;;;;;;;;;;;;;;;;;;;;;;;;;;;;;;;;;;;;;;;;;;;;;;;;;;
05:19:48;12;36;9999;052;999;09;111111111111000000000000;000000000000000000000000;11101000;000;_;e;10;000100000100000000000000;____;10;001;083;019;-01;004;058;0425652092;;;;;;;;;;;;;;;;;;;;;;;;;;;;;;;;;;;;;;;;;;;;;;;;;;
05:26:24;12;37;9999;075;999;09;111111111111000000000000;000000000000000000000000;11101000;000;_;e;10;001111001100000000000000;____;03;045;072;050;026;049;101;0425652093;;;;;;;;;;;;;;;;;;;;;;;;;;;;;;;;;;;;;;;;;;;;;;;;;;
05:26:54;12;38;9999;068;999;08;111111111111000000000000;000000000000000000000000;11101000;000;_;e;10;101101000101000000000000;____;10;001;079;001;-02;024;065;0425688059;;;;;;;;;;;;;;;;;;;;;;;;;;;;;;;;;;;;;;;;;;;;;;;;;;
05:27:58;12;39;9999;076;999;08;111111111111000000000000;000000000000000000000000;11101000;000;_;e;10;001111001100000000000000;____;05;041;063;032;038;045;136;0425684382;;;;;;;;;;;;;;;;;;;;;;;;;;;;;;;;;;;;;;;;;;;;;;;;;;
05:28:36;12;40;9999;076;999;09;111111111111000000000000;000000000000000000000000;11101000;000;_;e;10;010110100000000000000000;____;04;040;075;032;038;042;030;0425686652;;;;;;;;;;;;;;;;;;;;;;;;;;;;;;;;;;;;;;;;;;;;;;;;;;
05:28:49;12;41;9999;075;988;09;111111111111000000000000;000000000000000000000000;11101000;000;_;e;10;001111101100000000000000;____;06;037;056;025;007;042;112;0425684383;;;;;;;;;;;;;;;;;;;;;;;;;;;;;;;;;;;;;;;;;;;;;;;;;;
05:35:12;12;42;9999;078;999;08;111111111111000000000000;000000000000000000000000;11101000;000;_;e;10;110100000100000000000000;____;01;043;100;017;022;045;048;0425677020;;;;;;;;;;;;;;;;;;;;;;;;;;;;;;;;;;;;;;;;;;;;;;;;;;
05:38:41;12;43;9999;075;999;09;111111111111000000000000;000000000000000000000000;11101000;000;_;e;10;101100000100000000000000;____;10;023;078;032;023;063;092;0425686551;;;;;;;;;;;;;;;;;;;;;;;;;;;;;;;;;;;;;;;;;;;;;;;;;;
05:38:49;12;44;9999;075;614;09;111111111111000000000000;000000000000000000000000;11010000;000;_;;;;;;;;;;;;;;;;;;;;;;;;;;;;;;;;;;;;;;;;;;;;;;;;;;;;;;;;;;;;;;
05:39:10;12;45;9999;057;999;09;111111111111000000000000;000000000000000000000000;11101000;000;_;e;10;111000000100000000000000;____;02;032;096;012;005;037;038;0425652095;;;;;;;;;;;;;;;;;;;;;;;;;;;;;;;;;;;;;;;;;;;;;;;;;;
05:39:44;12;46;9999;074;999;09;111111111111000000000000;000000000000000000000000;11101000;000;_;e;10;101101101100000000000000;____;04;009;067;016;006;039;085;0425677023;;;;;;;;;;;;;;;;;;;;;;;;;;;;;;;;;;;;;;;;;;;;;;;;;;
05:41:27;12;47;9999;074;999;09;111111111111000000000000;000000000000000000000000;11101000;000;_;e;10;001111001100000000000000;____;10;047;058;030;030;050;078;0425686658;;;;;;;;;;;;;;;;;;;;;;;;;;;;;;;;;;;;;;;;;;;;;;;;;;
05:41:35;12;48;9999;075;616;09;111111111111000000000000;000000000000000000000000;11101000;000;_;e;10;000100001100000000000000;____;10;-01;075;030;-01;005;052;0425677024;;;;;;;;;;;;;;;;;;;;;;;;;;;;;;;;;;;;;;;;;;;;;;;;;;
05:43:22;12;49;9999;076;999;09;111111111111000000000000;000000000000000000000000;11101000;000;_;e;10;001110000000000000000000;____;03;007;071;024;006;061;042;0425686659;;;;;;;;;;;;;;;;;;;;;;;;;;;;;;;;;;;;;;;;;;;;;;;;;;
05:43:47;12;50;9999;057;999;09;111111111111000000000000;000000000000000000000000;11101000;000;_;e;10;001111001101000000000000;____;10;-08;075;004;-08;022;100;0425686553;;;;;;;;;;;;;;;;;;;;;;;;;;;;;;;;;;;;;;;;;;;;;;;;;;
05:44:04;12;51;9999;073;999;09;111111111111000000000000;000000000000000000000000;11101000;000;_;e;10;000011111010000000000000;____;05;046;042;004;041;059;091;0425686660;;;;;;;;;;;;;;;;;;;;;;;;;;;;;;;;;;;;;;;;;;;;;;;;;;
05:44:12;12;52;9999;059;651;09;111111111111000000000000;000000000000000000000000;11101000;000;_;e;10;001111111001000000000000;____;05;037;050;010;035;040;110;0425687857;;;;;;;;;;;;;;;;;;;;;;;;;;;;;;;;;;;;;;;;;;;;;;;;;;
05:45:42;12;53;9999;075;999;09;111111111111000000000000;000000000000000000000000;11101000;000;_;e;10;000110001100000000000000;____;10;016;060;023;016;065;054;0425686661;;;;;;;;;;;;;;;;;;;;;;;;;;;;;;;;;;;;;;;;;;;;;;;;;;
05:46:45;12;54;9999;075;999;09;111111111111000000000000;000000000000000000000000;11101000;000;_;e;10;101011101100000000000000;____;06;044;083;039;039;064;049;0425677026;;;;;;;;;;;;;;;;;;;;;;;;;;;;;;;;;;;;;;;;;;;;;;;;;;
05:48:45;12;55;9999;074;999;09;111111111111000000000000;000000000000000000000000;11101000;000;_;e;10;001111001100000000000000;____;03;037;067;025;035;062;062;0425686556;;;;;;;;;;;;;;;;;;;;;;;;;;;;;;;;;;;;;;;;;;;;;;;;;;
05:48:54;12;56;9999;074;634;09;111111111111000000000000;000000000000000000000000;11101000;000;_;e;10;001011011100000000000000;____;06;031;058;021;031;037;068;0425686557;;;;;;;;;;;;;;;;;;;;;;;;;;;;;;;;;;;;;;;;;;;;;;;;;;
05:49:10;12;57;9999;074;999;09;111111111111000000000000;000000000000000000000000;11101000;000;_;e;10;000111001100000000000000;____;05;050;046;020;046;054;106;0425686555;;;;;;;;;;;;;;;;;;;;;;;;;;;;;;;;;;;;;;;;;;;;;;;;;;
05:50:27;12;58;9999;073;999;09;111111111111000000000000;000000000000000000000000;11101000;000;_;e;10;011000001000000000000000;____;09;042;070;032;014;042;024;0425686371;;;;;;;;;;;;;;;;;;;;;;;;;;;;;;;;;;;;;;;;;;;;;;;;;;
05:50:35;12;59;9999;058;608;09;111111111111000000000000;000000000000000000000000;11101000;000;_;e;10;010000000000000000000000;____;02;015;098;006;015;015;002;0425686372;;;;;;;;;;;;;;;;;;;;;;;;;;;;;;;;;;;;;;;;;;;;;;;;;;
05:51:26;12;60;9999;074;999;09;111111111111000000000000;000000000000000000000000;11101000;000;_;e;10;110000000000000000000000;____;01;049;093;012;049;050;015;0425620433;;;;;;;;;;;;;;;;;;;;;;;;;;;;;;;;;;;;;;;;;;;;;;;;;;
05:51:39;12;61;9999;076;999;08;111111111111000000000000;000000000000000000000000;11101000;000;_;e;10;001111001100000000000000;____;06;033;075;047;028;041;132;0425684387;;;;;;;;;;;;;;;;;;;;;;;;;;;;;;;;;;;;;;;;;;;;;;;;;;
05:52:06;12;62;9999;074;999;09;111111111111000000000000;000000000000000000000000;11101000;000;_;e;10;001111001100000000000000;____;05;017;064;033;017;044;147;0425684388;;;;;;;;;;;;;;;;;;;;;;;;;;;;;;;;;;;;;;;;;;;;;;;;;;
05:52:09;12;63;9999;056;253;09;111111111111000000000000;000000000000000000000000;11101000;000;_;e;10;111100000000000000000000;____;03;025;096;038;024;028;063;0425620434;;;;;;;;;;;;;;;;;;;;;;;;;;;;;;;;;;;;;;;;;;;;;;;;;;
05:52:26;12;64;9999;075;999;09;111111111111000000000000;000000000000000000000000;11101000;000;_;e;10;011100000000000000000000;____;02;038;079;025;027;040;053;0425686373;;;;;;;;;;;;;;;;;;;;;;;;;;;;;;;;;;;;;;;;;;;;;;;;;;
05:52:30;12;65;9999;076;282;09;111111111111000000000000;000000000000000000000000;11101000;000;_;e;10;111010101100000000000000;____;02;044;086;033;034;060;076;0425686375;;;;;;;;;;;;;;;;;;;;;;;;;;;;;;;;;;;;;;;;;;;;;;;;;;
05:53:44;12;66;9999;075;999;09;111111111111000000000000;000000000000000000000000;11101000;000;_;e;10;100100000100000000000000;____;10;002;080;021;002;017;085;0425686376;;;;;;;;;;;;;;;;;;;;;;;;;;;;;;;;;;;;;;;;;;;;;;;;;;
05:54:26;12;67;9999;072;999;09;111111111111000000000000;000000000000000000000000;11101000;000;_;e;10;111100000100000000000000;____;04;041;094;026;015;042;057;0425674183;;;;;;;;;;;;;;;;;;;;;;;;;;;;;;;;;;;;;;;;;;;;;;;;;;
05:54:47;12;68;9999;068;999;09;111111111111000000000000;000000000000000000000000;11101000;000;_;e;10;001111000100000000000000;____;04;026;079;044;014;042;072;0425688070;;;;;;;;;;;;;;;;;;;;;;;;;;;;;;;;;;;;;;;;;;;;;;;;;;
05:54:56;12;69;9999;055;709;09;111111111111000000000000;000000000000000000000000;11101000;000;_;e;10;101100001100000000000000;____;03;032;089;037;028;034;068;0425674186;;;;;;;;;;;;;;;;;;;;;;;;;;;;;;;;;;;;;;;;;;;;;;;;;;
05:55:09;12;70;9999;074;999;09;111111111111000000000000;000000000000000000000000;11101000;000;_;e;10;110000000001000000000000;____;01;040;102;012;020;041;036;0425687862;;;;;;;;;;;;;;;;;;;;;;;;;;;;;;;;;;;;;;;;;;;;;;;;;;
05:55:13;12;71;9999;067;289;09;111111111111000000000000;000000000000000000000000;11101000;000;_;e;10;001111011000000000000000;____;04;046;043;021;044;064;056;0425686663;;;;;;;;;;;;;;;;;;;;;;;;;;;;;;;;;;;;;;;;;;;;;;;;;;
05:55:17;12;72;9999;057;249;09;111111111111000000000000;000000000000000000000000;11101000;000;_;e;10;110100000100000000000000;____;02;031;095;016;019;033;031;0425674185;;;;;;;;;;;;;;;;;;;;;;;;;;;;;;;;;;;;;;;;;;;;;;;;;;
05:56:13;12;73;9999;073;999;09;111111111111000000000000;000000000000000000000000;11101000;000;_;e;10;001111011111000000000000;____;10;-04;062;002;-10;033;095;0425686664;;;;;;;;;;;;;;;;;;;;;;;;;;;;;;;;;;;;;;;;;;;;;;;;;;
05:57:33;12;74;9999;060;999;09;111111111111000000000000;000000000000000000000000;11101000;000;_;e;10;110000000000000000000000;____;01;037;103;009;035;037;053;0425686562;;;;;;;;;;;;;;;;;;;;;;;;;;;;;;;;;;;;;;;;;;;;;;;;;;
05:57:37;12;75;9999;064;314;09;111111111111000000000000;000000000000000000000000;11101000;000;_;e;10;000000000001000000000000;____;12;042;066;004;042;042;004;0425677031;;;;;;;;;;;;;;;;;;;;;;;;;;;;;;;;;;;;;;;;;;;;;;;;;;
05:59:46;12;76;9999;076;999;09;111111111111000000000000;000000000000000000000000;11101000;000;_;e;10;010110000000000000000000;____;05;045;059;025;031;045;013;0425686378;;;;;;;;;;;;;;;;;;;;;;;;;;;;;;;;;;;;;;;;;;;;;;;;;;
05:59:54;12;77;9999;075;656;09;111111111111000000000000;000000000000000000000000;11101000;000;_;e;10;000111111100000000000000;____;09;064;057;022;036;064;135;0425686377;;;;;;;;;;;;;;;;;;;;;;;;;;;;;;;;;;;;;;;;;;;;;;;;;;
06:01:07;12;78;9999;066;999;09;111111111111000000000000;000000000000000000000000;11101000;000;_;e;10;110000000001000000000000;____;01;039;101;017;011;039;038;0425686665;;;;;;;;;;;;;;;;;;;;;;;;;;;;;;;;;;;;;;;;;;;;;;;;;;
06:01:11;12;79;9999;056;284;09;111111111111000000000000;000000000000000000000000;11101000;000;_;e;10;001110001101000000000000;____;10;061;073;027;041;063;077;0425684389;;;;;;;;;;;;;;;;;;;;;;;;;;;;;;;;;;;;;;;;;;;;;;;;;;
06:01:15;12;80;9999;063;272;09;111111111111000000000000;000000000000000000000000;11101000;000;_;e;10;111100000000000000000000;____;04;032;096;025;011;034;058;0425674191;;;;;;;;;;;;;;;;;;;;;;;;;;;;;;;;;;;;;;;;;;;;;;;;;;
06:02:49;12;81;9999;075;999;09;111111111111000000000000;000000000000000000000000;11101000;000;_;e;10;001001001100000000000000;____;06;040;080;035;038;040;023;0425686380;;;;;;;;;;;;;;;;;;;;;;;;;;;;;;;;;;;;;;;;;;;;;;;;;;
06:04:27;12;82;9999;056;999;09;111111111111000000000000;000000000000000000000000;11101000;000;_;e;10;001110000100000000000000;____;10;004;083;024;000;013;074;0425677036;;;;;;;;;;;;;;;;;;;;;;;;;;;;;;;;;;;;;;;;;;;;;;;;;;
06:06:09;12;83;9999;066;999;09;111111111111000000000000;000000000000000000000000;11101000;000;_;e;10;000000000101000000000000;____;10;-06;086;005;-07;-05;046;0425620439;;;;;;;;;;;;;;;;;;;;;;;;;;;;;;;;;;;;;;;;;;;;;;;;;;
06:06:30;12;84;9999;075;999;09;111111111111000000000000;000000000000000000000000;11101000;000;_;e;10;001101001000000000000000;____;09;038;074;032;037;039;089;0425686669;;;;;;;;;;;;;;;;;;;;;;;;;;;;;;;;;;;;;;;;;;;;;;;;;;
06:06:48;12;85;9999;078;999;09;111111111111000000000000;000000000000000000000000;11101000;000;_;e;10;001110000100000000000000;____;04;042;075;027;038;062;078;0425620440;;;;;;;;;;;;;;;;;;;;;;;;;;;;;;;;;;;;;;;;;;;;;;;;;;
06:07:00;12;86;9999;077;997;09;111111111111000000000000;000000000000000000000000;11101000;000;_;e;10;111111000100000000000000;____;05;042;086;039;033;064;107;0425684390;;;;;;;;;;;;;;;;;;;;;;;;;;;;;;;;;;;;;;;;;;;;;;;;;;
06:08:08;12;87;9999;078;999;09;111111111111000000000000;000000000000000000000000;11101000;000;_;e;10;001111001100000000000000;____;03;044;068;041;044;053;089;0425687869;;;;;;;;;;;;;;;;;;;;;;;;;;;;;;;;;;;;;;;;;;;;;;;;;;
06:11:37;12;88;9999;059;999;09;111111111111000000000000;000000000000000000000000;11101000;000;_;e;10;001100000101000000000000;____;04;-02;084;014;-11;002;104;0425688076;;;;;;;;;;;;;;;;;;;;;;;;;;;;;;;;;;;;;;;;;;;;;;;;;;
06:12:10;12;89;9999;075;999;09;111111111111000000000000;000000000000000000000000;11101000;000;_;e;10;001100001100000000000000;____;04;045;073;021;043;076;054;0425686569;;;;;;;;;;;;;;;;;;;;;;;;;;;;;;;;;;;;;;;;;;;;;;;;;;
06:13:57;12;90;9999;064;999;09;111111111111000000000000;000000000000000000000000;11101000;000;_;e;10;001100001100000000000000;____;10;-08;083;020;-17;-03;079;0425620441;;;;;;;;;;;;;;;;;;;;;;;;;;;;;;;;;;;;;;;;;;;;;;;;;;
06:14:36;12;91;9999;078;999;09;111111111111000000000000;000000000000000000000000;11101000;000;_;e;10;101100000100000000000000;____;03;027;075;033;024;034;041;0425686672;;;;;;;;;;;;;;;;;;;;;;;;;;;;;;;;;;;;;;;;;;;;;;;;;;
06:15:01;12;92;9999;078;999;09;111111111111000000000000;000000000000000000000000;11101000;000;_;e;10;000100000000000000000000;____;04;037;067;024;037;066;005;0425686571;;;;;;;;;;;;;;;;;;;;;;;;;;;;;;;;;;;;;;;;;;;;;;;;;;
06:16:00;12;93;9999;075;999;09;111111111111000000000000;000000000000000000000000;11101000;000;_;e;10;001111000100000000000000;____;03;043;076;034;038;043;052;0425689800;;;;;;;;;;;;;;;;;;;;;;;;;;;;;;;;;;;;;;;;;;;;;;;;;;
06:16:14;12;94;9999;064;999;09;111111111111000000000000;000000000000000000000000;11101000;000;_;e;10;001111001101000000000000;____;12;-11;070;004;-11;042;106;0425686572;;;;;;;;;;;;;;;;;;;;;;;;;;;;;;;;;;;;;;;;;;;;;;;;;;
06:16:22;12;95;9999;062;546;09;111111111111000000000000;000000000000000000000000;11101000;000;_;e;10;110000000000000000000000;____;02;-01;092;008;-02;001;020;0425620442;;;;;;;;;;;;;;;;;;;;;;;;;;;;;;;;;;;;;;;;;;;;;;;;;;
06:18:12;12;96;9999;056;999;09;111111111111000000000000;000000000000000000000000;11101000;000;_;e;10;110000000000000000000000;____;02;034;101;008;032;034;005;0425690000;;;;;;;;;;;;;;;;;;;;;;;;;;;;;;;;;;;;;;;;;;;;;;;;;;
06:18:30;12;97;9999;080;999;09;111111111111000000000000;000000000000000000000000;11101000;000;_;e;10;001101001100000000000000;____;04;028;077;035;025;031;054;0425686671;;;;;;;;;;;;;;;;;;;;;;;;;;;;;;;;;;;;;;;;;;;;;;;;;;
06:19:29;12;98;9999;056;999;09;111111111111000000000000;000000000000000000000000;11101000;000;_;e;10;001110000101000000000000;____;10;-09;080;004;-16;-02;090;0425687154;;;;;;;;;;;;;;;;;;;;;;;;;;;;;;;;;;;;;;;;;;;;;;;;;;
06:23:11;12;99;9999;074;999;09;111111111111000000000000;000000000000000000000000;11101000;000;_;e;10;011111100000000000000000;____;03;039;065;036;038;041;072;0425686576;;;;;;;;;;;;;;;;;;;;;;;;;;;;;;;;;;;;;;;;;;;;;;;;;;
06:24:52;12;01;9999;066;999;09;111111111111000000000000;000000000000000000000000;11101000;000;_;e;10;110000000100000000000000;____;02;028;101;012;003;029;063;0425674195;;;;;;;;;;;;;;;;;;;;;;;;;;;;;;;;;;;;;;;;;;;;;;;;;;
06:25:01;12;02;9999;076;651;08;111111111111000000000000;000000000000000000000000;11101000;000;_;e;10;111110001100000000000000;____;09;041;099;029;034;053;051;0425620446;;;;;;;;;;;;;;;;;;;;;;;;;;;;;;;;;;;;;;;;;;;;;;;;;;
06:25:18;12;03;9999;064;999;09;111111111111000000000000;000000000000000000000000;11101000;000;_;e;10;101101011001000000000000;____;09;067;080;003;044;070;056;0425686681;;;;;;;;;;;;;;;;;;;;;;;;;;;;;;;;;;;;;;;;;;;;;;;;;;
06:29:54;12;04;9999;053;999;09;111111111111000000000000;000000000000000000000000;11101000;000;_;e;10;001110001101000000000000;____;10;-07;081;011;-11;018;095;0425689206;;;;;;;;;;;;;;;;;;;;;;;;;;;;;;;;;;;;;;;;;;;;;;;;;;
06:30:04;12;05;9999;055;750;09;111111111111000000000000;000000000000000000000000;11101000;000;_;e;10;000100000000000000000000;____;04;011;082;035;011;011;003;0425620448;;;;;;;;;;;;;;;;;;;;;;;;;;;;;;;;;;;;;;;;;;;;;;;;;;
06:33:20;12;06;9999;056;999;09;111111111111000000000000;000000000000000000000000;11101000;000;_;e;10;000011110000000000000000;____;06;030;061;023;027;034;039;0425686382;;;;;;;;;;;;;;;;;;;;;;;;;;;;;;;;;;;;;;;;;;;;;;;;;;
06:33:32;12;07;9999;076;999;09;111111111111000000000000;000000000000000000000000;11101000;000;_;e;10;001100001100000000000000;____;03;078;078;020;020;089;086;0425687882;;;;;;;;;;;;;;;;;;;;;;;;;;;;;;;;;;;;;;;;;;;;;;;;;;
06:33:58;12;08;9999;052;999;09;111111111111000000000000;000000000000000000000000;11101000;000;_;e;10;001111110100000000000000;____;04;027;041;017;014;028;061;0425687876;;;;;;;;;;;;;;;;;;;;;;;;;;;;;;;;;;;;;;;;;;;;;;;;;;
06:34:19;12;09;9999;075;999;09;111111111111000000000000;000000000000000000000000;11101000;000;_;e;10;001101001100000000000000;____;03;027;072;028;025;029;182;0425688084;;;;;;;;;;;;;;;;;;;;;;;;;;;;;;;;;;;;;;;;;;;;;;;;;;
06:34:36;12;10;9999;053;999;09;111111111111000000000000;000000000000000000000000;11101000;000;_;e;10;000110000100000000000000;____;10;-01;075;026;-02;002;076;0425687877;;;;;;;;;;;;;;;;;;;;;;;;;;;;;;;;;;;;;;;;;;;;;;;;;;
06:35:19;12;11;9999;056;999;09;111111111111000000000000;000000000000000000000000;11101000;000;_;e;10;000000000100000000000000;____;10;-03;081;022;-03;-01;006;0425687883;;;;;;;;;;;;;;;;;;;;;;;;;;;;;;;;;;;;;;;;;;;;;;;;;;
06:35:53;12;12;9999;062;999;09;111111111111000000000000;000000000000000000000000;11101000;000;_;e;10;110000000000000000000000;____;02;004;088;008;003;004;052;0425687878;;;;;;;;;;;;;;;;;;;;;;;;;;;;;;;;;;;;;;;;;;;;;;;;;;
06:36:14;12;13;9999;076;999;09;111111111111000000000000;000000000000000000000000;11101000;000;_;e;10;111100000000000000000000;____;04;047;087;020;045;049;064;0425688085;;;;;;;;;;;;;;;;;;;;;;;;;;;;;;;;;;;;;;;;;;;;;;;;;;
06:38:43;12;14;9999;075;999;09;111111111111000000000000;000000000000000000000000;11101000;000;_;e;10;000111001100000000000000;____;04;036;061;029;034;040;125;0425687884;;;;;;;;;;;;;;;;;;;;;;;;;;;;;;;;;;;;;;;;;;;;;;;;;;
06:39:38;12;15;9999;075;999;09;111111111111000000000000;000000000000000000000000;11101000;000;_;e;10;001011001100000000000000;____;10;043;060;044;043;046;106;0425688088;;;;;;;;;;;;;;;;;;;;;;;;;;;;;;;;;;;;;;;;;;;;;;;;;;
06:40:04;12;16;9999;074;999;09;111111111111000000000000;000000000000000000000000;11101000;000;_;e;10;000100000100000000000000;____;10;016;082;005;009;017;039;0425686594;;;;;;;;;;;;;;;;;;;;;;;;;;;;;;;;;;;;;;;;;;;;;;;;;;
06:40:17;12;17;9999;076;999;09;111111111111000000000000;000000000000000000000000;11101000;000;_;e;10;001101111000000000000000;____;03;039;067;043;037;045;081;0425686383;;;;;;;;;;;;;;;;;;;;;;;;;;;;;;;;;;;;;;;;;;;;;;;;;;
06:40:47;12;18;9999;061;999;09;111111111111000000000000;000000000000000000000000;11101000;000;_;e;10;100100001100000000000000;____;10;005;082;018;005;017;060;0425686595;;;;;;;;;;;;;;;;;;;;;;;;;;;;;;;;;;;;;;;;;;;;;;;;;;
06:41:33;12;19;9999;051;999;09;111111111111000000000000;000000000000000000000000;11101000;000;_;e;10;001111001101000000000000;____;04;061;079;020;042;063;047;0425686596;;;;;;;;;;;;;;;;;;;;;;;;;;;;;;;;;;;;;;;;;;;;;;;;;;
06:42:15;12;20;9999;064;999;09;111111111111000000000000;000000000000000000000000;11101000;000;_;e;10;001111000100000000000000;____;10;-02;071;024;-03;020;071;0425686593;;;;;;;;;;;;;;;;;;;;;;;;;;;;;;;;;;;;;;;;;;;;;;;;;;
06:42:33;12;21;9999;081;999;09;111111111111000000000000;000000000000000000000000;11101000;000;_;e;10;111110000100000000000000;____;03;050;097;029;035;051;076;0425686597;;;;;;;;;;;;;;;;;;;;;;;;;;;;;;;;;;;;;;;;;;;;;;;;;;
06:43:54;12;22;9999;078;999;09;111111111111000000000000;000000000000000000000000;11101000;000;_;e;10;110000000000000000000000;____;02;041;100;007;020;042;023;0425687889;;;;;;;;;;;;;;;;;;;;;;;;;;;;;;;;;;;;;;;;;;;;;;;;;;
06:44:45;12;23;9999;068;999;09;111111111111000000000000;000000000000000000000000;11101000;000;_;e;10;110000000100000000000000;____;10;-04;081;029;-06;-01;020;0425620455;;;;;;;;;;;;;;;;;;;;;;;;;;;;;;;;;;;;;;;;;;;;;;;;;;
06:44:49;12;24;9999;058;246;09;111111111111000000000000;000000000000000000000000;11101000;000;_;e;10;001101001001000000000000;____;09;-09;082;010;-09;038;092;0425687890;;;;;;;;;;;;;;;;;;;;;;;;;;;;;;;;;;;;;;;;;;;;;;;;;;
06:50:50;12;25;9999;075;999;09;111111111111000000000000;000000000000000000000000;11101000;000;_;e;10;111100001100000000000000;____;04;041;073;036;025;050;087;0425620459;;;;;;;;;;;;;;;;;;;;;;;;;;;;;;;;;;;;;;;;;;;;;;;;;;
06:51:47;12;26;9999;069;999;09;111111111111000000000000;000000000000000000000000;11101000;000;_;e;10;001100001100000000000000;____;10;009;074;027;005;045;072;0425686699;;;;;;;;;;;;;;;;;;;;;;;;;;;;;;;;;;;;;;;;;;;;;;;;;;
06:51:50;12;27;9999;062;253;09;111111111111000000000000;000000000000000000000000;11101000;000;_;e;10;110010000000000000000000;____;01;034;102;010;009;034;040;0425686386;;;;;;;;;;;;;;;;;;;;;;;;;;;;;;;;;;;;;;;;;;;;;;;;;;
06:52:16;12;28;9999;077;999;09;111111111111000000000000;000000000000000000000000;11101000;000;_;e;10;011100001100000000000000;____;04;049;079;015;033;069;061;0425686385;;;;;;;;;;;;;;;;;;;;;;;;;;;;;;;;;;;;;;;;;;;;;;;;;;
06:55:15;12;29;9999;075;999;09;111111111111000000000000;000000000000000000000000;11101000;000;_;e;10;101100000100000000000000;____;03;046;078;029;043;049;085;0425620464;;;;;;;;;;;;;;;;;;;;;;;;;;;;;;;;;;;;;;;;;;;;;;;;;;
06:56:27;12;30;9999;062;999;09;111111111111000000000000;000000000000000000000000;11101000;000;_;e;10;001111001101000000000000;____;10;-01;085;011;-07;015;148;0425620466;;;;;;;;;;;;;;;;;;;;;;;;;;;;;;;;;;;;;;;;;;;;;;;;;;
06:56:32;12;31;9999;075;326;09;111111111111000000000000;000000000000000000000000;11101000;000;_;e;10;001101001000000000000000;____;04;051;075;032;050;054;039;0425689210;;;;;;;;;;;;;;;;;;;;;;;;;;;;;;;;;;;;;;;;;;;;;;;;;;
06:59:13;12;32;9999;039;999;09;111111111111000000000000;000000000000000000000000;11101000;000;_;e;10;000000001101000000000000;____;12;-05;073;004;-05;012;026;0425620467;;;;;;;;;;;;;;;;;;;;;;;;;;;;;;;;;;;;;;;;;;;;;;;;;;
07:00:12;12;33;9999;056;999;09;111111111111000000000000;000000000000000000000000;11101000;000;_;e;10;000000101100000000000000;____;10;-04;074;017;-04;034;035;0425689209;;;;;;;;;;;;;;;;;;;;;;;;;;;;;;;;;;;;;;;;;;;;;;;;;;
07:03:50;12;34;9999;075;999;09;111111111111000000000000;000000000000000000000000;11101000;000;_;e;10;000000001000000000000000;____;09;068;084;014;068;071;007;0425690401;;;;;;;;;;;;;;;;;;;;;;;;;;;;;;;;;;;;;;;;;;;;;;;;;;
07:04:46;12;35;9999;068;999;09;111111111111000000000000;000000000000000000000000;11101000;000;_;e;10;000000000100000000000000;____;10;004;089;006;004;004;004;0425690402;;;;;;;;;;;;;;;;;;;;;;;;;;;;;;;;;;;;;;;;;;;;;;;;;;
07:06:58;12;36;9999;077;999;08;111111111111000000000000;000000000000000000000000;11101000;000;_;e;10;000011100100000000000000;____;05;040;058;031;038;044;076;0425690005;;;;;;;;;;;;;;;;;;;;;;;;;;;;;;;;;;;;;;;;;;;;;;;;;;
07:07:10;12;37;9999;079;961;09;111111111111000000000000;000000000000000000000000;11101000;000;_;e;10;100000000000000000000000;____;01;010;100;022;010;011;009;0425690006;;;;;;;;;;;;;;;;;;;;;;;;;;;;;;;;;;;;;;;;;;;;;;;;;;
07:09:34;12;38;9999;074;999;09;111111111111000000000000;000000000000000000000000;11101000;000;_;e;10;001111001100000000000000;____;09;035;063;039;005;036;115;0425686392;;;;;;;;;;;;;;;;;;;;;;;;;;;;;;;;;;;;;;;;;;;;;;;;;;
07:09:44;12;39;9999;090;747;09;111111111111000000000000;000000000000000000000000;11101000;000;_;e;10;110000000000000000000000;____;02;057;088;010;057;077;018;0425620472;;;;;;;;;;;;;;;;;;;;;;;;;;;;;;;;;;;;;;;;;;;;;;;;;;
07:16:41;12;40;9999;045;999;09;111111111111000000000000;000000000000000000000000;11101000;000;_;e;10;001100010100000000000000;____;08;027;058;027;017;030;035;0425690403;;;;;;;;;;;;;;;;;;;;;;;;;;;;;;;;;;;;;;;;;;;;;;;;;;
07:19:44;12;41;9999;077;999;09;111111111111000000000000;000000000000000000000000;11101000;000;_;e;10;001101011100000000000000;____;04;038;072;026;025;040;105;0425690011;;;;;;;;;;;;;;;;;;;;;;;;;;;;;;;;;;;;;;;;;;;;;;;;;;
07:23:25;12;42;9999;074;999;09;111111111111000000000000;000000000000000000000000;11101000;000;_;e;10;000111001000000000000000;____;04;047;057;046;043;066;061;0425690013;;;;;;;;;;;;;;;;;;;;;;;;;;;;;;;;;;;;;;;;;;;;;;;;;;
07:24:11;12;43;9999;062;999;09;111111111111000000000000;000000000000000000000000;11101000;000;_;e;10;001110000100000000000000;____;10;-01;058;002;-03;005;086;0425690014;;;;;;;;;;;;;;;;;;;;;;;;;;;;;;;;;;;;;;;;;;;;;;;;;;
07:24:41;12;44;9999;061;999;09;111111111111000000000000;000000000000000000000000;11101000;000;_;e;10;000000001100000000000000;____;09;009;077;025;008;018;038;0425687163;;;;;;;;;;;;;;;;;;;;;;;;;;;;;;;;;;;;;;;;;;;;;;;;;;
07:27:43;12;45;9999;075;999;09;111111111111000000000000;000000000000000000000000;11101000;000;_;e;10;001111001100000000000000;____;10;046;066;031;044;048;101;0425689213;;;;;;;;;;;;;;;;;;;;;;;;;;;;;;;;;;;;;;;;;;;;;;;;;;
07:28:40;12;46;9999;074;999;09;111111111111000000000000;000000000000000000000000;11101000;000;_;e;10;001111001100000000000000;____;06;005;064;024;004;008;057;0425690016;;;;;;;;;;;;;;;;;;;;;;;;;;;;;;;;;;;;;;;;;;;;;;;;;;
07:31:20;12;47;9999;046;999;09;111111111111000000000000;000000000000000000000000;11101000;000;_;e;10;000000100000000000000000;____;07;022;062;009;022;023;032;0425677048;;;;;;;;;;;;;;;;;;;;;;;;;;;;;;;;;;;;;;;;;;;;;;;;;;
07:33:37;12;48;9999;074;999;09;111111111111000000000000;000000000000000000000000;11101000;000;_;e;10;000011001100000000000000;____;09;023;067;020;020;047;065;0425689215;;;;;;;;;;;;;;;;;;;;;;;;;;;;;;;;;;;;;;;;;;;;;;;;;;
07:35:28;12;49;9999;076;999;09;111111111111000000000000;000000000000000000000000;11101000;000;_;e;10;011101001000000000000000;____;04;068;079;022;033;074;072;0425689808;;;;;;;;;;;;;;;;;;;;;;;;;;;;;;;;;;;;;;;;;;;;;;;;;;
07:36:02;12;50;9999;070;999;09;111111111111000000000000;000000000000000000000000;11101000;000;_;e;10;000000110000000000000000;____;07;034;047;012;032;036;060;0425689219;;;;;;;;;;;;;;;;;;;;;;;;;;;;;;;;;;;;;;;;;;;;;;;;;;
07:36:10;12;51;9999;075;659;09;111111111111000000000000;000000000000000000000000;11101000;000;_;e;10;001111001100000000000000;____;10;039;057;039;036;040;144;0425620478;;;;;;;;;;;;;;;;;;;;;;;;;;;;;;;;;;;;;;;;;;;;;;;;;;
07:36:18;12;52;9999;074;622;09;111111111111000000000000;000000000000000000000000;11101000;000;_;e;10;001111100000000000000000;____;04;034;057;031;031;035;071;0425687169;;;;;;;;;;;;;;;;;;;;;;;;;;;;;;;;;;;;;;;;;;;;;;;;;;
07:36:28;12;53;9999;063;737;09;111111111111000000000000;000000000000000000000000;11101000;000;_;e;10;111010000100000000000000;____;01;029;098;026;003;032;024;0425689217;;;;;;;;;;;;;;;;;;;;;;;;;;;;;;;;;;;;;;;;;;;;;;;;;;
07:36:32;12;54;9999;075;322;09;111111111111000000000000;000000000000000000000000;11101000;000;_;e;10;100001010000000000000000;____;01;044;090;029;033;046;017;0425687166;;;;;;;;;;;;;;;;;;;;;;;;;;;;;;;;;;;;;;;;;;;;;;;;;;
07:38:35;12;55;9999;077;999;08;111111111111000000000000;000000000000000000000000;11101000;000;_;e;10;111100000000000000000000;____;04;036;078;037;025;037;065;0425687171;;;;;;;;;;;;;;;;;;;;;;;;;;;;;;;;;;;;;;;;;;;;;;;;;;
07:43:12;12;56;9999;045;999;09;111111111111000000000000;000000000000000000000000;11101000;000;_;e;10;001011001100000000000000;____;03;041;074;020;030;048;098;0425690021;;;;;;;;;;;;;;;;;;;;;;;;;;;;;;;;;;;;;;;;;;;;;;;;;;
07:43:24;12;57;9999;074;999;09;111111111111000000000000;000000000000000000000000;11101000;000;_;e;10;011111001100000000000000;____;05;034;060;043;030;038;167;0425677050;;;;;;;;;;;;;;;;;;;;;;;;;;;;;;;;;;;;;;;;;;;;;;;;;;
07:48:52;12;58;9999;077;999;08;111111111111000000000000;000000000000000000000000;11101000;000;_;e;10;011100000101000000000000;____;10;-05;073;018;-11;-01;087;0425690023;;;;;;;;;;;;;;;;;;;;;;;;;;;;;;;;;;;;;;;;;;;;;;;;;;
07:49:39;12;59;9999;075;999;09;111111111111000000000000;000000000000000000000000;11101000;000;_;e;10;001100000000000000000000;____;04;006;066;007;003;007;010;0425690024;;;;;;;;;;;;;;;;;;;;;;;;;;;;;;;;;;;;;;;;;;;;;;;;;;
07:53:37;12;60;9999;056;999;09;111111111111000000000000;000000000000000000000000;11101000;000;_;e;10;001010001100000000000000;____;10;-07;075;024;-10;018;028;0425690029;;;;;;;;;;;;;;;;;;;;;;;;;;;;;;;;;;;;;;;;;;;;;;;;;;
07:53:55;12;61;9999;077;999;09;111111111111000000000000;000000000000000000000000;11101000;000;_;e;10;001000000101000000000000;____;10;-06;072;019;-06;024;078;0425690028;;;;;;;;;;;;;;;;;;;;;;;;;;;;;;;;;;;;;;;;;;;;;;;;;;
07:56:58;12;62;9999;075;999;09;111111111111000000000000;000000000000000000000000;11101000;000;_;e;10;100110001100000000000000;____;05;031;072;027;019;037;083;0425690027;;;;;;;;;;;;;;;;;;;;;;;;;;;;;;;;;;;;;;;;;;;;;;;;;;
07:57:11;12;63;9999;075;989;09;111111111111000000000000;000000000000000000000000;11101000;000;_;e;10;001111000100000000000000;____;05;029;083;034;027;035;075;0425689224;;;;;;;;;;;;;;;;;;;;;;;;;;;;;;;;;;;;;;;;;;;;;;;;;;
08:00:09;12;64;9999;075;999;09;111111111111000000000000;000000000000000000000000;11101000;000;_;e;10;001111001100000000000000;____;05;048;054;027;034;050;068;0425689221;;;;;;;;;;;;;;;;;;;;;;;;;;;;;;;;;;;;;;;;;;;;;;;;;;
08:01:50;12;65;9999;075;999;09;111111111111000000000000;000000000000000000000000;11101000;000;_;e;10;101110001100000000000000;____;10;025;067;034;018;039;132;0425689822;;;;;;;;;;;;;;;;;;;;;;;;;;;;;;;;;;;;;;;;;;;;;;;;;;
08:02:42;12;66;9999;063;999;08;111111111111000000000000;000000000000000000000000;11101000;000;_;e;10;000000000100000000000000;____;10;001;082;019;001;028;031;0425689823;;;;;;;;;;;;;;;;;;;;;;;;;;;;;;;;;;;;;;;;;;;;;;;;;;
08:03:59;12;67;9999;056;999;09;111111111111000000000000;000000000000000000000000;11101000;000;_;e;10;001111001101000000000000;____;09;-07;083;015;-11;013;140;0425689225;;;;;;;;;;;;;;;;;;;;;;;;;;;;;;;;;;;;;;;;;;;;;;;;;;
08:08:39;12;68;9999;076;999;09;111111111111000000000000;000000000000000000000000;11101000;000;_;e;10;111100000000000000000000;____;03;048;081;036;045;049;042;0425689226;;;;;;;;;;;;;;;;;;;;;;;;;;;;;;;;;;;;;;;;;;;;;;;;;;
08:10:31;12;69;9999;079;999;09;111111111111000000000000;000000000000000000000000;11101000;000;_;e;10;101111001110000000000000;____;03;-04;050;012;-05;023;137;0425689825;;;;;;;;;;;;;;;;;;;;;;;;;;;;;;;;;;;;;;;;;;;;;;;;;;
08:11:34;12;70;9999;076;999;09;111111111111000000000000;000000000000000000000000;11101000;000;_;e;10;001100011100000000000000;____;04;038;075;047;034;062;115;0425687183;;;;;;;;;;;;;;;;;;;;;;;;;;;;;;;;;;;;;;;;;;;;;;;;;;
08:11:39;12;71;9999;062;355;09;111111111111000000000000;000000000000000000000000;11101000;000;_;e;10;101100001100000000000000;____;09;-07;070;011;-07;013;055;0425689826;;;;;;;;;;;;;;;;;;;;;;;;;;;;;;;;;;;;;;;;;;;;;;;;;;
08:16:12;12;72;9999;079;999;09;111111111111000000000000;000000000000000000000000;11101000;000;_;e;10;001111001100000000000000;____;04;046;060;024;014;046;115;0425691504;;;;;;;;;;;;;;;;;;;;;;;;;;;;;;;;;;;;;;;;;;;;;;;;;;
08:17:48;12;73;9999;054;999;09;111111111111000000000000;000000000000000000000000;11101000;000;_;e;10;001111001100000000000000;____;04;023;068;037;019;031;078;0425689828;;;;;;;;;;;;;;;;;;;;;;;;;;;;;;;;;;;;;;;;;;;;;;;;;;
08:22:26;12;74;9999;065;999;09;111111111111000000000000;000000000000000000000000;11101000;000;_;e;10;001100001100000000000000;____;10;001;075;026;001;025;097;0425687192;;;;;;;;;;;;;;;;;;;;;;;;;;;;;;;;;;;;;;;;;;;;;;;;;;
08:56:20;12;75;9999;076;999;09;111111111111000000000000;000000000000000000000000;11101000;000;_;e;10;001111000000000000000000;____;05;064;077;002;060;068;091;0425691505;;;;;;;;;;;;;;;;;;;;;;;;;;;;;;;;;;;;;;;;;;;;;;;;;;
08:57:18;12;76;9999;074;999;09;111111111111000000000000;000000000000000000000000;11101000;000;_;e;10;001111000000000000000000;____;06;043;070;034;041;044;077;0425691506;;;;;;;;;;;;;;;;;;;;;;;;;;;;;;;;;;;;;;;;;;;;;;;;;;
09:08:54;12;77;9999;059;999;09;111111111111000000000000;000000000000000000000000;11010000;000;_;;;;;;;;;;;;;;;;;;;;;;;;;;;;;;;;;;;;;;;;;;;;;;;;;;;;;;;;;;;;;;
09:37:21;12;78;9999;077;999;09;111111111111000000000000;000000000000000000000000;11101000;000;_;e;10;000000001100000000000000;____;10;012;060;017;012;016;054;0425684397;;;;;;;;;;;;;;;;;;;;;;;;;;;;;;;;;;;;;;;;;;;;;;;;;;
10:10:52;12;79;9999;077;999;09;111111111111000000000000;000000000000000000000000;11101000;000;_;e;10;001111001101000000000000;____;09;002;064;023;-02;002;131;0425690309;;;;;;;;;;;;;;;;;;;;;;;;;;;;;;;;;;;;;;;;;;;;;;;;;;
10:11:21;12;80;9999;075;999;09;111111111111000000000000;000000000000000000000000;11101000;000;_;e;10;001100000100000000000000;____;04;013;068;015;011;016;079;0425690308;;;;;;;;;;;;;;;;;;;;;;;;;;;;;;;;;;;;;;;;;;;;;;;;;;
10:21:29;12;81;9999;055;999;08;111111111111000000000000;000000000000000000000000;11101000;000;_;e;10;001111011100000000000000;____;10;035;057;020;034;038;191;0425690314;;;;;;;;;;;;;;;;;;;;;;;;;;;;;;;;;;;;;;;;;;;;;;;;;;
10:35:30;12;82;9999;074;999;09;111111111111000000000000;000000000000000000000000;11101000;000;_;e;10;011101110100000000000000;____;04;046;061;027;043;047;101;0425690318;;;;;;;;;;;;;;;;;;;;;;;;;;;;;;;;;;;;;;;;;;;;;;;;;;
10:38:40;12;83;9999;054;999;09;111111111111000000000000;000000000000000000000000;11101000;000;_;e;10;000000000101000000000000;____;12;-03;081;004;-03;011;016;0425690320;;;;;;;;;;;;;;;;;;;;;;;;;;;;;;;;;;;;;;;;;;;;;;;;;;
10:53:46;12;84;9999;061;999;09;111111111111000000000000;000000000000000000000000;11101000;000;_;e;10;000101001100000000000000;____;09;004;079;023;-02;021;043;0425690327;;;;;;;;;;;;;;;;;;;;;;;;;;;;;;;;;;;;;;;;;;;;;;;;;;
10:57:09;12;85;9999;075;999;09;111111111111000000000000;000000000000000000000000;11101000;000;_;e;10;001101101100000000000000;____;03;049;065;035;046;054;127;0425690330;;;;;;;;;;;;;;;;;;;;;;;;;;;;;;;;;;;;;;;;;;;;;;;;;;
10:59:03;12;86;9999;076;999;09;111111111111000000000000;000000000000000000000000;11101000;000;_;e;10;000011111110000000000000;____;06;040;037;014;009;046;103;0425690332;;;;;;;;;;;;;;;;;;;;;;;;;;;;;;;;;;;;;;;;;;;;;;;;;;
11:16:43;12;87;9999;075;999;09;111111111111000000000000;000000000000000000000000;11101000;000;_;e;10;001101000100000000000000;____;03;056;075;030;054;058;084;0425690415;;;;;;;;;;;;;;;;;;;;;;;;;;;;;;;;;;;;;;;;;;;;;;;;;;
11:19:14;12;88;9999;074;999;09;111111111111000000000000;000000000000000000000000;11101000;000;_;e;10;001111001100000000000000;____;04;074;058;019;022;074;135;0425690419;;;;;;;;;;;;;;;;;;;;;;;;;;;;;;;;;;;;;;;;;;;;;;;;;;
11:25:28;12;89;9999;063;999;08;111111111111000000000000;000000000000000000000000;11101000;000;_;e;10;001100111100000000000000;____;03;028;076;045;028;033;079;0425691512;;;;;;;;;;;;;;;;;;;;;;;;;;;;;;;;;;;;;;;;;;;;;;;;;;
11:26:57;12;90;9999;074;999;09;111111111111000000000000;000000000000000000000000;11101000;000;_;e;10;100000000001000000000000;____;01;038;102;010;019;040;044;0425690421;;;;;;;;;;;;;;;;;;;;;;;;;;;;;;;;;;;;;;;;;;;;;;;;;;
11:30:09;12;91;9999;066;999;08;111111111111000000000000;000000000000000000000000;11101000;000;_;e;10;110100000000000000000000;____;01;038;100;017;034;039;079;0425690337;;;;;;;;;;;;;;;;;;;;;;;;;;;;;;;;;;;;;;;;;;;;;;;;;;
11:39:22;12;92;9999;054;999;09;111111111111000000000000;000000000000000000000000;11101000;000;_;e;10;001111001100000000000000;____;10;032;055;021;031;036;118;0425677055;;;;;;;;;;;;;;;;;;;;;;;;;;;;;;;;;;;;;;;;;;;;;;;;;;
11:42:47;12;93;9999;075;999;09;111111111111000000000000;000000000000000000000000;11101000;000;_;e;10;001100110000000000000000;____;07;050;052;033;048;052;047;0425691520;;;;;;;;;;;;;;;;;;;;;;;;;;;;;;;;;;;;;;;;;;;;;;;;;;
11:43:46;12;94;9999;074;999;09;111111111111000000000000;000000000000000000000000;11101000;000;_;e;10;110011110000000000000000;____;06;040;065;033;035;045;134;0425691521;;;;;;;;;;;;;;;;;;;;;;;;;;;;;;;;;;;;;;;;;;;;;;;;;;
11:44:41;12;95;9999;074;999;09;111111111111000000000000;000000000000000000000000;11101000;000;_;e;10;011100001000000000000000;____;04;040;075;024;038;048;034;0425677057;;;;;;;;;;;;;;;;;;;;;;;;;;;;;;;;;;;;;;;;;;;;;;;;;;
12:38:05;12;96;9999;074;999;09;111111111111000000000000;000000000000000000000000;11101000;000;_;e;10;100000000000000000000000;____;01;041;092;022;041;043;043;0425690213;;;;;;;;;;;;;;;;;;;;;;;;;;;;;;;;;;;;;;;;;;;;;;;;;;
12:54:56;12;97;9999;067;999;08;111111111111000000000000;000000000000000000000000;11101000;000;_;e;10;001111001000000000000000;____;06;036;080;047;026;049;062;0425677089;;;;;;;;;;;;;;;;;;;;;;;;;;;;;;;;;;;;;;;;;;;;;;;;;;
13:46:19;12;98;9999;058;999;09;111111111111000000000000;000000000000000000000000;11101000;000;_;e;10;110000000000000000000000;____;01;030;100;011;028;031;058;0425690223;;;;;;;;;;;;;;;;;;;;;;;;;;;;;;;;;;;;;;;;;;;;;;;;;;
13:47:55;12;99;9999;060;999;09;111111111111000000000000;000000000000000000000000;11101000;000;_;e;10;000000010010000000000000;____;11;020;050;004;018;020;014;0425690224;;;;;;;;;;;;;;;;;;;;;;;;;;;;;;;;;;;;;;;;;;;;;;;;;;
13:49:55;12;01;9999;052;999;09;111111111111000000000000;000000000000000000000000;11101000;000;_;e;10;110011101100000000000000;____;09;025;071;042;019;028;192;0425690225;;;;;;;;;;;;;;;;;;;;;;;;;;;;;;;;;;;;;;;;;;;;;;;;;;
14:06:22;12;02;9999;070;999;08;111111111111000000000000;000000000000000000000000;11101000;000;_;e;10;111000000000000000000000;____;01;038;102;006;021;039;048;0425620488;;;;;;;;;;;;;;;;;;;;;;;;;;;;;;;;;;;;;;;;;;;;;;;;;;
14:08:56;12;03;9999;076;999;09;111111111111000000000000;000000000000000000000000;11001000;000;_;e;10;111100000001000000000000;____;04;040;081;016;035;040;058;0425687582;050;071;004;028;050;033;0050120049;;;;;;;;;;;;;;;;;;;;;;;;;;;;;;;;;;;;;;;;;;;
14:18:27;12;04;9999;064;999;09;111111111111000000000000;000000000000000000000000;11101000;000;_;e;10;100101110100000000000000;____;07;032;046;008;017;033;049;0425690230;;;;;;;;;;;;;;;;;;;;;;;;;;;;;;;;;;;;;;;;;;;;;;;;;;
14:20:09;12;05;9999;061;999;09;111111111111000000000000;000000000000000000000000;11101000;000;_;e;10;110100000000000000000000;____;02;000;083;003;000;019;045;0425690231;;;;;;;;;;;;;;;;;;;;;;;;;;;;;;;;;;;;;;;;;;;;;;;;;;
14:21:59;12;06;9999;078;999;09;111111111111000000000000;000000000000000000000000;11010000;000;_;;;;;;;;;;;;;;;;;;;;;;;;;;;;;;;;;;;;;;;;;;;;;;;;;;;;;;;;;;;;;;
14:23:24;12;07;9999;051;999;09;111111111111000000000000;000000000000000000000000;11101000;000;_;e;10;001111001101000000000000;____;09;-01;081;021;-10;015;104;0425687594;;;;;;;;;;;;;;;;;;;;;;;;;;;;;;;;;;;;;;;;;;;;;;;;;;
14:40:20;12;08;9999;065;999;09;111111111111000000000000;000000000000000000000000;11101000;000;_;e;10;110000000000000000000000;____;01;029;097;011;027;042;057;0425692227;;;;;;;;;;;;;;;;;;;;;;;;;;;;;;;;;;;;;;;;;;;;;;;;;;
14:41:13;12;09;9999;068;999;08;111111111111000000000000;000000000000000000000000;11101000;000;_;e;10;010000000000000000000000;____;02;032;096;021;032;032;007;0425692228;;;;;;;;;;;;;;;;;;;;;;;;;;;;;;;;;;;;;;;;;;;;;;;;;;
14:45:07;12;10;9999;052;999;09;111111111111000000000000;000000000000000000000000;11101000;000;_;e;10;001111001100000000000000;____;10;-10;080;006;-15;014;126;0425690234;;;;;;;;;;;;;;;;;;;;;;;;;;;;;;;;;;;;;;;;;;;;;;;;;;
15:13:03;12;11;9999;076;999;09;111111111111000000000000;000000000000000000000000;11101000;000;_;e;10;000111001100000000000000;____;04;065;062;005;016;066;078;0425690074;;;;;;;;;;;;;;;;;;;;;;;;;;;;;;;;;;;;;;;;;;;;;;;;;;
15:45:13;12;12;9999;074;999;09;111111111111000000000000;000000000000000000000000;11010000;000;_;;;;;;;;;;;;;;;;;;;;;;;;;;;;;;;;;;;;;;;;;;;;;;;;;;;;;;;;;;;;;;
15:58:33;12;13;9999;075;999;09;111111111111000000000000;000000000000000000000000;11101000;000;_;e;10;001111011100000000000000;____;06;044;063;025;032;047;094;0425691582;;;;;;;;;;;;;;;;;;;;;;;;;;;;;;;;;;;;;;;;;;;;;;;;;;
16:01:57;12;14;9999;070;999;09;111111111111000000000000;000000000000000000000000;11101000;000;_;e;10;000000101110000000000000;____;07;033;052;008;029;034;050;0425690472;;;;;;;;;;;;;;;;;;;;;;;;;;;;;;;;;;;;;;;;;;;;;;;;;;
16:05:04;12;15;9999;076;999;09;111111111111000000000000;000000000000000000000000;11101000;000;_;e;10;000100001100000000000000;____;04;000;073;032;-05;000;013;0425691592;;;;;;;;;;;;;;;;;;;;;;;;;;;;;;;;;;;;;;;;;;;;;;;;;;
16:05:25;12;16;9999;074;999;09;111111111111000000000000;000000000000000000000000;11101000;000;_;e;10;101100001100000000000000;____;03;026;087;034;011;030;153;0425691594;;;;;;;;;;;;;;;;;;;;;;;;;;;;;;;;;;;;;;;;;;;;;;;;;;
16:08:06;12;17;9999;068;999;09;111111111111000000000000;000000000000000000000000;11101000;000;_;e;10;110000000001000000000000;____;01;030;097;005;028;032;074;0425690475;;;;;;;;;;;;;;;;;;;;;;;;;;;;;;;;;;;;;;;;;;;;;;;;;;
16:10:18;12;18;9999;075;999;09;111111111111000000000000;000000000000000000000000;11101000;000;_;e;10;001110001100000000000000;____;04;058;059;040;033;060;089;0425677097;;;;;;;;;;;;;;;;;;;;;;;;;;;;;;;;;;;;;;;;;;;;;;;;;;
16:12:17;12;19;9999;074;999;09;111111111111000000000000;000000000000000000000000;11101000;000;_;e;10;101111010100000000000000;____;04;047;060;035;020;048;105;0425695902;;;;;;;;;;;;;;;;;;;;;;;;;;;;;;;;;;;;;;;;;;;;;;;;;;
16:13:13;12;20;9999;060;999;08;111111111111000000000000;000000000000000000000000;11101000;000;_;e;10;110000000000000000000000;____;01;038;099;013;025;038;013;0425690352;;;;;;;;;;;;;;;;;;;;;;;;;;;;;;;;;;;;;;;;;;;;;;;;;;
16:14:55;12;21;9999;074;999;09;111111111111000000000000;000000000000000000000000;11101000;000;_;e;10;111111001100000000000000;____;10;038;073;031;035;040;167;0425695904;;;;;;;;;;;;;;;;;;;;;;;;;;;;;;;;;;;;;;;;;;;;;;;;;;
16:15:08;12;22;9999;075;975;09;111111111111000000000000;000000000000000000000000;11101000;000;_;e;10;110000001100000000000000;____;02;047;096;012;014;048;040;0425695905;;;;;;;;;;;;;;;;;;;;;;;;;;;;;;;;;;;;;;;;;;;;;;;;;;
16:16:33;12;23;9999;074;999;09;111111111111000000000000;000000000000000000000000;11101000;000;_;e;10;111000000000000000000000;____;01;039;099;011;017;041;062;0425690355;;;;;;;;;;;;;;;;;;;;;;;;;;;;;;;;;;;;;;;;;;;;;;;;;;
16:23:05;12;24;9999;076;999;09;111111111111000000000000;000000000000000000000000;11101000;000;_;e;10;010000100100000000000000;____;02;040;091;032;032;040;042;0425690477;;;;;;;;;;;;;;;;;;;;;;;;;;;;;;;;;;;;;;;;;;;;;;;;;;
16:28:28;12;25;9999;075;999;09;111111111111000000000000;000000000000000000000000;11101000;000;_;e;10;001110000100000000000000;____;04;030;085;031;021;031;055;0425690483;;;;;;;;;;;;;;;;;;;;;;;;;;;;;;;;;;;;;;;;;;;;;;;;;;
16:29:40;12;26;9999;075;999;09;111111111111000000000000;000000000000000000000000;11101000;000;_;e;10;001111001100000000000000;____;10;024;065;024;024;052;325;0425695917;;;;;;;;;;;;;;;;;;;;;;;;;;;;;;;;;;;;;;;;;;;;;;;;;;
16:40:10;12;27;9999;067;999;09;111111111111000000000000;000000000000000000000000;11101000;000;_;e;10;110000000000000000000000;____;02;038;099;016;038;041;054;0425696300;;;;;;;;;;;;;;;;;;;;;;;;;;;;;;;;;;;;;;;;;;;;;;;;;;
16:40:44;12;28;9999;076;999;09;111111111111000000000000;000000000000000000000000;11101000;000;_;e;10;111000000000000000000000;____;01;037;095;028;012;041;084;0425690359;;;;;;;;;;;;;;;;;;;;;;;;;;;;;;;;;;;;;;;;;;;;;;;;;;
16:40:48;12;29;9999;067;254;09;111111111111000000000000;000000000000000000000000;11101000;000;_;e;10;110000000000000000000000;____;01;033;101;014;031;034;063;0425696301;;;;;;;;;;;;;;;;;;;;;;;;;;;;;;;;;;;;;;;;;;;;;;;;;;
16:43:00;12;30;9999;074;999;09;111111111111000000000000;000000000000000000000000;11101000;000;_;e;10;100100001100000000000000;____;09;006;072;025;000;016;032;0425696302;;;;;;;;;;;;;;;;;;;;;;;;;;;;;;;;;;;;;;;;;;;;;;;;;;
16:45:16;12;31;9999;060;999;09;111111111111000000000000;000000000000000000000000;11101000;000;_;e;10;110000000000000000000000;____;01;033;102;006;031;034;041;0425690490;;;;;;;;;;;;;;;;;;;;;;;;;;;;;;;;;;;;;;;;;;;;;;;;;;
16:47:58;12;32;9999;072;999;08;111111111111000000000000;000000000000000000000000;11101000;000;_;e;10;110001000100000000000000;____;02;039;100;024;033;046;071;0425696305;;;;;;;;;;;;;;;;;;;;;;;;;;;;;;;;;;;;;;;;;;;;;;;;;;
16:48:19;12;33;9999;074;999;09;111111111111000000000000;000000000000000000000000;11101000;000;_;e;10;011100001100000000000000;____;10;023;074;025;023;029;086;0425696306;;;;;;;;;;;;;;;;;;;;;;;;;;;;;;;;;;;;;;;;;;;;;;;;;;
16:50:19;12;34;9999;054;999;09;111111111111000000000000;000000000000000000000000;11101000;000;_;e;10;001111001101000000000000;____;10;-10;071;011;-12;014;134;0425696400;;;;;;;;;;;;;;;;;;;;;;;;;;;;;;;;;;;;;;;;;;;;;;;;;;
16:51:15;12;35;9999;087;999;09;111111111111000000000000;000000000000000000000000;11101000;000;_;e;10;001111000100000000000000;____;10;000;082;006;-07;017;127;0425690494;;;;;;;;;;;;;;;;;;;;;;;;;;;;;;;;;;;;;;;;;;;;;;;;;;
16:55:34;12;36;9999;074;999;09;111111111111000000000000;000000000000000000000000;11101000;000;_;e;10;101011011100000000000000;____;09;030;050;033;023;030;140;0425696107;;;;;;;;;;;;;;;;;;;;;;;;;;;;;;;;;;;;;;;;;;;;;;;;;;
16:56:50;12;37;9999;078;999;09;111111111111000000000000;000000000000000000000000;11101000;000;_;e;10;001111001100000000000000;____;03;036;073;043;012;038;156;0425696600;;;;;;;;;;;;;;;;;;;;;;;;;;;;;;;;;;;;;;;;;;;;;;;;;;
16:57:42;12;38;9999;075;999;09;111111111111000000000000;000000000000000000000000;11101000;000;_;e;10;001111001100000000000000;____;10;046;072;044;037;070;233;0425696601;;;;;;;;;;;;;;;;;;;;;;;;;;;;;;;;;;;;;;;;;;;;;;;;;;
16:59:11;12;39;9999;058;999;09;111111111111000000000000;000000000000000000000000;11101000;000;_;e;10;010000010101000000000000;____;10;-04;076;011;-06;013;040;0425690496;;;;;;;;;;;;;;;;;;;;;;;;;;;;;;;;;;;;;;;;;;;;;;;;;;
17:03:38;12;40;9999;050;999;09;111111111111000000000000;000000000000000000000000;11101000;000;_;e;10;000010000100000000000000;____;10;-03;067;022;-09;-02;027;0425690373;;;;;;;;;;;;;;;;;;;;;;;;;;;;;;;;;;;;;;;;;;;;;;;;;;
17:05:00;12;41;9999;075;999;09;111111111111000000000000;000000000000000000000000;11101000;000;_;e;10;111111001100000000000000;____;04;033;076;034;028;037;096;0425690374;;;;;;;;;;;;;;;;;;;;;;;;;;;;;;;;;;;;;;;;;;;;;;;;;;
17:13:17;12;42;9999;084;999;09;111111111111000000000000;000000000000000000000000;11101000;000;_;e;10;111000000000000000000000;____;01;074;078;011;053;075;080;0425696703;;;;;;;;;;;;;;;;;;;;;;;;;;;;;;;;;;;;;;;;;;;;;;;;;;
17:13:26;12;43;9999;077;713;09;111111111111000000000000;000000000000000000000000;11101000;000;_;e;10;001010001000000000000000;____;09;010;055;012;004;010;023;0425690240;;;;;;;;;;;;;;;;;;;;;;;;;;;;;;;;;;;;;;;;;;;;;;;;;;
17:19:49;12;44;9999;083;999;09;111111111111000000000000;000000000000000000000000;11101000;000;_;e;10;000011110011000000000000;____;08;055;041;020;026;056;046;0425689243;;;;;;;;;;;;;;;;;;;;;;;;;;;;;;;;;;;;;;;;;;;;;;;;;;
17:20:57;12;45;9999;059;999;09;111111111111000000000000;000000000000000000000000;11101000;000;_;e;10;100100000100000000000000;____;10;010;083;016;008;016;070;0425689244;;;;;;;;;;;;;;;;;;;;;;;;;;;;;;;;;;;;;;;;;;;;;;;;;;
17:24:40;12;46;9999;054;999;09;111111111111000000000000;000000000000000000000000;11101000;000;_;e;10;001100000100000000000000;____;10;003;077;017;000;019;049;0425690252;;;;;;;;;;;;;;;;;;;;;;;;;;;;;;;;;;;;;;;;;;;;;;;;;;
17:30:23;12;47;9999;074;999;09;111111111111000000000000;000000000000000000000000;11101000;000;_;e;10;111100000000000000000000;____;04;032;074;033;027;033;068;0425695951;;;;;;;;;;;;;;;;;;;;;;;;;;;;;;;;;;;;;;;;;;;;;;;;;;
17:34:51;12;48;9999;077;999;09;111111111111000000000000;000000000000000000000000;11101000;000;_;e;10;000011101100000000000000;____;05;014;053;033;011;027;102;0425697100;;;;;;;;;;;;;;;;;;;;;;;;;;;;;;;;;;;;;;;;;;;;;;;;;;
17:37:32;12;49;9999;054;999;09;111111111111000000000000;000000000000000000000000;11101000;000;_;e;10;001100001000000000000000;____;09;031;078;040;029;032;049;0425696705;;;;;;;;;;;;;;;;;;;;;;;;;;;;;;;;;;;;;;;;;;;;;;;;;;
17:38:41;12;50;9999;075;999;09;111111111111000000000000;000000000000000000000000;11101000;000;_;e;10;001111000100000000000000;____;04;053;048;018;032;054;077;0425690260;;;;;;;;;;;;;;;;;;;;;;;;;;;;;;;;;;;;;;;;;;;;;;;;;;
17:39:15;12;51;9999;063;999;09;111111111111000000000000;000000000000000000000000;11101000;000;_;e;10;100000000001000000000000;____;01;027;097;016;-05;027;006;0425696706;;;;;;;;;;;;;;;;;;;;;;;;;;;;;;;;;;;;;;;;;;;;;;;;;;
17:42:39;12;52;9999;074;999;09;111111111111000000000000;000000000000000000000000;11101000;000;_;e;10;010000000000000000000000;____;02;035;097;006;035;036;007;0425696709;;;;;;;;;;;;;;;;;;;;;;;;;;;;;;;;;;;;;;;;;;;;;;;;;;
17:43:39;12;53;9999;057;999;09;111111111111000000000000;000000000000000000000000;11101000;000;_;e;10;010100000001000000000000;____;12;000;084;004;-09;012;026;0425690394;;;;;;;;;;;;;;;;;;;;;;;;;;;;;;;;;;;;;;;;;;;;;;;;;;
17:44:38;12;54;9999;076;999;09;111111111111000000000000;000000000000000000000000;11101000;000;_;e;10;111000000000000000000000;____;01;048;090;016;046;051;057;0425690264;;;;;;;;;;;;;;;;;;;;;;;;;;;;;;;;;;;;;;;;;;;;;;;;;;
17:45:46;12;55;9999;076;999;09;111111111111000000000000;000000000000000000000000;11101000;000;_;e;10;111111001100000000000000;____;02;041;077;039;033;058;182;0425690265;;;;;;;;;;;;;;;;;;;;;;;;;;;;;;;;;;;;;;;;;;;;;;;;;;
17:48:58;12;56;9999;085;999;08;111111111111000000000000;000000000000000000000000;11101000;000;_;e;10;001110101100000000000000;____;04;061;079;042;017;068;120;0425690266;;;;;;;;;;;;;;;;;;;;;;;;;;;;;;;;;;;;;;;;;;;;;;;;;;
17:52:05;12;57;9999;075;999;09;111111111111000000000000;000000000000000000000000;11101000;000;_;e;10;001111001100000000000000;____;09;042;066;032;038;057;151;0425697200;;;;;;;;;;;;;;;;;;;;;;;;;;;;;;;;;;;;;;;;;;;;;;;;;;
18:04:04;12;58;9999;080;999;09;111111111111000000000000;000000000000000000000000;11101000;000;_;e;10;100001001000000000000000;____;09;038;068;044;029;038;015;0425697120;;;;;;;;;;;;;;;;;;;;;;;;;;;;;;;;;;;;;;;;;;;;;;;;;;
18:06:33;12;59;9999;055;999;09;111111111111000000000000;000000000000000000000000;11101000;000;_;e;10;110000000000000000000000;____;02;037;096;009;036;038;022;0425696332;;;;;;;;;;;;;;;;;;;;;;;;;;;;;;;;;;;;;;;;;;;;;;;;;;
18:07:46;12;60;9999;075;999;09;111111111111000000000000;000000000000000000000000;11101000;000;_;e;10;001011100100000000000000;____;10;039;054;030;035;042;092;0425696720;;;;;;;;;;;;;;;;;;;;;;;;;;;;;;;;;;;;;;;;;;;;;;;;;;
18:10:28;12;61;9999;067;999;09;111111111111000000000000;000000000000000000000000;11101000;000;_;e;10;100000001000000000000000;____;01;036;101;014;036;064;032;0425696335;;;;;;;;;;;;;;;;;;;;;;;;;;;;;;;;;;;;;;;;;;;;;;;;;;
18:13:29;12;62;9999;055;999;09;111111111111000000000000;000000000000000000000000;11101000;000;_;e;10;110000000000000000000000;____;02;027;101;016;027;030;034;0425696337;;;;;;;;;;;;;;;;;;;;;;;;;;;;;;;;;;;;;;;;;;;;;;;;;;
18:13:56;12;63;9999;074;999;09;111111111111000000000000;000000000000000000000000;11101000;000;_;e;10;000000000100000000000000;____;10;073;066;018;073;074;005;0425696416;;;;;;;;;;;;;;;;;;;;;;;;;;;;;;;;;;;;;;;;;;;;;;;;;;
18:30:49;12;64;9999;077;999;09;111111111111000000000000;000000000000000000000000;11101000;000;_;e;10;001111001100000000000000;____;03;063;071;009;054;069;121;0425697134;;;;;;;;;;;;;;;;;;;;;;;;;;;;;;;;;;;;;;;;;;;;;;;;;;
18:35:19;12;65;9999;059;999;09;111111111111000000000000;000000000000000000000000;11101000;000;_;e;10;001111101100000000000000;____;05;031;066;034;002;038;099;0425697133;;;;;;;;;;;;;;;;;;;;;;;;;;;;;;;;;;;;;;;;;;;;;;;;;;
18:40:12;12;66;9999;097;999;08;111111111111000000000000;000000000000000000000000;11101000;000;_;e;10;111000001000000000000000;____;01;086;092;009;080;086;110;0425696738;;;;;;;;;;;;;;;;;;;;;;;;;;;;;;;;;;;;;;;;;;;;;;;;;;
18:43:33;12;67;9999;074;999;09;111111111111000000000000;000000000000000000000000;11101000;000;_;e;10;001111001100000000000000;____;10;036;078;015;030;055;117;0425696740;;;;;;;;;;;;;;;;;;;;;;;;;;;;;;;;;;;;;;;;;;;;;;;;;;
18:50:16;12;68;9999;074;999;08;111111111111000000000000;000000000000000000000000;11101000;000;_;e;10;001101001100000000000000;____;03;045;069;045;026;049;078;0425696745;;;;;;;;;;;;;;;;;;;;;;;;;;;;;;;;;;;;;;;;;;;;;;;;;;
18:57:30;12;69;9999;075;999;09;111111111111000000000000;000000000000000000000000;11101000;000;_;e;10;111001001100000000000000;____;01;032;094;024;010;039;068;0425697147;;;;;;;;;;;;;;;;;;;;;;;;;;;;;;;;;;;;;;;;;;;;;;;;;;
19:00:29;12;70;9999;075;999;09;111111111111000000000000;000000000000000000000000;11101000;000;_;e;10;001111001100000000000000;____;03;025;079;031;003;064;109;0425696748;;;;;;;;;;;;;;;;;;;;;;;;;;;;;;;;;;;;;;;;;;;;;;;;;;
19:01:03;12;71;9999;078;999;09;111111111111000000000000;000000000000000000000000;11101000;000;_;e;10;111100000000000000000000;____;02;035;100;019;018;037;035;0425696348;;;;;;;;;;;;;;;;;;;;;;;;;;;;;;;;;;;;;;;;;;;;;;;;;;
19:03:19;12;72;9999;065;999;09;111111111111000000000000;000000000000000000000000;11101000;000;_;e;10;100100000100000000000000;____;04;-02;075;025;-03;018;088;0425696350;;;;;;;;;;;;;;;;;;;;;;;;;;;;;;;;;;;;;;;;;;;;;;;;;;
19:05:35;12;73;9999;075;999;09;111111111111000000000000;000000000000000000000000;11101000;000;_;e;10;001100100100000000000000;____;04;047;071;045;043;048;046;0425696425;;;;;;;;;;;;;;;;;;;;;;;;;;;;;;;;;;;;;;;;;;;;;;;;;;
19:06:05;12;74;9999;054;999;09;111111111111000000000000;000000000000000000000000;11010000;000;_;;;;;;;;;;;;;;;;;;;;;;;;;;;;;;;;;;;;;;;;;;;;;;;;;;;;;;;;;;;;;;
19:06:52;12;75;9999;075;999;09;111111111111000000000000;000000000000000000000000;11101000;000;_;e;10;001111001000000000000000;____;03;036;064;044;032;040;111;0425689861;;;;;;;;;;;;;;;;;;;;;;;;;;;;;;;;;;;;;;;;;;;;;;;;;;
19:09:21;12;76;9999;076;999;09;111111111111000000000000;000000000000000000000000;11101000;000;_;e;10;001101001100000000000000;____;04;006;062;015;006;034;041;0425697150;;;;;;;;;;;;;;;;;;;;;;;;;;;;;;;;;;;;;;;;;;;;;;;;;;
19:12:28;12;77;9999;073;999;09;111111111111000000000000;000000000000000000000000;11101000;000;_;e;10;001000000000000000000000;____;03;049;090;018;049;049;009;0425696755;;;;;;;;;;;;;;;;;;;;;;;;;;;;;;;;;;;;;;;;;;;;;;;;;;
19:12:54;12;78;9999;074;999;09;111111111111000000000000;000000000000000000000000;11101000;000;_;e;10;111110000100000000000000;____;10;033;072;030;030;036;090;0425696426;;;;;;;;;;;;;;;;;;;;;;;;;;;;;;;;;;;;;;;;;;;;;;;;;;
19:13:54;12;79;9999;075;999;09;111111111111000000000000;000000000000000000000000;11101000;000;_;e;10;000110000100000000000000;____;04;050;081;038;034;051;078;0425696758;;;;;;;;;;;;;;;;;;;;;;;;;;;;;;;;;;;;;;;;;;;;;;;;;;
19:14:11;12;80;9999;077;999;09;111111111111000000000000;000000000000000000000000;11010000;000;_;;;;;;;;;;;;;;;;;;;;;;;;;;;;;;;;;;;;;;;;;;;;;;;;;;;;;;;;;;;;;;
19:21:28;12;81;9999;079;999;09;111111111111000000000000;000000000000000000000000;11101000;000;_;e;10;000011101000000000000000;____;06;052;064;038;049;055;050;0425696352;;;;;;;;;;;;;;;;;;;;;;;;;;;;;;;;;;;;;;;;;;;;;;;;;;
19:27:05;12;82;9999;078;999;09;111111111111000000000000;000000000000000000000000;11101000;000;_;e;10;001111101000000000000000;____;05;035;054;031;034;041;099;0425696428;;;;;;;;;;;;;;;;;;;;;;;;;;;;;;;;;;;;;;;;;;;;;;;;;;
19:29:51;12;83;9999;076;999;09;111111111111000000000000;000000000000000000000000;11101000;000;_;e;10;001001001100000000000000;____;03;004;058;011;004;009;033;0425640713;;;;;;;;;;;;;;;;;;;;;;;;;;;;;;;;;;;;;;;;;;;;;;;;;;
19:41:43;12;84;9999;075;999;09;111111111111000000000000;000000000000000000000000;11101000;000;_;e;10;101100000000000000000000;____;01;041;083;028;041;051;060;0425697156;;;;;;;;;;;;;;;;;;;;;;;;;;;;;;;;;;;;;;;;;;;;;;;;;;
19:42:33;12;85;9999;076;999;09;111111111111000000000000;000000000000000000000000;11101000;000;_;e;10;000000000100000000000000;____;10;-02;070;022;-02;011;041;0425657012;;;;;;;;;;;;;;;;;;;;;;;;;;;;;;;;;;;;;;;;;;;;;;;;;;
19:46:10;12;86;9999;075;999;09;111111111111000000000000;000000000000000000000000;11101000;000;_;e;10;101111001100000000000000;____;04;045;061;035;031;046;095;0425640723;;;;;;;;;;;;;;;;;;;;;;;;;;;;;;;;;;;;;;;;;;;;;;;;;;
19:49:00;12;87;9999;075;999;09;111111111111000000000000;000000000000000000000000;11101000;000;_;e;10;001000001100000000000000;____;09;014;060;018;009;030;062;0425640725;;;;;;;;;;;;;;;;;;;;;;;;;;;;;;;;;;;;;;;;;;;;;;;;;;
19:49:04;12;88;9999;077;264;09;111111111111000000000000;000000000000000000000000;11101000;000;_;e;10;001111001100000000000000;____;10;046;071;039;042;049;121;0425640726;;;;;;;;;;;;;;;;;;;;;;;;;;;;;;;;;;;;;;;;;;;;;;;;;;
19:52:24;12;89;9999;078;999;09;111111111111000000000000;000000000000000000000000;11101000;000;_;e;10;000101001000000000000000;____;09;044;052;035;042;047;064;0425640727;;;;;;;;;;;;;;;;;;;;;;;;;;;;;;;;;;;;;;;;;;;;;;;;;;
19:54:53;12;90;9999;078;999;08;111111111111000000000000;000000000000000000000000;11101000;000;_;e;10;001111001100000000000000;____;09;016;064;035;008;053;189;0425696431;;;;;;;;;;;;;;;;;;;;;;;;;;;;;;;;;;;;;;;;;;;;;;;;;;
19:56:14;12;91;9999;056;999;09;111111111111000000000000;000000000000000000000000;11101000;000;_;e;10;001001001000000000000000;____;03;056;077;024;051;058;070;0425696430;;;;;;;;;;;;;;;;;;;;;;;;;;;;;;;;;;;;;;;;;;;;;;;;;;
20:10:23;12;92;9999;063;999;09;111111111111000000000000;000000000000000000000000;11101000;000;_;e;10;010000000000000000000000;____;02;037;096;005;037;045;009;0425640737;;;;;;;;;;;;;;;;;;;;;;;;;;;;;;;;;;;;;;;;;;;;;;;;;;
20:28:24;12;93;9999;049;999;09;111111111111000000000000;000000000000000000000000;11101000;000;_;e;10;001111101100000000000000;____;10;027;052;016;026;039;110;0425657031;;;;;;;;;;;;;;;;;;;;;;;;;;;;;;;;;;;;;;;;;;;;;;;;;;
20:29:22;12;94;9999;079;999;09;111111111111000000000000;000000000000000000000000;11101000;000;_;e;10;010111001110000000000000;____;05;066;039;021;056;082;118;0425657032;;;;;;;;;;;;;;;;;;;;;;;;;;;;;;;;;;;;;;;;;;;;;;;;;;
20:36:14;12;95;9999;076;999;08;111111111111000000000000;000000000000000000000000;11101000;000;_;e;10;001100000100000000000000;____;03;015;075;037;012;015;075;0425696118;;;;;;;;;;;;;;;;;;;;;;;;;;;;;;;;;;;;;;;;;;;;;;;;;;
20:39:21;12;96;9999;074;999;09;111111111111000000000000;000000000000000000000000;11101000;000;_;e;10;001101001100000000000000;____;03;045;078;029;045;048;105;0425640749;;;;;;;;;;;;;;;;;;;;;;;;;;;;;;;;;;;;;;;;;;;;;;;;;;
20:40:30;12;97;9999;076;999;09;111111111111000000000000;000000000000000000000000;11101000;000;_;e;10;001110001100000000000000;____;03;040;078;033;036;042;102;0425696604;;;;;;;;;;;;;;;;;;;;;;;;;;;;;;;;;;;;;;;;;;;;;;;;;;
20:40:59;12;98;9999;062;999;09;111111111111000000000000;000000000000000000000000;11101000;000;_;e;10;001111001100000000000000;____;10;-05;082;006;-10;028;114;0425692251;;;;;;;;;;;;;;;;;;;;;;;;;;;;;;;;;;;;;;;;;;;;;;;;;;
20:43:15;12;99;9999;063;999;09;111111111111000000000000;000000000000000000000000;11101000;000;_;e;10;000011111000000000000000;____;06;047;047;010;045;053;100;0425640751;;;;;;;;;;;;;;;;;;;;;;;;;;;;;;;;;;;;;;;;;;;;;;;;;;
20:43:24;12;01;9999;078;704;09;111111111111000000000000;000000000000000000000000;11101000;000;_;e;10;001000000100000000000000;____;10;013;053;013;013;032;037;0425657034;;;;;;;;;;;;;;;;;;;;;;;;;;;;;;;;;;;;;;;;;;;;;;;;;;
20:44:19;12;02;9999;075;999;09;111111111111000000000000;000000000000000000000000;11101000;000;_;e;10;101111001100000000000000;____;04;040;071;033;036;057;107;0425696123;;;;;;;;;;;;;;;;;;;;;;;;;;;;;;;;;;;;;;;;;;;;;;;;;;
20:44:28;12;03;9999;079;619;08;111111111111000000000000;000000000000000000000000;11101000;000;_;e;10;110000000100000000000000;____;01;043;099;013;005;045;066;0425692254;;;;;;;;;;;;;;;;;;;;;;;;;;;;;;;;;;;;;;;;;;;;;;;;;;
20:44:37;12;04;9999;075;766;09;111111111111000000000000;000000000000000000000000;11101000;000;_;e;10;001110000100000000000000;____;05;036;083;038;028;043;070;0425695970;;;;;;;;;;;;;;;;;;;;;;;;;;;;;;;;;;;;;;;;;;;;;;;;;;
20:44:49;12;05;9999;076;949;09;111111111111000000000000;000000000000000000000000;11101000;000;_;e;10;000010000000000000000000;____;05;039;047;022;039;039;012;0425695972;;;;;;;;;;;;;;;;;;;;;;;;;;;;;;;;;;;;;;;;;;;;;;;;;;
20:46:10;12;06;9999;075;999;09;111111111111000000000000;000000000000000000000000;11101000;000;_;e;10;001111000000000000000000;____;03;041;079;038;007;045;067;0425695973;;;;;;;;;;;;;;;;;;;;;;;;;;;;;;;;;;;;;;;;;;;;;;;;;;
20:46:49;12;07;9999;079;999;09;111111111111000000000000;000000000000000000000000;11101000;000;_;e;10;000011101100000000000000;____;10;032;046;044;028;040;069;0425695974;;;;;;;;;;;;;;;;;;;;;;;;;;;;;;;;;;;;;;;;;;;;;;;;;;
20:47:10;12;08;9999;075;999;09;111111111111000000000000;000000000000000000000000;11101000;000;_;e;10;101111000000000000000000;____;03;049;077;040;035;051;066;0425696610;;;;;;;;;;;;;;;;;;;;;;;;;;;;;;;;;;;;;;;;;;;;;;;;;;
20:48:00;12;09;9999;068;999;09;111111111111000000000000;000000000000000000000000;11101000;000;_;e;10;110000000000000000000000;____;02;037;097;015;037;040;051;0425690706;;;;;;;;;;;;;;;;;;;;;;;;;;;;;;;;;;;;;;;;;;;;;;;;;;
20:48:10;12;10;9999;078;735;09;111111111111000000000000;000000000000000000000000;11101000;000;_;e;10;001000001100000000000000;____;09;009;054;017;004;028;014;0425690705;;;;;;;;;;;;;;;;;;;;;;;;;;;;;;;;;;;;;;;;;;;;;;;;;;
20:49:09;12;11;9999;071;999;09;111111111111000000000000;000000000000000000000000;11101000;000;_;e;10;110000000000000000000000;____;02;043;098;016;015;043;030;0425640753;;;;;;;;;;;;;;;;;;;;;;;;;;;;;;;;;;;;;;;;;;;;;;;;;;
20:52:04;12;12;9999;075;999;09;111111111111000000000000;000000000000000000000000;11101000;000;_;e;10;001111001000000000000000;____;03;008;061;014;008;046;120;0425696127;;;;;;;;;;;;;;;;;;;;;;;;;;;;;;;;;;;;;;;;;;;;;;;;;;
20:52:29;12;13;9999;076;999;08;111111111111000000000000;000000000000000000000000;11101000;000;_;e;10;001111001000000000000000;____;04;043;070;038;012;047;075;0425696616;;;;;;;;;;;;;;;;;;;;;;;;;;;;;;;;;;;;;;;;;;;;;;;;;;
20:54:53;12;14;9999;074;999;09;111111111111000000000000;000000000000000000000000;11101000;000;_;e;10;111110001100000000000000;____;05;-02;027;096;-02;045;101;0425696619;;;;;;;;;;;;;;;;;;;;;;;;;;;;;;;;;;;;;;;;;;;;;;;;;;
20:59:30;12;15;9999;052;999;09;111111111111000000000000;000000000000000000000000;11101000;000;_;e;10;001101001101000000000000;____;10;-09;081;014;-09;016;142;0425696432;;;;;;;;;;;;;;;;;;;;;;;;;;;;;;;;;;;;;;;;;;;;;;;;;;
21:00:12;12;16;9999;063;999;09;111111111111000000000000;000000000000000000000000;11101000;000;_;e;10;101100001100000000000000;____;04;039;091;014;032;044;092;0425696433;;;;;;;;;;;;;;;;;;;;;;;;;;;;;;;;;;;;;;;;;;;;;;;;;;
21:00:46;12;17;9999;075;999;09;111111111111000000000000;000000000000000000000000;11101000;000;_;e;10;001100001100000000000000;____;03;040;078;034;034;042;070;0425695975;;;;;;;;;;;;;;;;;;;;;;;;;;;;;;;;;;;;;;;;;;;;;;;;;;
21:03:37;12;18;9999;074;999;09;111111111111000000000000;000000000000000000000000;11101000;000;_;e;10;000011100100000000000000;____;05;040;051;037;036;043;083;0425690721;;;;;;;;;;;;;;;;;;;;;;;;;;;;;;;;;;;;;;;;;;;;;;;;;;
21:04:06;12;19;9999;063;999;09;111111111111000000000000;000000000000000000000000;11101000;000;_;e;10;111000000100000000000000;____;01;038;100;010;003;038;024;0425696624;;;;;;;;;;;;;;;;;;;;;;;;;;;;;;;;;;;;;;;;;;;;;;;;;;
21:08:43;12;20;9999;073;999;09;111111111111000000000000;000000000000000000000000;11101000;000;_;e;10;000110011000000000000000;____;05;046;049;026;041;051;073;0425696132;;;;;;;;;;;;;;;;;;;;;;;;;;;;;;;;;;;;;;;;;;;;;;;;;;
21:09:30;12;21;9999;075;999;09;111111111111000000000000;000000000000000000000000;11101000;000;_;e;10;001111101100000000000000;____;09;063;063;022;036;063;151;0425696612;;;;;;;;;;;;;;;;;;;;;;;;;;;;;;;;;;;;;;;;;;;;;;;;;;
21:13:19;12;22;9999;074;999;09;111111111111000000000000;000000000000000000000000;11101000;000;_;e;10;001000000000000000000000;____;03;035;079;034;035;055;053;0425692259;;;;;;;;;;;;;;;;;;;;;;;;;;;;;;;;;;;;;;;;;;;;;;;;;;
21:21:12;12;23;9999;074;999;09;111111111111000000000000;000000000000000000000000;11101000;000;_;e;10;011111101100000000000000;____;05;031;055;028;028;071;122;0425695979;;;;;;;;;;;;;;;;;;;;;;;;;;;;;;;;;;;;;;;;;;;;;;;;;;
21:30:41;12;24;9999;078;999;09;111111111111000000000000;000000000000000000000000;11101000;000;_;e;10;110100000000000000000000;____;02;034;091;013;031;034;106;0425657044;;;;;;;;;;;;;;;;;;;;;;;;;;;;;;;;;;;;;;;;;;;;;;;;;;
21:32:53;12;25;9999;061;999;09;111111111111000000000000;000000000000000000000000;11101000;000;_;e;10;111100000000000000000000;____;04;038;093;021;036;039;087;0425697232;;;;;;;;;;;;;;;;;;;;;;;;;;;;;;;;;;;;;;;;;;;;;;;;;;
21:46:13;12;26;9999;060;999;09;111111111111000000000000;000000000000000000000000;11101000;000;_;e;10;110000000000000000000000;____;01;035;097;010;035;037;067;0425696150;;;;;;;;;;;;;;;;;;;;;;;;;;;;;;;;;;;;;;;;;;;;;;;;;;
21:47:23;12;27;9999;074;999;09;111111111111000000000000;000000000000000000000000;11101000;000;_;e;10;001111001100000000000000;____;10;001;060;021;-01;005;110;0425690737;;;;;;;;;;;;;;;;;;;;;;;;;;;;;;;;;;;;;;;;;;;;;;;;;;
21:49:10;12;28;9999;076;999;09;111111111111000000000000;000000000000000000000000;11101000;000;_;e;10;000000110100000000000000;____;08;054;044;012;051;060;044;0425696640;;;;;;;;;;;;;;;;;;;;;;;;;;;;;;;;;;;;;;;;;;;;;;;;;;
21:51:51;12;29;9999;057;999;09;111111111111000000000000;000000000000000000000000;11101000;000;_;e;10;001111001100000000000000;____;10;029;079;042;026;031;132;0425692282;;;;;;;;;;;;;;;;;;;;;;;;;;;;;;;;;;;;;;;;;;;;;;;;;;
21:56:45;12;30;9999;073;999;09;111111111111000000000000;000000000000000000000000;11101000;000;_;e;10;001111001100000000000000;____;06;021;060;033;021;037;158;0425697237;;;;;;;;;;;;;;;;;;;;;;;;;;;;;;;;;;;;;;;;;;;;;;;;;;
22:01:17;12;31;9999;075;999;09;111111111111000000000000;000000000000000000000000;11101000;000;_;e;10;000000000001000000000000;____;12;021;069;004;020;050;035;0050120111;;;;;;;;;;;;;;;;;;;;;;;;;;;;;;;;;;;;;;;;;;;;;;;;;;
22:05:03;12;32;9999;075;999;09;111111111111000000000000;000000000000000000000000;11101000;000;_;e;10;000000000001000000000000;____;12;044;071;004;021;044;015;0050114718;;;;;;;;;;;;;;;;;;;;;;;;;;;;;;;;;;;;;;;;;;;;;;;;;;
22:06:10;12;33;9999;130;999;09;111111111111000000000000;000000000000000000000000;11101000;000;_;e;10;101110000000000000000000;____;03;102;076;034;100;117;054;0425692298;;;;;;;;;;;;;;;;;;;;;;;;;;;;;;;;;;;;;;;;;;;;;;;;;;
22:06:32;12;34;9999;073;999;09;111111111111000000000000;000000000000000000000000;11101000;000;_;e;10;000011110100000000000000;____;08;042;048;022;038;054;041;0425696435;;;;;;;;;;;;;;;;;;;;;;;;;;;;;;;;;;;;;;;;;;;;;;;;;;
22:17:36;12;35;9999;075;999;09;111111111111000000000000;000000000000000000000000;11101000;000;_;e;10;001100000100000000000000;____;10;036;073;020;036;052;079;0425690746;;;;;;;;;;;;;;;;;;;;;;;;;;;;;;;;;;;;;;;;;;;;;;;;;;
22:24:54;12;36;9999;074;999;09;111111111111000000000000;000000000000000000000000;11101000;000;_;e;10;001111001100000000000000;____;04;044;071;028;039;053;119;0425696651;;;;;;;;;;;;;;;;;;;;;;;;;;;;;;;;;;;;;;;;;;;;;;;;;;
22:28:18;12;37;9999;047;999;09;111111111111000000000000;000000000000000000000000;11101000;000;_;e;10;001111001101000000000000;____;09;055;059;024;021;062;119;0425689266;;;;;;;;;;;;;;;;;;;;;;;;;;;;;;;;;;;;;;;;;;;;;;;;;;
22:28:26;12;38;9999;075;649;09;111111111111000000000000;000000000000000000000000;11101000;000;_;e;10;001001000100000000000000;____;03;045;088;016;042;051;034;0425695997;;;;;;;;;;;;;;;;;;;;;;;;;;;;;;;;;;;;;;;;;;;;;;;;;;
22:28:35;12;39;9999;069;652;09;111111111111000000000000;000000000000000000000000;11101000;000;_;e;10;001001000100000000000000;____;10;002;067;005;001;029;017;0425689267;;;;;;;;;;;;;;;;;;;;;;;;;;;;;;;;;;;;;;;;;;;;;;;;;;
22:28:47;12;40;9999;074;999;09;111111111111000000000000;000000000000000000000000;11101000;000;_;e;10;001111000100000000000000;____;03;035;048;020;023;036;072;0425696157;;;;;;;;;;;;;;;;;;;;;;;;;;;;;;;;;;;;;;;;;;;;;;;;;;
22:29:09;12;41;9999;066;999;09;111111111111000000000000;000000000000000000000000;11101000;000;_;e;10;000110000100000000000000;____;10;000;073;021;-01;005;038;0425689269;;;;;;;;;;;;;;;;;;;;;;;;;;;;;;;;;;;;;;;;;;;;;;;;;;
22:31:00;12;42;9999;067;999;09;111111111111000000000000;000000000000000000000000;11101000;000;_;e;10;010000001100000000000000;____;10;016;082;024;000;016;011;0425696654;;;;;;;;;;;;;;;;;;;;;;;;;;;;;;;;;;;;;;;;;;;;;;;;;;
22:31:21;12;43;9999;068;999;09;111111111111000000000000;000000000000000000000000;11101000;000;_;e;10;000111011000000000000000;____;05;033;040;015;019;037;084;0425690749;;;;;;;;;;;;;;;;;;;;;;;;;;;;;;;;;;;;;;;;;;;;;;;;;;
22:31:51;12;44;9999;055;999;09;111111111111000000000000;000000000000000000000000;11101000;000;_;e;10;000000000100000000000000;____;10;002;076;004;002;002;031;0425695998;;;;;;;;;;;;;;;;;;;;;;;;;;;;;;;;;;;;;;;;;;;;;;;;;;
22:45:39;12;45;9999;063;999;09;111111111111000000000000;000000000000000000000000;11101000;000;_;e;10;101111100101000000000000;____;10;-11;073;010;-12;022;159;0425690752;;;;;;;;;;;;;;;;;;;;;;;;;;;;;;;;;;;;;;;;;;;;;;;;;;
22:49:29;12;46;9999;075;999;09;111111111111000000000000;000000000000000000000000;11101000;000;_;e;10;111100000000000000000000;____;04;052;078;026;050;054;082;0425697269;;;;;;;;;;;;;;;;;;;;;;;;;;;;;;;;;;;;;;;;;;;;;;;;;;
23:21:22;12;47;9999;055;999;09;111111111111000000000000;000000000000000000000000;11101000;000;_;e;10;001111111100000000000000;____;09;028;049;026;024;030;196;0425690755;;;;;;;;;;;;;;;;;;;;;;;;;;;;;;;;;;;;;;;;;;;;;;;;;;
23:26:18;12;48;9999;074;999;09;111111111111000000000000;000000000000000000000000;11001000;000;_;e;10;001110100101000000000000;____;10;012;074;031;006;027;090;0425697277;024;070;004;023;046;034;0050120499;;;;;;;;;;;;;;;;;;;;;;;;;;;;;;;;;;;;;;;;;;;
23:52:07;12;49;9999;074;999;09;111111111111000000000000;000000000000000000000000;11101000;000;_;e;10;001111001100000000000000;____;03;063;068;005;021;071;101;0425690757;;;;;;;;;;;;;;;;;;;;;;;;;;;;;;;;;;;;;;;;;;;;;;;;;;
