RDT400 Server V3.30
Site: 
System: Barcode scanner PLC02 (Sick); System type: OPS
Date: 15-12-2024  00:00:40
Date    ;ID;CT;IDX ;TLE;TGA;V ;DEVICE LIST             ;ERROR LIST              ;OUTPUT  ;ENR;R;CODE1 ID;LENGTH;READ LIST;RES;CLV ID;XPOS;YPOS;ZPOS;XMIN;XMAX;CS;CODE CONTENT;XPOS;YPOS;ZPOS;XMIN;XMAX;CS;CODE CONTENT;CODE2 ID;LENGTH;READ LIST;RES;CLV ID;XPOS;YPOS;ZPOS;XMIN;XMAX;CS;CODE CONTENT;XPOS;YPOS;ZPOS;XMIN;XMAX;CS;CODE CONTENT;CODE3 ID;LENGTH;READ LIST;RES;CLV ID;XPOS;YPOS;ZPOS;XMIN;XMAX;CS;CODE CONTENT;XPOS;YPOS;ZPOS;XMIN;XMAX;CS;CODE CONTENT;INFO1;INFO2;CUSTOM1;CUSTOM2;
04:19:43;12;22;9999;074;999;09;111111111111000000000000;000000000000000000000000;11101000;000;_;e;10;000110000000000000000000;____;04;036;083;012;036;038;004;0425555932;;;;;;;;;;;;;;;;;;;;;;;;;;;;;;;;;;;;;;;;;;;;;;;;;;
04:22:09;12;23;9999;060;999;09;111111111111000000000000;000000000000000000000000;11101000;000;_;e;10;111110100100000000000000;____;03;024;088;040;004;030;053;0425574806;;;;;;;;;;;;;;;;;;;;;;;;;;;;;;;;;;;;;;;;;;;;;;;;;;
04:23:31;12;24;9999;078;999;08;111111111111000000000000;000000000000000000000000;11101000;000;_;e;10;000011111100000000000000;____;06;032;043;035;032;059;104;0425574141;;;;;;;;;;;;;;;;;;;;;;;;;;;;;;;;;;;;;;;;;;;;;;;;;;
04:24:01;12;25;9999;075;999;09;111111111111000000000000;000000000000000000000000;11101000;000;_;e;10;000000001100000000000000;____;10;020;069;026;020;023;007;0425574070;;;;;;;;;;;;;;;;;;;;;;;;;;;;;;;;;;;;;;;;;;;;;;;;;;
04:24:31;12;26;9999;058;999;09;111111111111000000000000;000000000000000000000000;11101000;000;_;e;10;101100000101000000000000;____;10;-02;082;003;-04;029;114;0425573752;;;;;;;;;;;;;;;;;;;;;;;;;;;;;;;;;;;;;;;;;;;;;;;;;;
04:27:00;12;27;9999;075;999;08;111111111111000000000000;000000000000000000000000;11101000;000;_;e;10;010100001100000000000000;____;02;032;087;042;031;047;082;0425573755;;;;;;;;;;;;;;;;;;;;;;;;;;;;;;;;;;;;;;;;;;;;;;;;;;
04:27:18;12;28;9999;068;999;08;111111111111000000000000;000000000000000000000000;11101000;000;_;e;10;111100100100000000000000;____;03;003;070;006;-05;041;061;0425574143;;;;;;;;;;;;;;;;;;;;;;;;;;;;;;;;;;;;;;;;;;;;;;;;;;
04:29:51;12;29;9999;075;999;09;111111111111000000000000;000000000000000000000000;11101000;000;_;e;10;001111001100000000000000;____;09;038;074;030;013;038;212;0425575951;;;;;;;;;;;;;;;;;;;;;;;;;;;;;;;;;;;;;;;;;;;;;;;;;;
04:30:34;12;30;9999;073;999;09;111111111111000000000000;000000000000000000000000;11101000;000;_;e;10;010000001100000000000000;____;10;-03;079;021;-03;008;038;0425575952;;;;;;;;;;;;;;;;;;;;;;;;;;;;;;;;;;;;;;;;;;;;;;;;;;
04:30:39;12;31;9999;077;299;09;111111111111000000000000;000000000000000000000000;11101000;000;_;e;10;000010100100000000000000;____;10;027;065;039;021;036;025;0425574812;;;;;;;;;;;;;;;;;;;;;;;;;;;;;;;;;;;;;;;;;;;;;;;;;;
04:30:47;12;32;9999;076;673;08;111111111111000000000000;000000000000000000000000;11101000;000;_;e;10;001110001000000000000000;____;09;004;080;004;004;073;093;0425574142;;;;;;;;;;;;;;;;;;;;;;;;;;;;;;;;;;;;;;;;;;;;;;;;;;
04:44:39;12;33;9999;074;999;09;111111111111000000000000;000000000000000000000000;11101000;000;_;e;10;000110000101000000000000;____;10;002;076;005;001;025;091;0425574813;;;;;;;;;;;;;;;;;;;;;;;;;;;;;;;;;;;;;;;;;;;;;;;;;;
04:45:20;12;34;9999;075;999;09;111111111111000000000000;000000000000000000000000;11101000;000;_;e;10;001111001100000000000000;____;10;043;066;027;041;054;068;0425574262;;;;;;;;;;;;;;;;;;;;;;;;;;;;;;;;;;;;;;;;;;;;;;;;;;
04:53:11;12;35;9999;074;999;09;111111111111000000000000;000000000000000000000000;11101000;000;_;e;10;001110001100000000000000;____;03;022;068;025;019;038;095;0425574433;;;;;;;;;;;;;;;;;;;;;;;;;;;;;;;;;;;;;;;;;;;;;;;;;;
04:53:16;12;36;9999;048;367;09;111111111111000000000000;000000000000000000000000;11010000;000;_;;;;;;;;;;;;;;;;;;;;;;;;;;;;;;;;;;;;;;;;;;;;;;;;;;;;;;;;;;;;;;
04:53:45;12;37;9999;068;999;08;111111111111000000000000;000000000000000000000000;11101000;000;_;e;10;110000000001000000000000;____;01;031;101;017;017;049;043;0425574149;;;;;;;;;;;;;;;;;;;;;;;;;;;;;;;;;;;;;;;;;;;;;;;;;;
04:54:15;12;38;9999;075;999;09;111111111111000000000000;000000000000000000000000;11101000;000;_;e;10;111000000000000000000000;____;01;035;090;023;031;037;081;0425573762;;;;;;;;;;;;;;;;;;;;;;;;;;;;;;;;;;;;;;;;;;;;;;;;;;
04:54:54;12;39;9999;073;999;09;111111111111000000000000;000000000000000000000000;11101000;000;_;e;10;110000000000000000000000;____;01;032;098;028;032;034;046;0425574150;;;;;;;;;;;;;;;;;;;;;;;;;;;;;;;;;;;;;;;;;;;;;;;;;;
04:55:32;12;40;9999;077;999;08;111111111111000000000000;000000000000000000000000;11101000;000;_;e;10;000010111000000000000000;____;05;048;037;026;018;052;066;0425574151;;;;;;;;;;;;;;;;;;;;;;;;;;;;;;;;;;;;;;;;;;;;;;;;;;
04:57:24;12;41;9999;078;999;09;111111111111000000000000;000000000000000000000000;11101000;000;_;e;10;001100000000000000000000;____;03;035;078;053;035;037;065;0425574152;;;;;;;;;;;;;;;;;;;;;;;;;;;;;;;;;;;;;;;;;;;;;;;;;;
04:57:49;12;42;9999;069;999;08;111111111111000000000000;000000000000000000000000;11101000;000;_;e;10;110000000000000000000000;____;01;034;102;010;033;036;066;0425574153;;;;;;;;;;;;;;;;;;;;;;;;;;;;;;;;;;;;;;;;;;;;;;;;;;
04:58:49;12;43;9999;076;999;09;111111111111000000000000;000000000000000000000000;11101000;000;_;e;10;100000000001000000000000;____;01;038;100;018;009;039;054;0425574154;;;;;;;;;;;;;;;;;;;;;;;;;;;;;;;;;;;;;;;;;;;;;;;;;;
04:58:53;12;44;9999;070;295;09;111111111111000000000000;000000000000000000000000;11101000;000;_;e;10;010010111001000000000000;____;02;034;100;023;019;038;085;0425574155;;;;;;;;;;;;;;;;;;;;;;;;;;;;;;;;;;;;;;;;;;;;;;;;;;
05:00:27;12;45;9999;073;999;09;111111111111000000000000;000000000000000000000000;11101000;000;_;e;10;111100001100000000000000;____;03;032;086;048;018;035;084;0425574157;;;;;;;;;;;;;;;;;;;;;;;;;;;;;;;;;;;;;;;;;;;;;;;;;;
05:00:32;12;46;9999;070;298;08;111111111111000000000000;000000000000000000000000;11101000;000;_;e;10;111000000000000000000000;____;02;032;100;024;028;033;036;0425574156;;;;;;;;;;;;;;;;;;;;;;;;;;;;;;;;;;;;;;;;;;;;;;;;;;
05:06:22;12;47;9999;075;999;09;111111111111000000000000;000000000000000000000000;11101000;000;_;e;10;001111001100000000000000;____;04;042;052;024;038;043;110;0425575954;;;;;;;;;;;;;;;;;;;;;;;;;;;;;;;;;;;;;;;;;;;;;;;;;;
05:07:10;12;48;9999;075;999;08;111111111111000000000000;000000000000000000000000;11101000;000;_;e;10;010100000100000000000000;____;10;002;077;010;000;024;033;0425574817;;;;;;;;;;;;;;;;;;;;;;;;;;;;;;;;;;;;;;;;;;;;;;;;;;
05:07:53;12;49;9999;078;999;08;111111111111000000000000;000000000000000000000000;11101000;000;_;e;10;010100000101000000000000;____;10;-03;074;017;-03;027;057;0425574818;;;;;;;;;;;;;;;;;;;;;;;;;;;;;;;;;;;;;;;;;;;;;;;;;;
05:07:57;12;50;9999;073;266;09;111111111111000000000000;000000000000000000000000;11101000;000;_;e;10;111100000000000000000000;____;01;038;088;026;033;057;057;0425574080;;;;;;;;;;;;;;;;;;;;;;;;;;;;;;;;;;;;;;;;;;;;;;;;;;
05:08:44;12;51;9999;071;999;09;111111111111000000000000;000000000000000000000000;11101000;000;_;e;10;000010111010000000000000;____;05;045;043;003;044;056;082;0425574081;;;;;;;;;;;;;;;;;;;;;;;;;;;;;;;;;;;;;;;;;;;;;;;;;;
05:08:53;12;52;9999;076;678;09;111111111111000000000000;000000000000000000000000;11101000;000;_;e;10;001111001000000000000000;____;04;046;048;019;043;047;062;0425574082;;;;;;;;;;;;;;;;;;;;;;;;;;;;;;;;;;;;;;;;;;;;;;;;;;
05:09:31;12;53;9999;065;999;09;111111111111000000000000;000000000000000000000000;11101000;000;_;e;10;110010000100000000000000;____;10;037;101;028;030;038;034;0425574084;;;;;;;;;;;;;;;;;;;;;;;;;;;;;;;;;;;;;;;;;;;;;;;;;;
05:09:40;12;54;9999;078;679;09;111111111111000000000000;000000000000000000000000;11101000;000;_;e;10;000010000000000000000000;____;05;037;066;033;037;037;002;0425574083;;;;;;;;;;;;;;;;;;;;;;;;;;;;;;;;;;;;;;;;;;;;;;;;;;
05:13:23;12;55;9999;083;999;09;111111111111000000000000;000000000000000000000000;11101000;000;_;e;10;000011111010000000000000;____;07;057;033;011;034;059;079;0425575955;;;;;;;;;;;;;;;;;;;;;;;;;;;;;;;;;;;;;;;;;;;;;;;;;;
05:14:12;12;56;9999;066;999;09;111111111111000000000000;000000000000000000000000;11101000;000;_;e;10;001110101010000000000000;____;09;065;047;013;047;067;085;0425575956;;;;;;;;;;;;;;;;;;;;;;;;;;;;;;;;;;;;;;;;;;;;;;;;;;
05:19:25;12;57;9999;064;999;09;111111111111000000000000;000000000000000000000000;11101000;000;_;e;10;001101001101000000000000;____;10;-06;074;010;-11;027;112;0425555944;;;;;;;;;;;;;;;;;;;;;;;;;;;;;;;;;;;;;;;;;;;;;;;;;;
05:25:29;12;58;9999;075;999;09;111111111111000000000000;000000000000000000000000;11101000;000;_;e;10;000100001000000000000000;____;04;019;086;024;019;039;049;0425555945;;;;;;;;;;;;;;;;;;;;;;;;;;;;;;;;;;;;;;;;;;;;;;;;;;
05:25:33;12;59;9999;074;299;09;111111111111000000000000;000000000000000000000000;11101000;000;_;e;10;000010000100000000000000;____;05;039;060;027;039;045;037;0425555949;;;;;;;;;;;;;;;;;;;;;;;;;;;;;;;;;;;;;;;;;;;;;;;;;;
05:27:24;12;60;9999;075;999;09;111111111111000000000000;000000000000000000000000;11101000;000;_;e;10;001111110000000000000000;____;08;048;044;022;029;050;082;0425573767;;;;;;;;;;;;;;;;;;;;;;;;;;;;;;;;;;;;;;;;;;;;;;;;;;
05:27:55;12;61;9999;044;999;09;111111111111000000000000;000000000000000000000000;11101000;000;_;e;10;000000000010000000000000;____;11;027;051;004;027;027;003;0425555951;;;;;;;;;;;;;;;;;;;;;;;;;;;;;;;;;;;;;;;;;;;;;;;;;;
05:28:11;12;62;9999;076;999;09;111111111111000000000000;000000000000000000000000;11101000;000;_;e;10;001110001100000000000000;____;04;049;073;030;045;054;132;0425575957;;;;;;;;;;;;;;;;;;;;;;;;;;;;;;;;;;;;;;;;;;;;;;;;;;
05:28:45;12;63;9999;071;999;09;111111111111000000000000;000000000000000000000000;11101000;000;_;e;10;100100000100000000000000;____;10;-01;076;019;-02;033;054;0425573144;;;;;;;;;;;;;;;;;;;;;;;;;;;;;;;;;;;;;;;;;;;;;;;;;;
05:29:16;12;64;9999;079;999;09;111111111111000000000000;000000000000000000000000;11101000;000;_;e;10;001100000100000000000000;____;03;040;040;020;040;044;033;0425574269;;;;;;;;;;;;;;;;;;;;;;;;;;;;;;;;;;;;;;;;;;;;;;;;;;
05:29:41;12;65;9999;076;999;09;111111111111000000000000;000000000000000000000000;11101000;000;_;e;10;001100000100000000000000;____;03;041;082;038;037;041;112;0425574160;;;;;;;;;;;;;;;;;;;;;;;;;;;;;;;;;;;;;;;;;;;;;;;;;;
05:30:11;12;66;9999;060;999;09;111111111111000000000000;000000000000000000000000;11101000;000;_;e;10;001100000101000000000000;____;10;-04;076;010;-09;016;082;0425574822;;;;;;;;;;;;;;;;;;;;;;;;;;;;;;;;;;;;;;;;;;;;;;;;;;
05:30:58;12;67;9999;058;999;09;111111111111000000000000;000000000000000000000000;11101000;000;_;e;10;000011111100000000000000;____;07;037;057;014;033;048;065;0425574091;;;;;;;;;;;;;;;;;;;;;;;;;;;;;;;;;;;;;;;;;;;;;;;;;;
05:32:10;12;68;9999;069;999;09;111111111111000000000000;000000000000000000000000;11101000;000;_;e;10;111110001100000000000000;____;02;035;094;007;033;065;089;0425574092;;;;;;;;;;;;;;;;;;;;;;;;;;;;;;;;;;;;;;;;;;;;;;;;;;
05:33:41;12;69;9999;075;999;09;111111111111000000000000;000000000000000000000000;11101000;000;_;e;10;000101001100000000000000;____;06;025;054;036;024;038;098;0425574270;;;;;;;;;;;;;;;;;;;;;;;;;;;;;;;;;;;;;;;;;;;;;;;;;;
05:35:50;12;70;9999;077;999;09;111111111111000000000000;000000000000000000000000;11101000;000;_;e;10;101111001100000000000000;____;03;036;075;041;030;038;087;0425573145;;;;;;;;;;;;;;;;;;;;;;;;;;;;;;;;;;;;;;;;;;;;;;;;;;
05:36:45;12;71;9999;066;999;09;111111111111000000000000;000000000000000000000000;11101000;000;_;e;10;010000001100000000000000;____;02;-02;084;017;-02;021;019;0425574437;;;;;;;;;;;;;;;;;;;;;;;;;;;;;;;;;;;;;;;;;;;;;;;;;;
05:37:06;12;72;9999;074;999;09;111111111111000000000000;000000000000000000000000;11010000;000;_;;;;;;;;;;;;;;;;;;;;;;;;;;;;;;;;;;;;;;;;;;;;;;;;;;;;;;;;;;;;;;
05:37:37;12;73;9999;078;999;09;111111111111000000000000;000000000000000000000000;11101000;000;_;e;10;001111001100000000000000;____;06;047;061;046;046;050;086;0425574438;;;;;;;;;;;;;;;;;;;;;;;;;;;;;;;;;;;;;;;;;;;;;;;;;;
05:38:06;12;74;9999;076;999;09;111111111111000000000000;000000000000000000000000;11101000;000;_;e;10;001110000100000000000000;____;04;026;081;027;024;039;102;0425575961;;;;;;;;;;;;;;;;;;;;;;;;;;;;;;;;;;;;;;;;;;;;;;;;;;
05:38:28;12;75;9999;062;999;09;111111111111000000000000;000000000000000000000000;11101000;000;_;e;10;111000000000000000000000;____;02;033;098;013;009;036;027;0425574439;;;;;;;;;;;;;;;;;;;;;;;;;;;;;;;;;;;;;;;;;;;;;;;;;;
05:38:53;12;76;9999;062;999;09;111111111111000000000000;000000000000000000000000;11101000;000;_;e;10;000000110010000000000000;____;07;037;051;015;034;038;043;0425573147;;;;;;;;;;;;;;;;;;;;;;;;;;;;;;;;;;;;;;;;;;;;;;;;;;
05:39:44;12;77;9999;075;999;09;111111111111000000000000;000000000000000000000000;11101000;000;_;e;10;001110001100000000000000;____;03;050;067;027;023;057;114;0425573146;;;;;;;;;;;;;;;;;;;;;;;;;;;;;;;;;;;;;;;;;;;;;;;;;;
05:41:22;12;78;9999;038;999;09;111111111111000000000000;000000000000000000000000;11101000;000;_;e;10;001101101100000000000000;____;03;011;072;034;011;035;081;0425573148;;;;;;;;;;;;;;;;;;;;;;;;;;;;;;;;;;;;;;;;;;;;;;;;;;
05:43:13;12;79;9999;062;999;09;111111111111000000000000;000000000000000000000000;11101000;000;_;e;10;000010000010000000000000;____;11;044;055;004;034;044;033;0425574271;;;;;;;;;;;;;;;;;;;;;;;;;;;;;;;;;;;;;;;;;;;;;;;;;;
05:43:52;12;80;9999;064;999;09;111111111111000000000000;000000000000000000000000;11101000;000;_;e;10;101110001000000000000000;____;03;031;102;030;021;032;045;0425574826;;;;;;;;;;;;;;;;;;;;;;;;;;;;;;;;;;;;;;;;;;;;;;;;;;
05:44:17;12;81;9999;072;999;09;111111111111000000000000;000000000000000000000000;11101000;000;_;e;10;000011111010000000000000;____;05;042;037;005;024;044;087;0425573150;;;;;;;;;;;;;;;;;;;;;;;;;;;;;;;;;;;;;;;;;;;;;;;;;;
05:44:52;12;82;9999;010;999;09;111111111111000000000000;000000000000000000000000;11101000;000;_;e;10;000010000100000000000000;____;10;009;077;006;009;009;058;0425573151;;;;;;;;;;;;;;;;;;;;;;;;;;;;;;;;;;;;;;;;;;;;;;;;;;
05:44:52;12;83;9999;057;006;09;111111111111000000000000;000000000000000000000000;11101000;000;_;e;10;001101000000000000000000;____;06;007;073;005;000;059;035;0425573151;;;;;;;;;;;;;;;;;;;;;;;;;;;;;;;;;;;;;;;;;;;;;;;;;;
05:45:18;12;84;9999;063;999;09;111111111111000000000000;000000000000000000000000;11101000;000;_;e;10;000111000100000000000000;____;10;002;070;019;002;039;054;0425574098;;;;;;;;;;;;;;;;;;;;;;;;;;;;;;;;;;;;;;;;;;;;;;;;;;
05:46:14;12;85;9999;057;999;09;111111111111000000000000;000000000000000000000000;11101000;000;_;e;10;011100001101000000000000;____;10;-07;086;006;-07;026;132;0425574161;;;;;;;;;;;;;;;;;;;;;;;;;;;;;;;;;;;;;;;;;;;;;;;;;;
05:48:17;12;86;9999;075;999;08;111111111111000000000000;000000000000000000000000;11101000;000;_;e;10;001101100100000000000000;____;03;036;067;049;034;046;072;0425574440;;;;;;;;;;;;;;;;;;;;;;;;;;;;;;;;;;;;;;;;;;;;;;;;;;
05:48:21;12;87;9999;074;266;09;111111111111000000000000;000000000000000000000000;11101000;000;_;e;10;110000000000000000000000;____;02;035;100;010;035;037;057;0425574828;;;;;;;;;;;;;;;;;;;;;;;;;;;;;;;;;;;;;;;;;;;;;;;;;;
05:48:48;12;88;9999;078;999;08;111111111111000000000000;000000000000000000000000;11101000;000;_;e;10;111111011100000000000000;____;05;035;068;047;035;066;148;0425574162;;;;;;;;;;;;;;;;;;;;;;;;;;;;;;;;;;;;;;;;;;;;;;;;;;
05:50:08;12;89;9999;067;999;09;111111111111000000000000;000000000000000000000000;11101000;000;_;e;10;000000000100000000000000;____;10;-01;075;013;-01;-01;035;0425573772;;;;;;;;;;;;;;;;;;;;;;;;;;;;;;;;;;;;;;;;;;;;;;;;;;
05:50:47;12;90;9999;076;999;09;111111111111000000000000;000000000000000000000000;11101000;000;_;e;10;110000000000000000000000;____;01;041;099;013;041;043;051;0425574441;;;;;;;;;;;;;;;;;;;;;;;;;;;;;;;;;;;;;;;;;;;;;;;;;;
05:51:17;12;91;9999;052;999;09;111111111111000000000000;000000000000000000000000;11101000;000;_;e;10;000100001100000000000000;____;04;055;077;009;037;057;012;0425574345;;;;;;;;;;;;;;;;;;;;;;;;;;;;;;;;;;;;;;;;;;;;;;;;;;
05:53:08;12;92;9999;075;999;09;111111111111000000000000;000000000000000000000000;11101000;000;_;e;10;100111011000000000000000;____;01;046;070;043;046;054;096;0425574827;;;;;;;;;;;;;;;;;;;;;;;;;;;;;;;;;;;;;;;;;;;;;;;;;;
05:55:34;12;93;9999;054;999;09;111111111111000000000000;000000000000000000000000;11101000;000;_;e;10;110000010000000000000000;____;02;062;096;024;055;063;041;0425574346;;;;;;;;;;;;;;;;;;;;;;;;;;;;;;;;;;;;;;;;;;;;;;;;;;
05:56:20;12;94;9999;065;999;09;111111111111000000000000;000000000000000000000000;11101000;000;_;e;10;110000000000000000000000;____;01;035;096;009;034;048;031;0425574347;;;;;;;;;;;;;;;;;;;;;;;;;;;;;;;;;;;;;;;;;;;;;;;;;;
05:57:20;12;95;9999;057;999;09;111111111111000000000000;000000000000000000000000;11101000;000;_;e;10;001011001101000000000000;____;09;-07;066;014;-09;043;059;0425574165;;;;;;;;;;;;;;;;;;;;;;;;;;;;;;;;;;;;;;;;;;;;;;;;;;
05:57:51;12;96;9999;064;999;09;111111111111000000000000;000000000000000000000000;11101000;000;_;e;10;011000000000000000000000;____;03;068;082;032;049;068;019;0425573155;;;;;;;;;;;;;;;;;;;;;;;;;;;;;;;;;;;;;;;;;;;;;;;;;;
05:58:30;12;97;9999;072;999;08;111111111111000000000000;000000000000000000000000;11101000;000;_;e;10;110001100000000000000000;____;02;081;089;021;074;082;030;0425573158;;;;;;;;;;;;;;;;;;;;;;;;;;;;;;;;;;;;;;;;;;;;;;;;;;
06:00:59;12;98;9999;055;999;09;111111111111000000000000;000000000000000000000000;11101000;000;_;e;10;000100001101000000000000;____;10;-10;084;014;-10;019;070;0425574167;;;;;;;;;;;;;;;;;;;;;;;;;;;;;;;;;;;;;;;;;;;;;;;;;;
06:01:32;12;99;9999;076;999;09;111111111111000000000000;000000000000000000000000;11101000;000;_;e;10;001001000100000000000000;____;06;028;056;005;024;042;016;0425573775;;;;;;;;;;;;;;;;;;;;;;;;;;;;;;;;;;;;;;;;;;;;;;;;;;
06:02:25;12;01;9999;078;999;09;111111111111000000000000;000000000000000000000000;11101000;000;_;e;10;000100000100000000000000;____;10;008;083;005;008;035;021;0425573776;;;;;;;;;;;;;;;;;;;;;;;;;;;;;;;;;;;;;;;;;;;;;;;;;;
06:02:54;12;02;9999;063;999;09;111111111111000000000000;000000000000000000000000;11101000;000;_;e;10;001111100011000000000000;____;06;032;048;008;031;036;049;0425573161;;;;;;;;;;;;;;;;;;;;;;;;;;;;;;;;;;;;;;;;;;;;;;;;;;
06:04:46;12;03;9999;058;999;09;111111111111000000000000;000000000000000000000000;11101000;000;_;e;10;000011111000000000000000;____;07;036;043;024;034;042;044;0425574442;;;;;;;;;;;;;;;;;;;;;;;;;;;;;;;;;;;;;;;;;;;;;;;;;;
06:05:29;12;04;9999;075;999;09;111111111111000000000000;000000000000000000000000;11101000;000;_;e;10;111100100100000000000000;____;03;052;086;025;033;056;051;0425574833;;;;;;;;;;;;;;;;;;;;;;;;;;;;;;;;;;;;;;;;;;;;;;;;;;
06:06:02;12;05;9999;060;999;08;111111111111000000000000;000000000000000000000000;11101000;000;_;e;10;000100000100000000000000;____;10;001;078;022;001;002;057;0425573162;;;;;;;;;;;;;;;;;;;;;;;;;;;;;;;;;;;;;;;;;;;;;;;;;;
06:06:24;12;06;9999;049;999;09;111111111111000000000000;000000000000000000000000;11101000;000;_;e;10;000011100001000000000000;____;05;030;055;004;028;034;070;0425574349;;;;;;;;;;;;;;;;;;;;;;;;;;;;;;;;;;;;;;;;;;;;;;;;;;
06:06:29;12;07;9999;054;341;09;111111111111000000000000;000000000000000000000000;11101000;000;_;e;10;001111101110000000000000;____;06;015;026;015;002;030;079;0425574163;;;;;;;;;;;;;;;;;;;;;;;;;;;;;;;;;;;;;;;;;;;;;;;;;;
06:07:11;12;08;9999;053;999;09;111111111111000000000000;000000000000000000000000;11101000;000;_;e;10;110000000001000000000000;____;01;032;097;008;018;033;051;0425574278;;;;;;;;;;;;;;;;;;;;;;;;;;;;;;;;;;;;;;;;;;;;;;;;;;
06:07:32;12;09;9999;065;999;09;111111111111000000000000;000000000000000000000000;11101000;000;_;e;10;110010011100000000000000;____;02;029;100;021;-15;032;083;0425574351;;;;;;;;;;;;;;;;;;;;;;;;;;;;;;;;;;;;;;;;;;;;;;;;;;
06:07:41;12;10;9999;078;711;08;111111111111000000000000;000000000000000000000000;11101000;000;_;e;10;110000000000000000000000;____;01;043;100;006;040;044;055;0425573163;;;;;;;;;;;;;;;;;;;;;;;;;;;;;;;;;;;;;;;;;;;;;;;;;;
06:07:49;12;11;9999;058;579;09;111111111111000000000000;000000000000000000000000;11101000;000;_;e;10;001000001000000000000000;____;03;001;076;018;000;003;057;0425574169;;;;;;;;;;;;;;;;;;;;;;;;;;;;;;;;;;;;;;;;;;;;;;;;;;
06:08:41;12;12;9999;074;999;09;111111111111000000000000;000000000000000000000000;11101000;000;_;e;10;000111011000000000000000;____;09;054;067;053;052;054;071;0425573779;;;;;;;;;;;;;;;;;;;;;;;;;;;;;;;;;;;;;;;;;;;;;;;;;;
06:09:02;12;13;9999;058;999;09;111111111111000000000000;000000000000000000000000;11101000;000;_;e;10;110000000000000000000000;____;01;028;099;013;027;029;053;0425574168;;;;;;;;;;;;;;;;;;;;;;;;;;;;;;;;;;;;;;;;;;;;;;;;;;
06:09:06;12;14;9999;076;292;09;111111111111000000000000;000000000000000000000000;11101000;000;_;e;10;010000001000000000000000;____;09;077;069;019;044;077;043;0425575970;;;;;;;;;;;;;;;;;;;;;;;;;;;;;;;;;;;;;;;;;;;;;;;;;;
06:09:23;12;15;9999;074;999;09;111111111111000000000000;000000000000000000000000;11101000;000;_;e;10;110000000000000000000000;____;01;036;101;013;035;036;049;0425573164;;;;;;;;;;;;;;;;;;;;;;;;;;;;;;;;;;;;;;;;;;;;;;;;;;
06:10:41;12;16;9999;073;999;09;111111111111000000000000;000000000000000000000000;11101000;000;_;e;10;111010000100000000000000;____;10;040;100;033;000;043;047;0425573165;;;;;;;;;;;;;;;;;;;;;;;;;;;;;;;;;;;;;;;;;;;;;;;;;;
06:13:05;12;17;9999;075;999;09;111111111111000000000000;000000000000000000000000;11101000;000;_;e;10;001111001100000000000000;____;10;023;057;028;023;026;138;0425574354;;;;;;;;;;;;;;;;;;;;;;;;;;;;;;;;;;;;;;;;;;;;;;;;;;
06:17:01;12;18;9999;055;999;09;111111111111000000000000;000000000000000000000000;11101000;000;_;e;10;100100000100000000000000;____;01;-02;096;021;-03;015;037;0425575971;;;;;;;;;;;;;;;;;;;;;;;;;;;;;;;;;;;;;;;;;;;;;;;;;;
06:17:27;12;19;9999;055;999;09;111111111111000000000000;000000000000000000000000;11101000;000;_;e;10;001111001100000000000000;____;09;-09;078;008;-15;014;156;0425575972;;;;;;;;;;;;;;;;;;;;;;;;;;;;;;;;;;;;;;;;;;;;;;;;;;
06:20:01;12;20;9999;057;999;09;111111111111000000000000;000000000000000000000000;11101000;000;_;e;10;010100000101000000000000;____;10;000;081;010;-02;021;084;0425555964;;;;;;;;;;;;;;;;;;;;;;;;;;;;;;;;;;;;;;;;;;;;;;;;;;
06:20:52;12;21;9999;066;999;09;111111111111000000000000;000000000000000000000000;11101000;000;_;e;10;001110000101000000000000;____;10;-01;084;005;-06;006;091;0425555965;;;;;;;;;;;;;;;;;;;;;;;;;;;;;;;;;;;;;;;;;;;;;;;;;;
06:21:44;12;22;9999;077;999;09;111111111111000000000000;000000000000000000000000;11101000;000;_;e;10;110010000101000000000000;____;01;045;100;011;003;048;049;0425555967;;;;;;;;;;;;;;;;;;;;;;;;;;;;;;;;;;;;;;;;;;;;;;;;;;
06:22:00;12;23;9999;079;999;09;111111111111000000000000;000000000000000000000000;11101000;000;_;e;10;000000000100000000000000;____;10;000;077;011;-03;000;033;0425574357;;;;;;;;;;;;;;;;;;;;;;;;;;;;;;;;;;;;;;;;;;;;;;;;;;
06:22:43;12;24;9999;061;999;09;111111111111000000000000;000000000000000000000000;11101000;000;_;e;10;110000000000000000000000;____;02;035;091;011;013;035;027;0425573176;;;;;;;;;;;;;;;;;;;;;;;;;;;;;;;;;;;;;;;;;;;;;;;;;;
06:22:52;12;25;9999;078;661;09;111111111111000000000000;000000000000000000000000;11101000;000;_;e;10;111100000000000000000000;____;01;039;098;021;038;045;072;0425574358;;;;;;;;;;;;;;;;;;;;;;;;;;;;;;;;;;;;;;;;;;;;;;;;;;
06:23:35;12;26;9999;070;999;09;111111111111000000000000;000000000000000000000000;11101000;000;_;e;10;110000000000000000000000;____;01;037;101;013;037;039;033;0425573178;;;;;;;;;;;;;;;;;;;;;;;;;;;;;;;;;;;;;;;;;;;;;;;;;;
06:23:47;12;27;9999;075;999;09;111111111111000000000000;000000000000000000000000;11101000;000;_;e;10;000011111100000000000000;____;06;035;056;047;033;039;070;0425573177;;;;;;;;;;;;;;;;;;;;;;;;;;;;;;;;;;;;;;;;;;;;;;;;;;
06:23:59;12;28;9999;048;956;09;111111111111000000000000;000000000000000000000000;11101000;000;_;e;10;000000000100000000000000;____;10;-03;074;030;-03;000;037;0425574446;;;;;;;;;;;;;;;;;;;;;;;;;;;;;;;;;;;;;;;;;;;;;;;;;;
06:24:12;12;29;9999;060;999;09;111111111111000000000000;000000000000000000000000;11101000;000;_;e;10;000000000101000000000000;____;12;004;074;004;004;007;010;0425573175;;;;;;;;;;;;;;;;;;;;;;;;;;;;;;;;;;;;;;;;;;;;;;;;;;
06:25:17;12;30;9999;049;999;09;111111111111000000000000;000000000000000000000000;11101000;000;_;e;10;100000000000000000000000;____;01;034;098;008;034;034;003;0425575978;;;;;;;;;;;;;;;;;;;;;;;;;;;;;;;;;;;;;;;;;;;;;;;;;;
06:25:42;12;31;9999;074;999;09;111111111111000000000000;000000000000000000000000;11101000;000;_;e;10;111100001000000000000000;____;04;029;085;015;026;055;089;0425574447;;;;;;;;;;;;;;;;;;;;;;;;;;;;;;;;;;;;;;;;;;;;;;;;;;
06:26:01;12;32;9999;077;999;09;111111111111000000000000;000000000000000000000000;11101000;000;_;e;10;001110000100000000000000;____;10;-02;074;019;-02;028;022;0425577045;;;;;;;;;;;;;;;;;;;;;;;;;;;;;;;;;;;;;;;;;;;;;;;;;;
06:26:04;12;33;9999;065;225;09;111111111111000000000000;000000000000000000000000;11001000;000;_;e;10;110010000100000000000000;____;01;026;099;025;008;029;045;0425573181;013;095;013;013;013;013;3880223752;;;;;;;;;;;;;;;;;;;;;;;;;;;;;;;;;;;;;;;;;;;
06:26:56;12;34;9999;076;999;09;111111111111000000000000;000000000000000000000000;11101000;000;_;e;10;001101001100000000000000;____;09;054;065;043;051;061;147;0425573183;;;;;;;;;;;;;;;;;;;;;;;;;;;;;;;;;;;;;;;;;;;;;;;;;;
06:27:09;12;35;9999;056;999;09;111111111111000000000000;000000000000000000000000;11101000;000;_;e;10;000000000100000000000000;____;10;002;077;023;-01;002;028;0425575977;;;;;;;;;;;;;;;;;;;;;;;;;;;;;;;;;;;;;;;;;;;;;;;;;;
06:28:04;12;36;9999;058;999;09;111111111111000000000000;000000000000000000000000;11101000;000;_;e;10;001001000111000000000000;____;10;001;062;003;-02;001;080;0425555971;;;;;;;;;;;;;;;;;;;;;;;;;;;;;;;;;;;;;;;;;;;;;;;;;;
06:28:39;12;37;9999;056;999;09;111111111111000000000000;000000000000000000000000;11101000;000;_;e;10;001100001001000000000000;____;09;064;076;007;030;064;092;0425573185;;;;;;;;;;;;;;;;;;;;;;;;;;;;;;;;;;;;;;;;;;;;;;;;;;
06:30:04;12;38;9999;061;999;09;111111111111000000000000;000000000000000000000000;11101000;000;_;e;10;101110001000000000000000;____;09;061;077;010;053;062;031;0425574284;;;;;;;;;;;;;;;;;;;;;;;;;;;;;;;;;;;;;;;;;;;;;;;;;;
06:31:20;12;39;9999;075;999;09;111111111111000000000000;000000000000000000000000;11101000;000;_;e;10;001100000100000000000000;____;10;006;074;024;003;007;060;0425574173;;;;;;;;;;;;;;;;;;;;;;;;;;;;;;;;;;;;;;;;;;;;;;;;;;
06:32:54;12;40;9999;071;999;09;111111111111000000000000;000000000000000000000000;11101000;000;_;e;10;000100110100000000000000;____;07;044;031;018;043;052;071;0425573188;;;;;;;;;;;;;;;;;;;;;;;;;;;;;;;;;;;;;;;;;;;;;;;;;;
06:33:59;12;41;9999;051;999;09;111111111111000000000000;000000000000000000000000;11101000;000;_;e;10;010100000101000000000000;____;02;-08;090;009;-08;015;060;0425574362;;;;;;;;;;;;;;;;;;;;;;;;;;;;;;;;;;;;;;;;;;;;;;;;;;
06:34:46;12;42;9999;068;999;09;111111111111000000000000;000000000000000000000000;11101000;000;_;e;10;111110100100000000000000;____;05;000;026;096;000;041;102;0425574363;;;;;;;;;;;;;;;;;;;;;;;;;;;;;;;;;;;;;;;;;;;;;;;;;;
06:35:03;12;43;9999;056;999;09;111111111111000000000000;000000000000000000000000;11101000;000;_;e;10;010000000101000000000000;____;10;004;084;005;-01;027;027;0425574451;;;;;;;;;;;;;;;;;;;;;;;;;;;;;;;;;;;;;;;;;;;;;;;;;;
06:38:54;12;44;9999;075;999;09;111111111111000000000000;000000000000000000000000;11101000;000;_;e;10;001110001100000000000000;____;10;025;071;021;020;074;111;0425574174;;;;;;;;;;;;;;;;;;;;;;;;;;;;;;;;;;;;;;;;;;;;;;;;;;
06:39:20;12;45;9999;074;999;09;111111111111000000000000;000000000000000000000000;11101000;000;_;e;10;101100000000000000000000;____;03;034;065;028;029;039;042;0425573190;;;;;;;;;;;;;;;;;;;;;;;;;;;;;;;;;;;;;;;;;;;;;;;;;;
06:42:14;12;46;9999;071;999;09;111111111111000000000000;000000000000000000000000;11101000;000;_;e;10;111000000000000000000000;____;01;049;091;014;049;052;061;0425573191;;;;;;;;;;;;;;;;;;;;;;;;;;;;;;;;;;;;;;;;;;;;;;;;;;
06:50:17;12;47;9999;066;999;08;111111111111000000000000;000000000000000000000000;11101000;000;_;e;10;011100000000000000000000;____;03;029;072;045;029;038;069;0425573192;;;;;;;;;;;;;;;;;;;;;;;;;;;;;;;;;;;;;;;;;;;;;;;;;;
06:50:47;12;48;9999;065;999;09;111111111111000000000000;000000000000000000000000;11101000;000;_;e;10;001111001100000000000000;____;03;032;045;010;032;039;123;0425573193;;;;;;;;;;;;;;;;;;;;;;;;;;;;;;;;;;;;;;;;;;;;;;;;;;
06:56:42;12;49;9999;052;999;09;111111111111000000000000;000000000000000000000000;11101000;000;_;e;10;110000000000000000000000;____;02;025;100;007;024;026;044;0425575984;;;;;;;;;;;;;;;;;;;;;;;;;;;;;;;;;;;;;;;;;;;;;;;;;;
06:58:45;12;50;9999;058;999;09;111111111111000000000000;000000000000000000000000;11101000;000;_;e;10;100000100001000000000000;____;01;026;100;021;023;027;039;0425575986;;;;;;;;;;;;;;;;;;;;;;;;;;;;;;;;;;;;;;;;;;;;;;;;;;
07:04:40;12;51;9999;055;999;09;111111111111000000000000;000000000000000000000000;11101000;000;_;e;10;000000100010000000000000;____;11;026;055;004;011;026;010;0425574286;;;;;;;;;;;;;;;;;;;;;;;;;;;;;;;;;;;;;;;;;;;;;;;;;;
07:05:07;12;52;9999;056;999;09;111111111111000000000000;000000000000000000000000;11101000;000;_;e;10;000011110000000000000000;____;07;031;048;028;027;031;077;0425574176;;;;;;;;;;;;;;;;;;;;;;;;;;;;;;;;;;;;;;;;;;;;;;;;;;
07:58:48;12;53;9999;078;999;09;111111111111000000000000;000000000000000000000000;11101000;000;_;e;10;010011101100000000000000;____;02;050;084;026;046;067;086;0425577065;;;;;;;;;;;;;;;;;;;;;;;;;;;;;;;;;;;;;;;;;;;;;;;;;;
08:00:11;12;54;9999;075;999;09;111111111111000000000000;000000000000000000000000;11101000;000;_;e;10;000011110000000000000000;____;07;028;048;026;025;028;060;0425577067;;;;;;;;;;;;;;;;;;;;;;;;;;;;;;;;;;;;;;;;;;;;;;;;;;
08:00:40;12;55;9999;060;999;09;111111111111000000000000;000000000000000000000000;11101000;000;_;e;10;001010000001000000000000;____;12;-02;074;004;-03;018;041;0425577073;;;;;;;;;;;;;;;;;;;;;;;;;;;;;;;;;;;;;;;;;;;;;;;;;;
08:10:05;12;56;9999;064;999;09;111111111111000000000000;000000000000000000000000;11101000;000;_;e;10;000000000001000000000000;____;12;-02;070;004;-02;003;017;0425577078;;;;;;;;;;;;;;;;;;;;;;;;;;;;;;;;;;;;;;;;;;;;;;;;;;
08:26:26;12;57;9999;045;999;08;111111111111000000000000;000000000000000000000000;11101000;000;_;e;10;000011001100000000000000;____;10;025;053;018;025;027;073;0425577082;;;;;;;;;;;;;;;;;;;;;;;;;;;;;;;;;;;;;;;;;;;;;;;;;;
08:29:49;12;58;9999;064;999;09;111111111111000000000000;000000000000000000000000;11101000;000;_;e;10;010100000101000000000000;____;10;014;086;005;000;015;038;0425577085;;;;;;;;;;;;;;;;;;;;;;;;;;;;;;;;;;;;;;;;;;;;;;;;;;
08:30:11;12;59;9999;076;999;09;111111111111000000000000;000000000000000000000000;11101000;000;_;e;10;001111001100000000000000;____;10;-08;071;016;-12;001;146;0425574728;;;;;;;;;;;;;;;;;;;;;;;;;;;;;;;;;;;;;;;;;;;;;;;;;;
08:30:49;12;60;9999;077;999;09;111111111111000000000000;000000000000000000000000;11101000;000;_;e;10;001111001100000000000000;____;09;038;065;034;033;045;112;0425574729;;;;;;;;;;;;;;;;;;;;;;;;;;;;;;;;;;;;;;;;;;;;;;;;;;
08:36:31;12;61;9999;078;999;08;111111111111000000000000;000000000000000000000000;11101000;000;_;e;10;101111000100000000000000;____;10;000;079;011;-01;065;107;0425574671;;;;;;;;;;;;;;;;;;;;;;;;;;;;;;;;;;;;;;;;;;;;;;;;;;
09:05:54;12;62;9999;074;999;09;111111111111000000000000;000000000000000000000000;11101000;000;_;e;10;001101000100000000000000;____;10;070;060;013;067;073;080;0425577093;;;;;;;;;;;;;;;;;;;;;;;;;;;;;;;;;;;;;;;;;;;;;;;;;;
09:11:12;12;63;9999;051;999;09;111111111111000000000000;000000000000000000000000;11101000;000;_;e;10;000010100010000000000000;____;07;042;047;011;038;043;037;0425574768;;;;;;;;;;;;;;;;;;;;;;;;;;;;;;;;;;;;;;;;;;;;;;;;;;
09:15:45;12;64;9999;075;999;09;111111111111000000000000;000000000000000000000000;11101000;000;_;e;10;001111110000000000000000;____;07;049;044;044;046;051;105;0425574770;;;;;;;;;;;;;;;;;;;;;;;;;;;;;;;;;;;;;;;;;;;;;;;;;;
09:18:19;12;65;9999;077;999;08;111111111111000000000000;000000000000000000000000;11101000;000;_;e;10;001111000100000000000000;____;05;049;052;017;022;053;045;0425574773;;;;;;;;;;;;;;;;;;;;;;;;;;;;;;;;;;;;;;;;;;;;;;;;;;
09:18:45;12;66;9999;075;999;09;111111111111000000000000;000000000000000000000000;11101000;000;_;e;10;001011001100000000000000;____;06;069;062;004;024;070;053;0425574694;;;;;;;;;;;;;;;;;;;;;;;;;;;;;;;;;;;;;;;;;;;;;;;;;;
09:20:57;12;67;9999;075;999;09;111111111111000000000000;000000000000000000000000;11101000;000;_;e;10;001101111000000000000000;____;04;046;052;047;043;048;077;0425574774;;;;;;;;;;;;;;;;;;;;;;;;;;;;;;;;;;;;;;;;;;;;;;;;;;
09:30:22;12;68;9999;069;999;08;111111111111000000000000;000000000000000000000000;11101000;000;_;e;10;110000000000000000000000;____;01;032;102;011;016;036;067;0425574776;;;;;;;;;;;;;;;;;;;;;;;;;;;;;;;;;;;;;;;;;;;;;;;;;;
10:25:08;12;69;9999;075;999;09;111111111111000000000000;000000000000000000000000;11101000;000;_;e;10;001111001100000000000000;____;09;048;051;037;044;049;195;0425573791;;;;;;;;;;;;;;;;;;;;;;;;;;;;;;;;;;;;;;;;;;;;;;;;;;
11:27:32;12;70;9999;076;999;08;111111111111000000000000;000000000000000000000000;11101000;000;_;e;10;001101111100000000000000;____;09;039;058;040;016;042;109;0425574189;;;;;;;;;;;;;;;;;;;;;;;;;;;;;;;;;;;;;;;;;;;;;;;;;;
11:28:05;12;71;9999;074;999;09;111111111111000000000000;000000000000000000000000;11101000;000;_;e;10;101111001100000000000000;____;03;040;077;033;029;062;176;0425574191;;;;;;;;;;;;;;;;;;;;;;;;;;;;;;;;;;;;;;;;;;;;;;;;;;
11:37:08;12;72;9999;075;999;09;111111111111000000000000;000000000000000000000000;11101000;000;_;e;10;111100000000000000000000;____;04;033;076;022;028;034;071;0425573798;;;;;;;;;;;;;;;;;;;;;;;;;;;;;;;;;;;;;;;;;;;;;;;;;;
11:39:20;12;73;9999;075;999;09;111111111111000000000000;000000000000000000000000;11101000;000;_;e;10;001111001100000000000000;____;09;043;078;038;039;044;126;0425574845;;;;;;;;;;;;;;;;;;;;;;;;;;;;;;;;;;;;;;;;;;;;;;;;;;
11:39:54;12;74;9999;066;999;09;111111111111000000000000;000000000000000000000000;11101000;000;_;e;10;101110000100000000000000;____;10;-02;080;008;-06;021;122;0425574846;;;;;;;;;;;;;;;;;;;;;;;;;;;;;;;;;;;;;;;;;;;;;;;;;;
11:41:11;12;75;9999;077;999;09;111111111111000000000000;000000000000000000000000;11101000;000;_;e;10;100100000100000000000000;____;04;053;072;031;051;054;056;0425574197;;;;;;;;;;;;;;;;;;;;;;;;;;;;;;;;;;;;;;;;;;;;;;;;;;
11:43:15;12;76;9999;081;999;08;111111111111000000000000;000000000000000000000000;11101000;000;_;e;10;001111001100000000000000;____;10;010;067;030;-06;018;095;0425555974;;;;;;;;;;;;;;;;;;;;;;;;;;;;;;;;;;;;;;;;;;;;;;;;;;
11:44:11;12;77;9999;067;999;09;111111111111000000000000;000000000000000000000000;11101000;000;_;e;10;001011001101000000000000;____;10;-02;076;006;-05;021;093;0425574198;;;;;;;;;;;;;;;;;;;;;;;;;;;;;;;;;;;;;;;;;;;;;;;;;;
11:44:58;12;78;9999;064;999;08;111111111111000000000000;000000000000000000000000;11101000;000;_;e;10;000000000101000000000000;____;10;-04;072;014;-10;-02;034;0425555975;;;;;;;;;;;;;;;;;;;;;;;;;;;;;;;;;;;;;;;;;;;;;;;;;;
11:51:36;12;79;9999;075;999;09;111111111111000000000000;000000000000000000000000;11101000;000;_;e;10;111111001100000000000000;____;03;043;077;025;024;049;133;0425555976;;;;;;;;;;;;;;;;;;;;;;;;;;;;;;;;;;;;;;;;;;;;;;;;;;
11:52:10;12;80;9999;075;999;09;111111111111000000000000;000000000000000000000000;11101000;000;_;e;10;000110001100000000000000;____;04;045;056;015;042;046;070;0425555977;;;;;;;;;;;;;;;;;;;;;;;;;;;;;;;;;;;;;;;;;;;;;;;;;;
11:59:43;12;81;9999;074;999;09;111111111111000000000000;000000000000000000000000;11101000;000;_;e;10;101100001000000000000000;____;04;043;092;018;035;048;099;0425573799;;;;;;;;;;;;;;;;;;;;;;;;;;;;;;;;;;;;;;;;;;;;;;;;;;
12:00:39;12;82;9999;075;999;09;111111111111000000000000;000000000000000000000000;11101000;000;_;e;10;000000110100000000000000;____;10;019;056;020;019;031;031;0425574365;;;;;;;;;;;;;;;;;;;;;;;;;;;;;;;;;;;;;;;;;;;;;;;;;;
12:01:56;12;83;9999;071;999;09;111111111111000000000000;000000000000000000000000;11101000;000;_;e;10;001001000100000000000000;____;10;001;070;021;001;029;042;0425574849;;;;;;;;;;;;;;;;;;;;;;;;;;;;;;;;;;;;;;;;;;;;;;;;;;
12:17:09;12;84;9999;075;999;09;111111111111000000000000;000000000000000000000000;11101000;000;_;e;10;110000000000000000000000;____;01;058;102;006;035;058;059;0425574287;;;;;;;;;;;;;;;;;;;;;;;;;;;;;;;;;;;;;;;;;;;;;;;;;;
12:21:05;12;85;9999;067;999;09;111111111111000000000000;000000000000000000000000;11101000;000;_;e;10;010000000001000000000000;____;12;013;077;004;010;013;009;0425574861;;;;;;;;;;;;;;;;;;;;;;;;;;;;;;;;;;;;;;;;;;;;;;;;;;
12:30:38;12;86;9999;074;999;09;111111111111000000000000;000000000000000000000000;11101000;000;_;e;10;001100001100000000000000;____;10;074;073;021;021;076;083;0425574469;;;;;;;;;;;;;;;;;;;;;;;;;;;;;;;;;;;;;;;;;;;;;;;;;;
12:31:42;12;87;9999;074;999;09;111111111111000000000000;000000000000000000000000;11101000;000;_;e;10;011101001100000000000000;____;04;067;075;018;067;072;145;0425574470;;;;;;;;;;;;;;;;;;;;;;;;;;;;;;;;;;;;;;;;;;;;;;;;;;
12:46:38;12;88;9999;077;999;09;111111111111000000000000;000000000000000000000000;11101000;000;_;e;10;110100000000000000000000;____;01;036;102;012;025;037;063;0425574373;;;;;;;;;;;;;;;;;;;;;;;;;;;;;;;;;;;;;;;;;;;;;;;;;;
12:47:44;12;89;9999;054;999;09;111111111111000000000000;000000000000000000000000;11101000;000;_;e;10;001110001101000000000000;____;04;055;056;020;048;058;133;0425574874;;;;;;;;;;;;;;;;;;;;;;;;;;;;;;;;;;;;;;;;;;;;;;;;;;
12:47:57;12;90;9999;052;999;09;111111111111000000000000;000000000000000000000000;11101000;000;_;e;10;000000100010000000000000;____;11;026;057;004;019;026;034;0425574872;;;;;;;;;;;;;;;;;;;;;;;;;;;;;;;;;;;;;;;;;;;;;;;;;;
12:57:34;12;91;9999;045;999;09;111111111111000000000000;000000000000000000000000;11101000;000;_;e;10;110000000000000000000000;____;02;033;099;019;027;033;051;0425574879;;;;;;;;;;;;;;;;;;;;;;;;;;;;;;;;;;;;;;;;;;;;;;;;;;
13:04:16;12;92;9999;076;999;08;111111111111000000000000;000000000000000000000000;11101000;000;_;e;10;100000000001000000000000;____;01;045;100;018;022;047;045;0425574784;;;;;;;;;;;;;;;;;;;;;;;;;;;;;;;;;;;;;;;;;;;;;;;;;;
13:27:25;12;93;9999;073;999;09;111111111111000000000000;000000000000000000000000;11101000;000;_;e;10;011011000100000000000000;____;06;019;061;028;009;024;094;0425576880;;;;;;;;;;;;;;;;;;;;;;;;;;;;;;;;;;;;;;;;;;;;;;;;;;
13:35:18;12;94;9999;076;999;09;111111111111000000000000;000000000000000000000000;11101000;000;_;e;10;001111001100000000000000;____;05;027;064;031;022;039;117;0425576881;;;;;;;;;;;;;;;;;;;;;;;;;;;;;;;;;;;;;;;;;;;;;;;;;;
13:46:35;12;95;9999;076;999;09;111111111111000000000000;000000000000000000000000;11101000;000;_;e;10;000000001000000000000000;____;09;004;071;032;004;004;039;0425576889;;;;;;;;;;;;;;;;;;;;;;;;;;;;;;;;;;;;;;;;;;;;;;;;;;
14:12:38;12;96;9999;075;999;09;111111111111000000000000;000000000000000000000000;11101000;000;_;e;10;001111001100000000000000;____;04;058;065;013;037;058;114;0425581907;;;;;;;;;;;;;;;;;;;;;;;;;;;;;;;;;;;;;;;;;;;;;;;;;;
14:22:14;12;97;9999;059;999;09;111111111111000000000000;000000000000000000000000;11101000;000;_;e;10;000000001000000000000000;____;09;062;054;019;061;062;012;0425574478;;;;;;;;;;;;;;;;;;;;;;;;;;;;;;;;;;;;;;;;;;;;;;;;;;
15:19:11;12;98;9999;077;999;09;111111111111000000000000;000000000000000000000000;11101000;000;_;e;10;010000111100000000000000;____;07;038;060;034;034;048;096;0425582201;;;;;;;;;;;;;;;;;;;;;;;;;;;;;;;;;;;;;;;;;;;;;;;;;;
15:21:13;12;99;9999;075;999;09;111111111111000000000000;000000000000000000000000;11101000;000;_;e;10;101110000100000000000000;____;03;053;080;024;039;066;082;0425582203;;;;;;;;;;;;;;;;;;;;;;;;;;;;;;;;;;;;;;;;;;;;;;;;;;
15:21:39;12;01;9999;075;999;08;111111111111000000000000;000000000000000000000000;11101000;000;_;e;10;001101000100000000000000;____;10;014;065;012;014;017;076;0425582202;;;;;;;;;;;;;;;;;;;;;;;;;;;;;;;;;;;;;;;;;;;;;;;;;;
15:34:48;12;02;9999;070;999;09;111111111111000000000000;000000000000000000000000;11101000;000;_;e;10;000000110000000000000000;____;07;051;042;011;033;051;047;0425582601;;;;;;;;;;;;;;;;;;;;;;;;;;;;;;;;;;;;;;;;;;;;;;;;;;
15:54:41;12;03;9999;077;999;09;111111111111000000000000;000000000000000000000000;11101000;000;_;e;10;001100001100000000000000;____;04;041;063;035;037;042;079;0425574884;;;;;;;;;;;;;;;;;;;;;;;;;;;;;;;;;;;;;;;;;;;;;;;;;;
15:59:21;12;04;9999;074;999;09;111111111111000000000000;000000000000000000000000;11101000;000;_;e;10;001111001100000000000000;____;05;039;050;018;037;042;110;0425582411;;;;;;;;;;;;;;;;;;;;;;;;;;;;;;;;;;;;;;;;;;;;;;;;;;
16:05:33;12;05;9999;070;999;08;111111111111000000000000;000000000000000000000000;11101000;000;_;e;10;110000000000000000000000;____;01;041;099;028;022;042;050;0425582417;;;;;;;;;;;;;;;;;;;;;;;;;;;;;;;;;;;;;;;;;;;;;;;;;;
16:09:41;12;06;9999;057;999;09;111111111111000000000000;000000000000000000000000;11101000;000;_;e;10;001000001100000000000000;____;10;011;074;020;-01;012;014;0425582605;;;;;;;;;;;;;;;;;;;;;;;;;;;;;;;;;;;;;;;;;;;;;;;;;;
16:23:08;12;07;9999;080;999;09;111111111111000000000000;000000000000000000000000;11101000;000;_;e;10;011100000000000000000000;____;03;048;090;032;043;048;069;0425582425;;;;;;;;;;;;;;;;;;;;;;;;;;;;;;;;;;;;;;;;;;;;;;;;;;
16:29:21;12;08;9999;059;999;09;111111111111000000000000;000000000000000000000000;11101000;000;_;e;10;000110000001000000000000;____;12;006;074;004;005;018;018;0425582210;;;;;;;;;;;;;;;;;;;;;;;;;;;;;;;;;;;;;;;;;;;;;;;;;;
16:32:09;12;09;9999;075;999;09;111111111111000000000000;000000000000000000000000;11101000;000;_;e;10;001111011100000000000000;____;05;040;058;035;037;052;128;0425582211;;;;;;;;;;;;;;;;;;;;;;;;;;;;;;;;;;;;;;;;;;;;;;;;;;
16:39:12;12;10;9999;075;999;09;111111111111000000000000;000000000000000000000000;11101000;000;_;e;10;000011110100000000000000;____;08;043;048;026;011;044;055;0425582433;;;;;;;;;;;;;;;;;;;;;;;;;;;;;;;;;;;;;;;;;;;;;;;;;;
16:46:40;12;11;9999;072;999;09;111111111111000000000000;000000000000000000000000;11101000;000;_;e;10;110000000000000000000000;____;02;040;102;012;040;042;059;0425582441;;;;;;;;;;;;;;;;;;;;;;;;;;;;;;;;;;;;;;;;;;;;;;;;;;
16:50:14;12;12;9999;056;999;09;111111111111000000000000;000000000000000000000000;11101000;000;_;e;10;101000000000000000000000;____;01;053;082;008;051;054;049;0425582213;;;;;;;;;;;;;;;;;;;;;;;;;;;;;;;;;;;;;;;;;;;;;;;;;;
16:52:22;12;13;9999;066;999;09;111111111111000000000000;000000000000000000000000;11101000;000;_;e;10;110000000000000000000000;____;02;039;097;010;039;050;040;0425582442;;;;;;;;;;;;;;;;;;;;;;;;;;;;;;;;;;;;;;;;;;;;;;;;;;
16:56:47;12;14;9999;075;999;09;111111111111000000000000;000000000000000000000000;11101000;000;_;e;10;111100000000000000000000;____;04;048;082;017;045;049;074;0425582445;;;;;;;;;;;;;;;;;;;;;;;;;;;;;;;;;;;;;;;;;;;;;;;;;;
16:57:09;12;15;9999;075;999;09;111111111111000000000000;000000000000000000000000;11010000;000;_;;;;;;;;;;;;;;;;;;;;;;;;;;;;;;;;;;;;;;;;;;;;;;;;;;;;;;;;;;;;;;
16:58:00;12;16;9999;079;999;09;111111111111000000000000;000000000000000000000000;11101000;000;_;e;10;001101001000000000000000;____;03;068;060;011;068;073;092;0425582447;;;;;;;;;;;;;;;;;;;;;;;;;;;;;;;;;;;;;;;;;;;;;;;;;;
17:04:12;12;17;9999;075;999;09;111111111111000000000000;000000000000000000000000;11101000;000;_;e;10;000010000100000000000000;____;05;009;062;003;008;010;012;0425574479;;;;;;;;;;;;;;;;;;;;;;;;;;;;;;;;;;;;;;;;;;;;;;;;;;
17:04:50;12;18;9999;074;999;09;111111111111000000000000;000000000000000000000000;11010000;000;_;;;;;;;;;;;;;;;;;;;;;;;;;;;;;;;;;;;;;;;;;;;;;;;;;;;;;;;;;;;;;;
17:04:59;12;19;9999;078;704;08;111111111111000000000000;000000000000000000000000;11101000;000;_;e;10;001100001100000000000000;____;03;026;069;035;-04;029;058;0425582450;;;;;;;;;;;;;;;;;;;;;;;;;;;;;;;;;;;;;;;;;;;;;;;;;;
17:07:03;12;20;9999;078;999;09;111111111111000000000000;000000000000000000000000;11101000;000;_;e;10;110000000000000000000000;____;01;044;101;014;040;046;050;0425582215;;;;;;;;;;;;;;;;;;;;;;;;;;;;;;;;;;;;;;;;;;;;;;;;;;
17:07:20;12;21;9999;077;999;09;111111111111000000000000;000000000000000000000000;11101000;000;_;e;10;001101001100000000000000;____;04;063;052;012;038;066;082;0425582451;;;;;;;;;;;;;;;;;;;;;;;;;;;;;;;;;;;;;;;;;;;;;;;;;;
17:13:32;12;22;9999;078;999;09;111111111111000000000000;000000000000000000000000;11101000;000;_;e;10;011100000000000000000000;____;04;019;075;013;016;029;022;0425574893;;;;;;;;;;;;;;;;;;;;;;;;;;;;;;;;;;;;;;;;;;;;;;;;;;
17:18:52;12;23;9999;052;999;09;111111111111000000000000;000000000000000000000000;11101000;000;_;e;10;101111001100000000000000;____;03;027;082;041;012;032;095;0425582220;;;;;;;;;;;;;;;;;;;;;;;;;;;;;;;;;;;;;;;;;;;;;;;;;;
17:23:47;12;24;9999;054;999;09;111111111111000000000000;000000000000000000000000;11101000;000;_;e;10;001111000101000000000000;____;10;-05;077;001;-10;-03;080;0425582452;;;;;;;;;;;;;;;;;;;;;;;;;;;;;;;;;;;;;;;;;;;;;;;;;;
17:26:04;12;25;9999;076;999;09;111111111111000000000000;000000000000000000000000;11101000;000;_;e;10;111101000100000000000000;____;03;042;077;037;040;046;090;0425574485;;;;;;;;;;;;;;;;;;;;;;;;;;;;;;;;;;;;;;;;;;;;;;;;;;
17:28:16;12;26;9999;057;999;09;111111111111000000000000;000000000000000000000000;11101000;000;_;e;10;110100000000000000000000;____;02;036;098;009;020;039;045;0425582221;;;;;;;;;;;;;;;;;;;;;;;;;;;;;;;;;;;;;;;;;;;;;;;;;;
17:30:08;12;27;9999;066;999;09;111111111111000000000000;000000000000000000000000;11001000;000;_;e;10;110000001100000000000000;____;01;039;101;010;003;040;060;0425582632;054;095;007;027;054;007;0425404013;;;;;;;;;;;;;;;;;;;;;;;;;;;;;;;;;;;;;;;;;;;
17:30:16;12;28;9999;066;663;09;111111111111000000000000;000000000000000000000000;11101000;000;_;e;10;000111101010000000000000;____;04;047;039;010;042;048;085;0425582631;;;;;;;;;;;;;;;;;;;;;;;;;;;;;;;;;;;;;;;;;;;;;;;;;;
17:31:29;12;29;9999;074;999;09;111111111111000000000000;000000000000000000000000;11101000;000;_;e;10;101101101100000000000000;____;04;029;065;032;026;047;115;0425574488;;;;;;;;;;;;;;;;;;;;;;;;;;;;;;;;;;;;;;;;;;;;;;;;;;
17:34:55;12;30;9999;076;999;09;111111111111000000000000;000000000000000000000000;11101000;000;_;e;10;111101001100000000000000;____;10;036;079;038;036;047;132;0425574490;;;;;;;;;;;;;;;;;;;;;;;;;;;;;;;;;;;;;;;;;;;;;;;;;;
17:35:33;12;31;9999;075;999;09;111111111111000000000000;000000000000000000000000;11101000;000;_;e;10;000000001100000000000000;____;10;023;067;023;023;026;009;0425581920;;;;;;;;;;;;;;;;;;;;;;;;;;;;;;;;;;;;;;;;;;;;;;;;;;
17:38:15;12;32;9999;064;999;08;111111111111000000000000;000000000000000000000000;11101000;000;_;e;10;110000000000000000000000;____;02;037;100;005;037;038;058;0425582223;;;;;;;;;;;;;;;;;;;;;;;;;;;;;;;;;;;;;;;;;;;;;;;;;;
17:57:42;12;33;9999;076;999;09;111111111111000000000000;000000000000000000000000;11101000;000;_;e;10;000011010100000000000000;____;06;045;057;019;045;050;038;0425581542;;;;;;;;;;;;;;;;;;;;;;;;;;;;;;;;;;;;;;;;;;;;;;;;;;
17:58:19;12;34;9999;049;999;09;111111111111000000000000;000000000000000000000000;11101000;000;_;e;10;001111110000000000000000;____;04;020;053;019;017;021;077;0425581923;;;;;;;;;;;;;;;;;;;;;;;;;;;;;;;;;;;;;;;;;;;;;;;;;;
18:05:02;12;35;9999;075;999;09;111111111111000000000000;000000000000000000000000;11101000;000;_;e;10;000011100100000000000000;____;06;035;052;018;035;040;044;0425583804;;;;;;;;;;;;;;;;;;;;;;;;;;;;;;;;;;;;;;;;;;;;;;;;;;
18:05:10;12;36;9999;062;627;09;111111111111000000000000;000000000000000000000000;11101000;000;_;e;10;101111000101000000000000;____;10;-08;086;009;-14;026;117;0425574390;;;;;;;;;;;;;;;;;;;;;;;;;;;;;;;;;;;;;;;;;;;;;;;;;;
18:06:35;12;37;9999;073;999;09;111111111111000000000000;000000000000000000000000;11101000;000;_;e;10;000001001100000000000000;____;10;-04;079;031;-05;014;054;0425583902;;;;;;;;;;;;;;;;;;;;;;;;;;;;;;;;;;;;;;;;;;;;;;;;;;
18:19:38;12;38;9999;075;999;09;111111111111000000000000;000000000000000000000000;11101000;000;_;e;10;000111011100000000000000;____;06;050;060;030;050;054;127;0425583809;;;;;;;;;;;;;;;;;;;;;;;;;;;;;;;;;;;;;;;;;;;;;;;;;;
18:27:56;12;39;9999;075;999;08;111111111111000000000000;000000000000000000000000;11101000;000;_;e;10;001110000100000000000000;____;04;028;067;025;020;046;032;0425583821;;;;;;;;;;;;;;;;;;;;;;;;;;;;;;;;;;;;;;;;;;;;;;;;;;
18:28:30;12;40;9999;076;999;09;111111111111000000000000;000000000000000000000000;11101000;000;_;e;10;000100111000000000000000;____;04;010;065;018;010;036;026;0425583822;;;;;;;;;;;;;;;;;;;;;;;;;;;;;;;;;;;;;;;;;;;;;;;;;;
18:37:37;12;41;9999;064;999;09;111111111111000000000000;000000000000000000000000;11101000;000;_;e;10;110000000001000000000000;____;01;044;101;009;010;048;037;0425581549;;;;;;;;;;;;;;;;;;;;;;;;;;;;;;;;;;;;;;;;;;;;;;;;;;
18:40:03;12;42;9999;080;999;09;111111111111000000000000;000000000000000000000000;11101000;000;_;e;10;001111001100000000000000;____;06;035;056;001;022;055;073;0050115298;;;;;;;;;;;;;;;;;;;;;;;;;;;;;;;;;;;;;;;;;;;;;;;;;;
18:40:05;12;43;9999;074;104;09;111111111111000000000000;000000000000000000000000;11101000;000;_;e;10;000010111000000000000000;____;07;038;048;024;035;043;053;0425583825;;;;;;;;;;;;;;;;;;;;;;;;;;;;;;;;;;;;;;;;;;;;;;;;;;
18:44:02;12;44;9999;062;999;09;111111111111000000000000;000000000000000000000000;11101000;000;_;e;10;110000001100000000000000;____;01;037;101;015;002;040;073;0425583826;;;;;;;;;;;;;;;;;;;;;;;;;;;;;;;;;;;;;;;;;;;;;;;;;;
18:45:23;12;45;9999;055;999;09;111111111111000000000000;000000000000000000000000;11101000;000;_;e;10;111000001100000000000000;____;01;029;101;009;028;040;048;0425583827;;;;;;;;;;;;;;;;;;;;;;;;;;;;;;;;;;;;;;;;;;;;;;;;;;
18:52:18;12;46;9999;060;999;09;111111111111000000000000;000000000000000000000000;11101000;000;_;e;10;010110000101000000000000;____;04;004;081;007;-08;004;112;0425583828;;;;;;;;;;;;;;;;;;;;;;;;;;;;;;;;;;;;;;;;;;;;;;;;;;
18:54:26;12;47;9999;074;999;09;111111111111000000000000;000000000000000000000000;11101000;000;_;e;10;001111000000000000000000;____;04;037;067;040;034;038;045;0425584026;;;;;;;;;;;;;;;;;;;;;;;;;;;;;;;;;;;;;;;;;;;;;;;;;;
18:54:39;12;48;9999;075;999;09;111111111111000000000000;000000000000000000000000;11101000;000;_;e;10;001101000000000000000000;____;04;042;077;026;041;045;053;0425583830;;;;;;;;;;;;;;;;;;;;;;;;;;;;;;;;;;;;;;;;;;;;;;;;;;
19:04:29;12;49;9999;076;999;09;111111111111000000000000;000000000000000000000000;11101000;000;_;e;10;001111000000000000000000;____;03;039;067;038;037;041;064;0425583914;;;;;;;;;;;;;;;;;;;;;;;;;;;;;;;;;;;;;;;;;;;;;;;;;;
19:04:59;12;50;9999;078;999;09;111111111111000000000000;000000000000000000000000;11101000;000;_;e;10;001111001100000000000000;____;09;048;049;038;014;050;157;0425584046;;;;;;;;;;;;;;;;;;;;;;;;;;;;;;;;;;;;;;;;;;;;;;;;;;
19:06:33;12;51;9999;079;999;08;111111111111000000000000;000000000000000000000000;11101000;000;_;e;10;001100000100000000000000;____;10;013;077;027;013;047;048;0425581556;;;;;;;;;;;;;;;;;;;;;;;;;;;;;;;;;;;;;;;;;;;;;;;;;;
19:07:37;12;52;9999;073;999;09;111111111111000000000000;000000000000000000000000;11101000;000;_;e;10;001101001100000000000000;____;03;068;083;024;067;073;150;0425583917;;;;;;;;;;;;;;;;;;;;;;;;;;;;;;;;;;;;;;;;;;;;;;;;;;
19:16:48;12;53;9999;075;999;09;111111111111000000000000;000000000000000000000000;11101000;000;_;e;10;000011111100000000000000;____;05;023;050;023;018;069;122;0425581559;;;;;;;;;;;;;;;;;;;;;;;;;;;;;;;;;;;;;;;;;;;;;;;;;;
19:19:05;12;54;9999;074;999;09;111111111111000000000000;000000000000000000000000;11101000;000;_;e;10;001111001100000000000000;____;09;050;063;041;037;059;080;0425581561;;;;;;;;;;;;;;;;;;;;;;;;;;;;;;;;;;;;;;;;;;;;;;;;;;
19:20:09;12;55;9999;078;999;08;111111111111000000000000;000000000000000000000000;11101000;000;_;e;10;111111001100000000000000;____;06;042;066;044;036;048;148;0425583835;;;;;;;;;;;;;;;;;;;;;;;;;;;;;;;;;;;;;;;;;;;;;;;;;;
19:24:00;12;56;9999;053;999;09;111111111111000000000000;000000000000000000000000;11010000;000;_;;;;;;;;;;;;;;;;;;;;;;;;;;;;;;;;;;;;;;;;;;;;;;;;;;;;;;;;;;;;;;
19:24:25;12;57;9999;058;999;09;111111111111000000000000;000000000000000000000000;11101000;000;_;e;10;001000001000000000000000;____;09;-02;082;017;-04;001;076;0425581564;;;;;;;;;;;;;;;;;;;;;;;;;;;;;;;;;;;;;;;;;;;;;;;;;;
19:29:16;12;58;9999;059;999;09;111111111111000000000000;000000000000000000000000;11101000;000;_;e;10;011000001000000000000000;____;02;039;100;003;031;043;021;0425583928;;;;;;;;;;;;;;;;;;;;;;;;;;;;;;;;;;;;;;;;;;;;;;;;;;
19:37:45;12;59;9999;078;999;09;111111111111000000000000;000000000000000000000000;11101000;000;_;e;10;001111001100000000000000;____;04;046;064;045;042;046;097;0425584805;;;;;;;;;;;;;;;;;;;;;;;;;;;;;;;;;;;;;;;;;;;;;;;;;;
19:41:48;12;60;9999;043;999;09;111111111111000000000000;000000000000000000000000;11101000;000;_;e;10;001011011100000000000000;____;10;021;048;019;008;022;102;0425584803;;;;;;;;;;;;;;;;;;;;;;;;;;;;;;;;;;;;;;;;;;;;;;;;;;
19:47:17;12;61;9999;057;999;09;111111111111000000000000;000000000000000000000000;11101000;000;_;e;10;111100000000000000000000;____;02;023;098;020;023;042;061;0425583931;;;;;;;;;;;;;;;;;;;;;;;;;;;;;;;;;;;;;;;;;;;;;;;;;;
19:47:26;12;62;9999;068;743;09;111111111111000000000000;000000000000000000000000;11101000;000;_;e;10;000011111000000000000000;____;06;039;051;021;035;041;083;0425581574;;;;;;;;;;;;;;;;;;;;;;;;;;;;;;;;;;;;;;;;;;;;;;;;;;
19:47:30;12;63;9999;066;257;09;111111111111000000000000;000000000000000000000000;11101000;000;_;e;10;110000000000000000000000;____;01;037;099;016;037;046;065;0425581573;;;;;;;;;;;;;;;;;;;;;;;;;;;;;;;;;;;;;;;;;;;;;;;;;;
19:50:17;12;64;9999;070;999;08;111111111111000000000000;000000000000000000000000;11101000;000;_;e;10;110000000001000000000000;____;02;032;099;007;019;033;028;0425584808;;;;;;;;;;;;;;;;;;;;;;;;;;;;;;;;;;;;;;;;;;;;;;;;;;
19:53:24;12;65;9999;062;999;09;111111111111000000000000;000000000000000000000000;11101000;000;_;e;10;001111000100000000000000;____;10;001;077;004;-05;018;103;0425585000;;;;;;;;;;;;;;;;;;;;;;;;;;;;;;;;;;;;;;;;;;;;;;;;;;
19:56:16;12;66;9999;058;999;09;111111111111000000000000;000000000000000000000000;11101000;000;_;e;10;001111010100000000000000;____;10;-08;084;004;-08;025;092;0425576601;;;;;;;;;;;;;;;;;;;;;;;;;;;;;;;;;;;;;;;;;;;;;;;;;;
20:22:11;12;67;9999;076;999;09;111111111111000000000000;000000000000000000000000;11101000;000;_;e;10;001101001100000000000000;____;03;050;085;030;050;054;085;0425581580;;;;;;;;;;;;;;;;;;;;;;;;;;;;;;;;;;;;;;;;;;;;;;;;;;
20:22:37;12;68;9999;045;999;09;111111111111000000000000;000000000000000000000000;11101000;000;_;e;10;000111110000000000000000;____;08;022;058;013;015;027;078;0425584823;;;;;;;;;;;;;;;;;;;;;;;;;;;;;;;;;;;;;;;;;;;;;;;;;;
20:23:29;12;69;9999;051;999;09;111111111111000000000000;000000000000000000000000;11101000;000;_;e;10;000011111001000000000000;____;12;020;057;004;015;022;054;0425584824;;;;;;;;;;;;;;;;;;;;;;;;;;;;;;;;;;;;;;;;;;;;;;;;;;
20:26:02;12;70;9999;075;999;09;111111111111000000000000;000000000000000000000000;11101000;000;_;e;10;001111001100000000000000;____;10;049;088;007;044;060;097;0425583012;;;;;;;;;;;;;;;;;;;;;;;;;;;;;;;;;;;;;;;;;;;;;;;;;;
20:26:45;12;71;9999;075;999;09;111111111111000000000000;000000000000000000000000;11101000;000;_;e;10;010011000000000000000000;____;02;081;091;032;052;082;064;0425583013;;;;;;;;;;;;;;;;;;;;;;;;;;;;;;;;;;;;;;;;;;;;;;;;;;
20:27:49;12;72;9999;074;999;09;111111111111000000000000;000000000000000000000000;11101000;000;_;e;10;011101001000000000000000;____;03;036;085;022;036;038;082;0425583014;;;;;;;;;;;;;;;;;;;;;;;;;;;;;;;;;;;;;;;;;;;;;;;;;;
20:28:41;12;73;9999;074;999;09;111111111111000000000000;000000000000000000000000;11101000;000;_;e;10;010100000000000000000000;____;02;045;091;025;043;045;027;0425583015;;;;;;;;;;;;;;;;;;;;;;;;;;;;;;;;;;;;;;;;;;;;;;;;;;
20:29:06;12;74;9999;074;999;09;111111111111000000000000;000000000000000000000000;11101000;000;_;e;10;101110000000000000000000;____;03;032;065;034;025;035;053;0425584826;;;;;;;;;;;;;;;;;;;;;;;;;;;;;;;;;;;;;;;;;;;;;;;;;;
20:33:10;12;75;9999;059;999;09;111111111111000000000000;000000000000000000000000;11101000;000;_;e;10;001000001100000000000000;____;10;-05;072;023;-05;029;058;0425585013;;;;;;;;;;;;;;;;;;;;;;;;;;;;;;;;;;;;;;;;;;;;;;;;;;
20:37:43;12;76;9999;074;999;09;111111111111000000000000;000000000000000000000000;11010000;000;_;;;;;;;;;;;;;;;;;;;;;;;;;;;;;;;;;;;;;;;;;;;;;;;;;;;;;;;;;;;;;;
20:41:38;12;77;9999;076;999;08;111111111111000000000000;000000000000000000000000;11101000;000;_;e;10;001111000100000000000000;____;10;013;067;013;008;043;099;0425583019;;;;;;;;;;;;;;;;;;;;;;;;;;;;;;;;;;;;;;;;;;;;;;;;;;
20:42:04;12;78;9999;060;999;09;111111111111000000000000;000000000000000000000000;11101000;000;_;e;10;000000000100000000000000;____;10;009;081;006;009;009;004;0425581583;;;;;;;;;;;;;;;;;;;;;;;;;;;;;;;;;;;;;;;;;;;;;;;;;;
20:43:08;12;79;9999;078;999;08;111111111111000000000000;000000000000000000000000;11101000;000;_;e;10;101110101100000000000000;____;10;030;071;044;029;044;118;0425583022;;;;;;;;;;;;;;;;;;;;;;;;;;;;;;;;;;;;;;;;;;;;;;;;;;
20:47:33;12;80;9999;075;999;09;111111111111000000000000;000000000000000000000000;11101000;000;_;e;10;010101110100000000000000;____;07;050;054;041;035;053;125;0425582465;;;;;;;;;;;;;;;;;;;;;;;;;;;;;;;;;;;;;;;;;;;;;;;;;;
20:48:29;12;81;9999;074;999;08;111111111111000000000000;000000000000000000000000;11101000;000;_;e;10;110010000000000000000000;____;01;038;098;022;-01;041;068;0425576618;;;;;;;;;;;;;;;;;;;;;;;;;;;;;;;;;;;;;;;;;;;;;;;;;;
20:48:33;12;82;9999;067;235;09;111111111111000000000000;000000000000000000000000;11101000;000;_;e;10;111000000000000000000000;____;01;043;095;015;028;046;044;0425581584;;;;;;;;;;;;;;;;;;;;;;;;;;;;;;;;;;;;;;;;;;;;;;;;;;
20:51:11;12;83;9999;074;999;09;111111111111000000000000;000000000000000000000000;11101000;000;_;e;10;010100000000000000000000;____;02;039;092;026;039;040;020;0425549213;;;;;;;;;;;;;;;;;;;;;;;;;;;;;;;;;;;;;;;;;;;;;;;;;;
20:52:11;12;84;9999;075;999;09;111111111111000000000000;000000000000000000000000;11101000;000;_;e;10;001011000100000000000000;____;06;048;055;035;048;051;066;0425576619;;;;;;;;;;;;;;;;;;;;;;;;;;;;;;;;;;;;;;;;;;;;;;;;;;
20:53:40;12;85;9999;075;999;09;111111111111000000000000;000000000000000000000000;11101000;000;_;e;10;111100000000000000000000;____;01;047;085;028;046;051;077;0425585019;;;;;;;;;;;;;;;;;;;;;;;;;;;;;;;;;;;;;;;;;;;;;;;;;;
20:54:53;12;86;9999;060;999;09;111111111111000000000000;000000000000000000000000;11101000;000;_;e;10;010000001100000000000000;____;10;012;076;004;003;037;037;0425549217;;;;;;;;;;;;;;;;;;;;;;;;;;;;;;;;;;;;;;;;;;;;;;;;;;
20:56:02;12;87;9999;076;999;09;111111111111000000000000;000000000000000000000000;11101000;000;_;e;10;111010101100000000000000;____;07;032;052;031;030;038;122;0425576622;;;;;;;;;;;;;;;;;;;;;;;;;;;;;;;;;;;;;;;;;;;;;;;;;;
20:57:35;12;88;9999;074;999;09;111111111111000000000000;000000000000000000000000;11101000;000;_;e;10;111100000000000000000000;____;03;033;086;030;027;034;057;0425584836;;;;;;;;;;;;;;;;;;;;;;;;;;;;;;;;;;;;;;;;;;;;;;;;;;
20:58:01;12;89;9999;058;999;09;111111111111000000000000;000000000000000000000000;11101000;000;_;e;10;101101101001000000000000;____;03;061;080;002;027;067;101;0425582467;;;;;;;;;;;;;;;;;;;;;;;;;;;;;;;;;;;;;;;;;;;;;;;;;;
21:00:09;12;90;9999;067;999;09;111111111111000000000000;000000000000000000000000;11101000;000;_;e;10;111000000000000000000000;____;02;036;100;022;010;036;016;0425582468;;;;;;;;;;;;;;;;;;;;;;;;;;;;;;;;;;;;;;;;;;;;;;;;;;
21:00:14;12;91;9999;061;348;09;111111111111000000000000;000000000000000000000000;11101000;000;_;e;10;000000000101000000000000;____;10;001;072;008;001;037;057;0425584838;;;;;;;;;;;;;;;;;;;;;;;;;;;;;;;;;;;;;;;;;;;;;;;;;;
21:01:13;12;92;9999;071;999;09;111111111111000000000000;000000000000000000000000;11101000;000;_;e;10;110000000000000000000000;____;01;043;099;017;037;044;006;0425582469;;;;;;;;;;;;;;;;;;;;;;;;;;;;;;;;;;;;;;;;;;;;;;;;;;
21:02:01;12;93;9999;075;999;09;111111111111000000000000;000000000000000000000000;11101000;000;_;e;10;100011000100000000000000;____;05;020;069;036;004;026;055;0425549214;;;;;;;;;;;;;;;;;;;;;;;;;;;;;;;;;;;;;;;;;;;;;;;;;;
21:02:09;12;94;9999;076;639;09;111111111111000000000000;000000000000000000000000;11101000;000;_;e;10;001111001100000000000000;____;10;039;059;023;034;058;150;0425583034;;;;;;;;;;;;;;;;;;;;;;;;;;;;;;;;;;;;;;;;;;;;;;;;;;
21:03:18;12;95;9999;075;999;09;111111111111000000000000;000000000000000000000000;11101000;000;_;e;10;101101001100000000000000;____;04;036;077;045;016;042;060;0425585025;;;;;;;;;;;;;;;;;;;;;;;;;;;;;;;;;;;;;;;;;;;;;;;;;;
21:03:35;12;96;9999;066;999;09;111111111111000000000000;000000000000000000000000;11101000;000;_;e;10;000100000111000000000000;____;12;-06;061;004;-06;048;031;0425584840;;;;;;;;;;;;;;;;;;;;;;;;;;;;;;;;;;;;;;;;;;;;;;;;;;
21:07:08;12;97;9999;072;999;09;111111111111000000000000;000000000000000000000000;11101000;000;_;e;10;000010100110000000000000;____;07;053;046;009;049;058;044;0425585026;;;;;;;;;;;;;;;;;;;;;;;;;;;;;;;;;;;;;;;;;;;;;;;;;;
21:07:59;12;98;9999;059;999;09;111111111111000000000000;000000000000000000000000;11101000;000;_;e;10;100000000001000000000000;____;01;047;101;004;012;048;042;0425585027;;;;;;;;;;;;;;;;;;;;;;;;;;;;;;;;;;;;;;;;;;;;;;;;;;
21:10:38;12;99;9999;074;999;09;111111111111000000000000;000000000000000000000000;11101000;000;_;e;10;001111001100000000000000;____;10;034;078;030;030;038;106;0425582644;;;;;;;;;;;;;;;;;;;;;;;;;;;;;;;;;;;;;;;;;;;;;;;;;;
21:11:25;12;01;9999;075;999;09;111111111111000000000000;000000000000000000000000;11101000;000;_;e;10;001011000100000000000000;____;06;043;062;024;041;046;044;0425582645;;;;;;;;;;;;;;;;;;;;;;;;;;;;;;;;;;;;;;;;;;;;;;;;;;
21:12:29;12;02;9999;078;999;09;111111111111000000000000;000000000000000000000000;11101000;000;_;e;10;110000000000000000000000;____;01;040;100;012;032;043;042;0425585028;;;;;;;;;;;;;;;;;;;;;;;;;;;;;;;;;;;;;;;;;;;;;;;;;;
21:12:34;12;03;9999;055;412;09;111111111111000000000000;000000000000000000000000;11101000;000;_;e;10;001111101100000000000000;____;04;038;077;038;015;041;106;0425576626;;;;;;;;;;;;;;;;;;;;;;;;;;;;;;;;;;;;;;;;;;;;;;;;;;
21:13:25;12;04;9999;049;999;09;111111111111000000000000;000000000000000000000000;11101000;000;_;e;10;110100000000000000000000;____;02;029;099;009;018;032;036;0425576627;;;;;;;;;;;;;;;;;;;;;;;;;;;;;;;;;;;;;;;;;;;;;;;;;;
21:16:16;12;05;9999;074;999;09;111111111111000000000000;000000000000000000000000;11101000;000;_;e;10;101110101100000000000000;____;03;049;080;036;042;054;166;0425582471;;;;;;;;;;;;;;;;;;;;;;;;;;;;;;;;;;;;;;;;;;;;;;;;;;
21:17:28;12;06;9999;074;999;09;111111111111000000000000;000000000000000000000000;11101000;000;_;e;10;000011101100000000000000;____;05;050;061;037;017;053;059;0425582472;;;;;;;;;;;;;;;;;;;;;;;;;;;;;;;;;;;;;;;;;;;;;;;;;;
21:17:37;12;07;9999;075;623;09;111111111111000000000000;000000000000000000000000;11101000;000;_;e;10;000100001100000000000000;____;10;073;062;023;047;077;039;0425582473;;;;;;;;;;;;;;;;;;;;;;;;;;;;;;;;;;;;;;;;;;;;;;;;;;
21:20:28;12;08;9999;074;999;09;111111111111000000000000;000000000000000000000000;11101000;000;_;e;10;111110000000000000000000;____;02;043;083;021;032;046;076;0425582648;;;;;;;;;;;;;;;;;;;;;;;;;;;;;;;;;;;;;;;;;;;;;;;;;;
21:24:02;12;09;9999;075;999;09;111111111111000000000000;000000000000000000000000;11101000;000;_;e;10;001010001100000000000000;____;09;072;069;019;069;076;088;0425576629;;;;;;;;;;;;;;;;;;;;;;;;;;;;;;;;;;;;;;;;;;;;;;;;;;
21:32:21;12;10;9999;075;999;09;111111111111000000000000;000000000000000000000000;11101000;000;_;e;10;001100000000000000000000;____;03;037;072;039;037;041;066;0425583046;;;;;;;;;;;;;;;;;;;;;;;;;;;;;;;;;;;;;;;;;;;;;;;;;;
21:33:59;12;11;9999;053;999;09;111111111111000000000000;000000000000000000000000;11101000;000;_;e;10;001100001101000000000000;____;10;003;079;026;003;020;085;0425584849;;;;;;;;;;;;;;;;;;;;;;;;;;;;;;;;;;;;;;;;;;;;;;;;;;
21:38:12;12;12;9999;079;999;09;111111111111000000000000;000000000000000000000000;11101000;000;_;e;10;101000000100000000000000;____;10;-02;068;020;-02;012;044;0425582651;;;;;;;;;;;;;;;;;;;;;;;;;;;;;;;;;;;;;;;;;;;;;;;;;;
21:41:24;12;13;9999;074;999;09;111111111111000000000000;000000000000000000000000;11101000;000;_;e;10;001011010100000000000000;____;06;044;053;028;043;047;041;0425584850;;;;;;;;;;;;;;;;;;;;;;;;;;;;;;;;;;;;;;;;;;;;;;;;;;
21:42:50;12;14;9999;075;999;09;111111111111000000000000;000000000000000000000000;11010000;000;_;;;;;;;;;;;;;;;;;;;;;;;;;;;;;;;;;;;;;;;;;;;;;;;;;;;;;;;;;;;;;;
21:43:54;12;15;9999;074;999;09;111111111111000000000000;000000000000000000000000;11101000;000;_;e;10;001111001100000000000000;____;09;067;074;016;044;077;135;0425585042;;;;;;;;;;;;;;;;;;;;;;;;;;;;;;;;;;;;;;;;;;;;;;;;;;
21:44:15;12;16;9999;075;999;09;111111111111000000000000;000000000000000000000000;11101000;000;_;e;10;011100000000000000000000;____;04;050;061;039;047;051;054;0425582477;;;;;;;;;;;;;;;;;;;;;;;;;;;;;;;;;;;;;;;;;;;;;;;;;;
21:51:22;12;17;9999;055;999;09;111111111111000000000000;000000000000000000000000;11101000;000;_;e;10;000110010101000000000000;____;10;-09;069;006;-16;023;094;0425582479;;;;;;;;;;;;;;;;;;;;;;;;;;;;;;;;;;;;;;;;;;;;;;;;;;
21:52:52;12;18;9999;056;999;09;111111111111000000000000;000000000000000000000000;11101000;000;_;e;10;001111001100000000000000;____;04;011;070;020;002;012;104;0425582656;;;;;;;;;;;;;;;;;;;;;;;;;;;;;;;;;;;;;;;;;;;;;;;;;;
21:54:52;12;19;9999;055;999;09;111111111111000000000000;000000000000000000000000;11101000;000;_;e;10;011000000100000000000000;____;02;037;104;007;011;040;029;0425576638;;;;;;;;;;;;;;;;;;;;;;;;;;;;;;;;;;;;;;;;;;;;;;;;;;
22:00:29;12;20;9999;075;999;09;111111111111000000000000;000000000000000000000000;11101000;000;_;e;10;110110000000000000000000;____;04;027;069;028;021;046;051;0425585044;;;;;;;;;;;;;;;;;;;;;;;;;;;;;;;;;;;;;;;;;;;;;;;;;;
22:03:03;12;21;9999;067;999;09;111111111111000000000000;000000000000000000000000;11101000;000;_;e;10;010000000100000000000000;____;10;000;079;010;000;016;019;0425582485;;;;;;;;;;;;;;;;;;;;;;;;;;;;;;;;;;;;;;;;;;;;;;;;;;
22:06:50;12;22;9999;055;999;09;111111111111000000000000;000000000000000000000000;11101000;000;_;e;10;000011110000000000000000;____;07;043;059;015;039;043;056;0425582486;;;;;;;;;;;;;;;;;;;;;;;;;;;;;;;;;;;;;;;;;;;;;;;;;;
23:08:25;12;23;9999;075;999;08;111111111111000000000000;000000000000000000000000;11101000;000;_;e;10;001011111100000000000000;____;06;049;076;039;040;057;077;0425582694;;;;;;;;;;;;;;;;;;;;;;;;;;;;;;;;;;;;;;;;;;;;;;;;;;
