RDT400 Server V3.30
Site: 
System: Barcode scanner PLC02 (Sick); System type: OPS
Date: 21-12-2024  00:00:13
Date    ;ID;CT;IDX ;TLE;TGA;V ;DEVICE LIST             ;ERROR LIST              ;OUTPUT  ;ENR;R;CODE1 ID;LENGTH;READ LIST;RES;CLV ID;XPOS;YPOS;ZPOS;XMIN;XMAX;CS;CODE CONTENT;XPOS;YPOS;ZPOS;XMIN;XMAX;CS;CODE CONTENT;CODE2 ID;LENGTH;READ LIST;RES;CLV ID;XPOS;YPOS;ZPOS;XMIN;XMAX;CS;CODE CONTENT;XPOS;YPOS;ZPOS;XMIN;XMAX;CS;CODE CONTENT;CODE3 ID;LENGTH;READ LIST;RES;CLV ID;XPOS;YPOS;ZPOS;XMIN;XMAX;CS;CODE CONTENT;XPOS;YPOS;ZPOS;XMIN;XMAX;CS;CODE CONTENT;INFO1;INFO2;CUSTOM1;CUSTOM2;
04:13:44;12;20;9999;075;999;09;111111111111000000000000;000000000000000000000000;11101000;000;_;e;10;011000001000000000000000;____;09;034;072;024;032;034;046;0425628866;;;;;;;;;;;;;;;;;;;;;;;;;;;;;;;;;;;;;;;;;;;;;;;;;;
04:17:06;12;21;9999;051;999;08;111111111111000000000000;000000000000000000000000;11101000;000;_;e;10;000000100000000000000000;____;07;028;054;011;027;028;014;0425627853;;;;;;;;;;;;;;;;;;;;;;;;;;;;;;;;;;;;;;;;;;;;;;;;;;
04:17:50;12;22;9999;075;999;09;111111111111000000000000;000000000000000000000000;11101000;000;_;e;10;000011000100000000000000;____;06;039;056;044;038;042;081;0425623390;;;;;;;;;;;;;;;;;;;;;;;;;;;;;;;;;;;;;;;;;;;;;;;;;;
04:36:22;12;23;9999;076;999;09;111111111111000000000000;000000000000000000000000;11101000;000;_;e;10;001111101100000000000000;____;09;061;063;039;037;061;075;0425628466;;;;;;;;;;;;;;;;;;;;;;;;;;;;;;;;;;;;;;;;;;;;;;;;;;
04:37:02;12;24;9999;074;999;09;111111111111000000000000;000000000000000000000000;11101000;000;_;e;10;111100000100000000000000;____;03;044;084;026;009;045;071;0425628467;;;;;;;;;;;;;;;;;;;;;;;;;;;;;;;;;;;;;;;;;;;;;;;;;;
04:57:08;12;25;9999;074;999;09;111111111111000000000000;000000000000000000000000;11101000;000;_;e;10;111101111000000000000000;____;07;034;064;031;027;036;136;0425628887;;;;;;;;;;;;;;;;;;;;;;;;;;;;;;;;;;;;;;;;;;;;;;;;;;
05:02:10;12;26;9999;074;999;08;111111111111000000000000;000000000000000000000000;11101000;000;_;e;10;001000000100000000000000;____;10;020;076;025;020;042;009;0425631039;;;;;;;;;;;;;;;;;;;;;;;;;;;;;;;;;;;;;;;;;;;;;;;;;;
05:03:31;12;27;9999;077;999;09;111111111111000000000000;000000000000000000000000;11101000;000;_;e;10;000001001100000000000000;____;06;030;050;026;029;033;074;0425627392;;;;;;;;;;;;;;;;;;;;;;;;;;;;;;;;;;;;;;;;;;;;;;;;;;
05:04:14;12;28;9999;071;999;09;111111111111000000000000;000000000000000000000000;11101000;000;_;e;10;000011111010000000000000;____;05;046;032;007;020;048;082;0425631040;;;;;;;;;;;;;;;;;;;;;;;;;;;;;;;;;;;;;;;;;;;;;;;;;;
05:11:05;12;29;9999;077;999;09;111111111111000000000000;000000000000000000000000;11101000;000;_;e;10;011000001100000000000000;____;03;051;082;020;021;054;018;0425630454;;;;;;;;;;;;;;;;;;;;;;;;;;;;;;;;;;;;;;;;;;;;;;;;;;
05:12:12;12;30;9999;073;999;09;111111111111000000000000;000000000000000000000000;11101000;000;_;e;10;111100001000000000000000;____;03;039;069;023;039;043;079;0425628971;;;;;;;;;;;;;;;;;;;;;;;;;;;;;;;;;;;;;;;;;;;;;;;;;;
05:20:32;12;31;9999;046;999;08;111111111111000000000000;000000000000000000000000;11101000;000;_;e;10;110000000000000000000000;____;02;-03;082;007;-06;-03;028;0425630465;;;;;;;;;;;;;;;;;;;;;;;;;;;;;;;;;;;;;;;;;;;;;;;;;;
05:23:06;12;32;9999;075;999;09;111111111111000000000000;000000000000000000000000;11101000;000;_;e;10;000111101000000000000000;____;05;040;059;036;040;044;106;0425628479;;;;;;;;;;;;;;;;;;;;;;;;;;;;;;;;;;;;;;;;;;;;;;;;;;
05:27:01;12;33;9999;075;999;09;111111111111000000000000;000000000000000000000000;11101000;000;_;e;10;011000000000000000000000;____;03;051;073;029;049;051;033;0425629672;;;;;;;;;;;;;;;;;;;;;;;;;;;;;;;;;;;;;;;;;;;;;;;;;;
05:31:37;12;34;9999;064;999;09;111111111111000000000000;000000000000000000000000;11101000;000;_;e;10;110100000000000000000000;____;01;031;093;026;012;035;105;0425628662;;;;;;;;;;;;;;;;;;;;;;;;;;;;;;;;;;;;;;;;;;;;;;;;;;
05:32:54;12;35;9999;075;999;09;111111111111000000000000;000000000000000000000000;11101000;000;_;e;10;001111001100000000000000;____;09;010;066;033;004;028;035;0425630468;;;;;;;;;;;;;;;;;;;;;;;;;;;;;;;;;;;;;;;;;;;;;;;;;;
05:34:03;12;36;9999;074;999;09;111111111111000000000000;000000000000000000000000;11101000;000;_;e;10;110001001100000000000000;____;01;040;101;016;019;044;061;0425628663;;;;;;;;;;;;;;;;;;;;;;;;;;;;;;;;;;;;;;;;;;;;;;;;;;
05:35:59;12;37;9999;062;999;09;111111111111000000000000;000000000000000000000000;11101000;000;_;e;10;001111001101000000000000;____;04;-06;079;011;-11;010;152;0425628977;;;;;;;;;;;;;;;;;;;;;;;;;;;;;;;;;;;;;;;;;;;;;;;;;;
05:38:48;12;38;9999;054;999;09;111111111111000000000000;000000000000000000000000;11101000;000;_;e;10;000000000001000000000000;____;12;001;083;004;001;009;029;0425628666;;;;;;;;;;;;;;;;;;;;;;;;;;;;;;;;;;;;;;;;;;;;;;;;;;
05:39:02;12;39;9999;053;999;09;111111111111000000000000;000000000000000000000000;11101000;000;_;e;10;010110001100000000000000;____;10;003;074;022;001;027;063;0425629368;;;;;;;;;;;;;;;;;;;;;;;;;;;;;;;;;;;;;;;;;;;;;;;;;;
05:39:22;12;40;9999;076;999;09;111111111111000000000000;000000000000000000000000;11101000;000;_;e;10;101101000000000000000000;____;04;044;097;021;012;047;034;0425629366;;;;;;;;;;;;;;;;;;;;;;;;;;;;;;;;;;;;;;;;;;;;;;;;;;
05:40:02;12;41;9999;062;999;09;111111111111000000000000;000000000000000000000000;11101000;000;_;e;10;010100000100000000000000;____;10;001;077;020;001;012;059;0425629370;;;;;;;;;;;;;;;;;;;;;;;;;;;;;;;;;;;;;;;;;;;;;;;;;;
05:41:52;12;42;9999;075;999;09;111111111111000000000000;000000000000000000000000;11101000;000;_;e;10;011100111000000000000000;____;04;041;071;038;035;049;119;0425628668;;;;;;;;;;;;;;;;;;;;;;;;;;;;;;;;;;;;;;;;;;;;;;;;;;
05:45:09;12;43;9999;075;999;09;111111111111000000000000;000000000000000000000000;11101000;000;_;e;10;001101001100000000000000;____;04;045;070;030;044;051;116;0425630475;;;;;;;;;;;;;;;;;;;;;;;;;;;;;;;;;;;;;;;;;;;;;;;;;;
05:46:56;12;44;9999;075;999;09;111111111111000000000000;000000000000000000000000;11101000;000;_;e;10;001011001000000000000000;____;03;065;077;004;061;071;085;0425629371;;;;;;;;;;;;;;;;;;;;;;;;;;;;;;;;;;;;;;;;;;;;;;;;;;
05:47:34;12;45;9999;076;999;09;111111111111000000000000;000000000000000000000000;11101000;000;_;e;10;011110000000000000000000;____;03;039;088;021;022;041;050;0425629674;;;;;;;;;;;;;;;;;;;;;;;;;;;;;;;;;;;;;;;;;;;;;;;;;;
05:49:47;12;46;9999;064;999;08;111111111111000000000000;000000000000000000000000;11101000;000;_;e;10;001111101100000000000000;____;04;034;029;018;028;035;074;0425631048;;;;;;;;;;;;;;;;;;;;;;;;;;;;;;;;;;;;;;;;;;;;;;;;;;
05:51:46;12;47;9999;076;999;09;111111111111000000000000;000000000000000000000000;11010000;000;_;;;;;;;;;;;;;;;;;;;;;;;;;;;;;;;;;;;;;;;;;;;;;;;;;;;;;;;;;;;;;;
05:51:54;12;48;9999;058;577;09;111111111111000000000000;000000000000000000000000;11101000;000;_;e;10;001110001101000000000000;____;03;-08;071;013;-15;-02;166;0425628978;;;;;;;;;;;;;;;;;;;;;;;;;;;;;;;;;;;;;;;;;;;;;;;;;;
05:53:15;12;49;9999;062;999;09;111111111111000000000000;000000000000000000000000;11101000;000;_;e;10;000100000101000000000000;____;10;002;080;004;-08;005;090;0425628671;;;;;;;;;;;;;;;;;;;;;;;;;;;;;;;;;;;;;;;;;;;;;;;;;;
05:54:02;12;50;9999;078;999;09;111111111111000000000000;000000000000000000000000;11101000;000;_;e;10;101100000000000000000000;____;03;040;091;033;037;043;041;0425629677;;;;;;;;;;;;;;;;;;;;;;;;;;;;;;;;;;;;;;;;;;;;;;;;;;
05:56:45;12;51;9999;052;999;09;111111111111000000000000;000000000000000000000000;11101000;000;_;e;10;000010110000000000000000;____;08;035;052;012;032;047;052;0425628981;;;;;;;;;;;;;;;;;;;;;;;;;;;;;;;;;;;;;;;;;;;;;;;;;;
05:58:45;12;52;9999;073;999;09;111111111111000000000000;000000000000000000000000;11101000;000;_;e;10;110000000000000000000000;____;01;041;101;014;015;042;063;0425629678;;;;;;;;;;;;;;;;;;;;;;;;;;;;;;;;;;;;;;;;;;;;;;;;;;
06:03:47;12;53;9999;075;999;09;111111111111000000000000;000000000000000000000000;11101000;000;_;e;10;001111101100000000000000;____;09;054;065;029;052;055;116;0425631050;;;;;;;;;;;;;;;;;;;;;;;;;;;;;;;;;;;;;;;;;;;;;;;;;;
06:04:00;12;54;9999;059;999;09;111111111111000000000000;000000000000000000000000;11101000;000;_;e;10;000110000110000000000000;____;05;039;049;005;037;042;077;0425629372;;;;;;;;;;;;;;;;;;;;;;;;;;;;;;;;;;;;;;;;;;;;;;;;;;
06:04:21;12;55;9999;075;999;09;111111111111000000000000;000000000000000000000000;11101000;000;_;e;10;001100000100000000000000;____;03;043;047;008;036;049;031;0425632504;;;;;;;;;;;;;;;;;;;;;;;;;;;;;;;;;;;;;;;;;;;;;;;;;;
06:04:39;12;56;9999;063;999;09;111111111111000000000000;000000000000000000000000;11101000;000;_;e;10;001111011100000000000000;____;05;035;046;018;034;063;073;0425629373;;;;;;;;;;;;;;;;;;;;;;;;;;;;;;;;;;;;;;;;;;;;;;;;;;
06:08:38;12;57;9999;054;999;09;111111111111000000000000;000000000000000000000000;11101000;000;_;e;10;001110001100000000000000;____;10;-01;076;025;-12;023;081;0425628492;;;;;;;;;;;;;;;;;;;;;;;;;;;;;;;;;;;;;;;;;;;;;;;;;;
06:08:59;12;58;9999;074;999;09;111111111111000000000000;000000000000000000000000;11101000;000;_;e;10;010011100100000000000000;____;02;062;071;036;024;062;069;0425631053;;;;;;;;;;;;;;;;;;;;;;;;;;;;;;;;;;;;;;;;;;;;;;;;;;
06:09:50;12;59;9999;061;999;09;111111111111000000000000;000000000000000000000000;11101000;000;_;e;10;110000000000000000000000;____;01;032;101;012;030;033;060;0425629688;;;;;;;;;;;;;;;;;;;;;;;;;;;;;;;;;;;;;;;;;;;;;;;;;;
06:12:32;12;60;9999;061;999;09;111111111111000000000000;000000000000000000000000;11101000;000;_;e;10;110000001101000000000000;____;02;028;100;010;010;029;043;0425629691;;;;;;;;;;;;;;;;;;;;;;;;;;;;;;;;;;;;;;;;;;;;;;;;;;
06:14:11;12;61;9999;075;999;08;111111111111000000000000;000000000000000000000000;11101000;000;_;e;10;001100000000000000000000;____;03;044;077;033;042;046;040;0425631055;;;;;;;;;;;;;;;;;;;;;;;;;;;;;;;;;;;;;;;;;;;;;;;;;;
06:15:27;12;62;9999;057;999;09;111111111111000000000000;000000000000000000000000;11101000;000;_;e;10;000110000101000000000000;____;10;-01;082;002;-11;001;096;0425631057;;;;;;;;;;;;;;;;;;;;;;;;;;;;;;;;;;;;;;;;;;;;;;;;;;
06:15:36;12;63;9999;059;656;09;111111111111000000000000;000000000000000000000000;11101000;000;_;e;10;110100001101000000000000;____;02;-02;083;005;-04;027;125;0425629695;;;;;;;;;;;;;;;;;;;;;;;;;;;;;;;;;;;;;;;;;;;;;;;;;;
06:16:19;12;64;9999;074;999;09;111111111111000000000000;000000000000000000000000;11101000;000;_;e;10;001010000100000000000000;____;03;029;059;034;027;033;056;0425628993;;;;;;;;;;;;;;;;;;;;;;;;;;;;;;;;;;;;;;;;;;;;;;;;;;
06:16:23;12;65;9999;074;278;09;111111111111000000000000;000000000000000000000000;11101000;000;_;e;10;000011110000000000000000;____;08;038;053;022;024;039;034;0425628995;;;;;;;;;;;;;;;;;;;;;;;;;;;;;;;;;;;;;;;;;;;;;;;;;;
06:17:06;12;66;9999;077;999;09;111111111111000000000000;000000000000000000000000;11101000;000;_;e;10;001100000100000000000000;____;04;040;075;034;039;042;041;0425632507;;;;;;;;;;;;;;;;;;;;;;;;;;;;;;;;;;;;;;;;;;;;;;;;;;
06:18:52;12;67;9999;074;999;09;111111111111000000000000;000000000000000000000000;11101000;000;_;e;10;000000000100000000000000;____;10;019;067;025;019;031;048;0425631059;;;;;;;;;;;;;;;;;;;;;;;;;;;;;;;;;;;;;;;;;;;;;;;;;;
06:19:19;12;68;9999;068;999;09;111111111111000000000000;000000000000000000000000;11101000;000;_;e;10;001011100100000000000000;____;10;065;082;020;030;066;042;0425628994;;;;;;;;;;;;;;;;;;;;;;;;;;;;;;;;;;;;;;;;;;;;;;;;;;
06:20:35;12;69;9999;054;999;09;111111111111000000000000;000000000000000000000000;11101000;000;_;e;10;001111000101000000000000;____;10;-06;073;005;-11;025;152;0425629699;;;;;;;;;;;;;;;;;;;;;;;;;;;;;;;;;;;;;;;;;;;;;;;;;;
06:21:17;12;70;9999;075;999;09;111111111111000000000000;000000000000000000000000;11101000;000;_;e;10;001111000100000000000000;____;06;033;054;028;031;038;056;0425629384;;;;;;;;;;;;;;;;;;;;;;;;;;;;;;;;;;;;;;;;;;;;;;;;;;
06:22:04;12;71;9999;069;999;09;111111111111000000000000;000000000000000000000000;11101000;000;_;e;10;000000000100000000000000;____;10;000;075;021;000;001;034;0425632801;;;;;;;;;;;;;;;;;;;;;;;;;;;;;;;;;;;;;;;;;;;;;;;;;;
06:22:38;12;72;9999;067;999;09;111111111111000000000000;000000000000000000000000;11010000;000;_;;;;;;;;;;;;;;;;;;;;;;;;;;;;;;;;;;;;;;;;;;;;;;;;;;;;;;;;;;;;;;
06:23:20;12;73;9999;075;999;09;111111111111000000000000;000000000000000000000000;11101000;000;_;e;10;110100000000000000000000;____;01;036;089;024;033;039;047;0425631060;;;;;;;;;;;;;;;;;;;;;;;;;;;;;;;;;;;;;;;;;;;;;;;;;;
06:24:04;12;74;9999;068;999;09;111111111111000000000000;000000000000000000000000;11101000;000;_;e;10;001111001101000000000000;____;10;-03;076;006;-08;012;139;0425632803;;;;;;;;;;;;;;;;;;;;;;;;;;;;;;;;;;;;;;;;;;;;;;;;;;
06:24:50;12;75;9999;076;999;09;111111111111000000000000;000000000000000000000000;11101000;000;_;e;10;111100000000000000000000;____;01;047;086;022;047;050;087;0425631061;;;;;;;;;;;;;;;;;;;;;;;;;;;;;;;;;;;;;;;;;;;;;;;;;;
06:26:47;12;76;9999;047;999;09;111111111111000000000000;000000000000000000000000;11101000;000;_;e;10;001111001100000000000000;____;04;055;081;028;021;059;051;0425632508;;;;;;;;;;;;;;;;;;;;;;;;;;;;;;;;;;;;;;;;;;;;;;;;;;
06:28:33;12;77;9999;062;999;09;111111111111000000000000;000000000000000000000000;11101000;000;_;e;10;100000001100000000000000;____;01;030;101;015;018;031;038;0425629389;;;;;;;;;;;;;;;;;;;;;;;;;;;;;;;;;;;;;;;;;;;;;;;;;;
06:30:41;12;78;9999;076;999;09;111111111111000000000000;000000000000000000000000;11101000;000;_;e;10;001110000100000000000000;____;04;008;077;024;007;010;090;0425628688;;;;;;;;;;;;;;;;;;;;;;;;;;;;;;;;;;;;;;;;;;;;;;;;;;
06:31:27;12;79;9999;052;999;09;111111111111000000000000;000000000000000000000000;11101000;000;_;e;10;000000000101000000000000;____;10;-11;072;010;-11;-08;050;0425633301;;;;;;;;;;;;;;;;;;;;;;;;;;;;;;;;;;;;;;;;;;;;;;;;;;
06:32:49;12;80;9999;049;999;09;111111111111000000000000;000000000000000000000000;11101000;000;_;e;10;000011110100000000000000;____;06;006;049;023;006;011;068;0425632511;;;;;;;;;;;;;;;;;;;;;;;;;;;;;;;;;;;;;;;;;;;;;;;;;;
06:34:18;12;81;9999;077;999;09;111111111111000000000000;000000000000000000000000;11101000;000;_;e;10;111111101000000000000000;____;07;031;045;029;030;044;092;0425627875;;;;;;;;;;;;;;;;;;;;;;;;;;;;;;;;;;;;;;;;;;;;;;;;;;
06:43:20;12;82;9999;051;999;09;111111111111000000000000;000000000000000000000000;11101000;000;_;e;10;010000000001000000000000;____;12;-03;083;004;-06;005;024;0425632514;;;;;;;;;;;;;;;;;;;;;;;;;;;;;;;;;;;;;;;;;;;;;;;;;;
06:46:41;12;83;9999;075;999;09;111111111111000000000000;000000000000000000000000;11101000;000;_;e;10;111101000000000000000000;____;04;033;086;021;031;044;092;0425627879;;;;;;;;;;;;;;;;;;;;;;;;;;;;;;;;;;;;;;;;;;;;;;;;;;
06:54:30;12;84;9999;074;999;09;111111111111000000000000;000000000000000000000000;11101000;000;_;e;10;001001101100000000000000;____;06;039;057;026;036;060;061;0425632815;;;;;;;;;;;;;;;;;;;;;;;;;;;;;;;;;;;;;;;;;;;;;;;;;;
06:54:51;12;85;9999;043;999;09;111111111111000000000000;000000000000000000000000;11101000;000;_;e;10;000011110000000000000000;____;08;021;053;019;019;023;069;0425627882;;;;;;;;;;;;;;;;;;;;;;;;;;;;;;;;;;;;;;;;;;;;;;;;;;
06:58:07;12;86;9999;052;999;09;111111111111000000000000;000000000000000000000000;11101000;000;_;e;10;000000001000000000000000;____;09;058;076;011;057;058;020;0425627887;;;;;;;;;;;;;;;;;;;;;;;;;;;;;;;;;;;;;;;;;;;;;;;;;;
07:11:53;12;87;9999;084;999;09;111111111111000000000000;000000000000000000000000;11101000;000;_;e;10;000000111100000000000000;____;07;053;035;010;033;053;050;0425634101;;;;;;;;;;;;;;;;;;;;;;;;;;;;;;;;;;;;;;;;;;;;;;;;;;
07:46:02;12;88;9999;054;999;09;111111111111000000000000;000000000000000000000000;11101000;000;_;e;10;000100000100000000000000;____;10;000;074;019;000;019;071;0425627896;;;;;;;;;;;;;;;;;;;;;;;;;;;;;;;;;;;;;;;;;;;;;;;;;;
07:57:44;12;89;9999;057;999;08;111111111111000000000000;000000000000000000000000;11101000;000;_;e;10;110110000001000000000000;____;02;039;099;014;012;043;025;0425632421;;;;;;;;;;;;;;;;;;;;;;;;;;;;;;;;;;;;;;;;;;;;;;;;;;
08:10:02;12;90;9999;075;999;09;111111111111000000000000;000000000000000000000000;11101000;000;_;e;10;000000001000000000000000;____;09;041;071;030;041;041;002;0425632428;;;;;;;;;;;;;;;;;;;;;;;;;;;;;;;;;;;;;;;;;;;;;;;;;;
08:16:57;12;91;9999;063;999;09;111111111111000000000000;000000000000000000000000;11101000;000;_;e;10;110000000000000000000000;____;01;033;102;010;033;034;072;0425632442;;;;;;;;;;;;;;;;;;;;;;;;;;;;;;;;;;;;;;;;;;;;;;;;;;
08:17:31;12;92;9999;056;999;09;111111111111000000000000;000000000000000000000000;11101000;000;_;e;10;110000000100000000000000;____;01;034;101;008;004;035;038;0425632443;;;;;;;;;;;;;;;;;;;;;;;;;;;;;;;;;;;;;;;;;;;;;;;;;;
08:20:05;12;93;9999;077;999;09;111111111111000000000000;000000000000000000000000;11101000;000;_;e;10;110000000100000000000000;____;01;033;099;006;001;034;035;0425634124;;;;;;;;;;;;;;;;;;;;;;;;;;;;;;;;;;;;;;;;;;;;;;;;;;
08:28:37;12;94;9999;071;999;09;111111111111000000000000;000000000000000000000000;11101000;000;_;e;10;111000000001000000000000;____;03;049;094;009;042;049;073;0425634130;;;;;;;;;;;;;;;;;;;;;;;;;;;;;;;;;;;;;;;;;;;;;;;;;;
08:31:24;12;95;9999;076;999;09;111111111111000000000000;000000000000000000000000;11010000;000;_;;;;;;;;;;;;;;;;;;;;;;;;;;;;;;;;;;;;;;;;;;;;;;;;;;;;;;;;;;;;;;
08:31:26;12;96;9999;075;135;09;111111111111000000000000;000000000000000000000000;11101000;000;_;e;10;000111110000000000000000;____;06;049;057;023;049;052;047;0425634132;;;;;;;;;;;;;;;;;;;;;;;;;;;;;;;;;;;;;;;;;;;;;;;;;;
08:33:32;12;97;9999;076;999;09;111111111111000000000000;000000000000000000000000;11101000;000;_;e;10;001111001100000000000000;____;04;024;055;030;017;025;141;0425634134;;;;;;;;;;;;;;;;;;;;;;;;;;;;;;;;;;;;;;;;;;;;;;;;;;
08:48:39;12;98;9999;077;999;09;111111111111000000000000;000000000000000000000000;11010000;000;_;;;;;;;;;;;;;;;;;;;;;;;;;;;;;;;;;;;;;;;;;;;;;;;;;;;;;;;;;;;;;;
08:49:21;12;99;9999;075;999;09;111111111111000000000000;000000000000000000000000;11101000;000;_;e;10;001111001100000000000000;____;04;024;065;020;017;031;104;0425632468;;;;;;;;;;;;;;;;;;;;;;;;;;;;;;;;;;;;;;;;;;;;;;;;;;
08:55:19;12;01;9999;063;999;09;111111111111000000000000;000000000000000000000000;11101000;000;_;e;10;000011110000000000000000;____;06;044;058;017;043;047;037;0425634143;;;;;;;;;;;;;;;;;;;;;;;;;;;;;;;;;;;;;;;;;;;;;;;;;;
09:12:39;12;02;9999;055;999;09;111111111111000000000000;000000000000000000000000;11101000;000;_;e;10;000111111100000000000000;____;10;030;055;018;030;035;141;0425632473;;;;;;;;;;;;;;;;;;;;;;;;;;;;;;;;;;;;;;;;;;;;;;;;;;
09:39:19;12;03;9999;075;999;09;111111111111000000000000;000000000000000000000000;11101000;000;_;e;10;001111000100000000000000;____;10;032;057;026;028;032;100;0425634157;;;;;;;;;;;;;;;;;;;;;;;;;;;;;;;;;;;;;;;;;;;;;;;;;;
09:51:30;12;04;9999;065;999;09;111111111111000000000000;000000000000000000000000;11101000;000;_;e;10;000011000010000000000000;____;05;030;047;006;030;031;093;0425633002;;;;;;;;;;;;;;;;;;;;;;;;;;;;;;;;;;;;;;;;;;;;;;;;;;
10:33:16;12;05;9999;075;999;09;111111111111000000000000;000000000000000000000000;11101000;000;_;e;10;000000000100000000000000;____;10;048;083;036;048;050;031;0425630484;;;;;;;;;;;;;;;;;;;;;;;;;;;;;;;;;;;;;;;;;;;;;;;;;;
10:37:46;12;06;9999;055;999;09;111111111111000000000000;000000000000000000000000;11101000;000;_;e;10;001100001001000000000000;____;09;065;073;003;064;075;083;0425630485;;;;;;;;;;;;;;;;;;;;;;;;;;;;;;;;;;;;;;;;;;;;;;;;;;
10:40:54;12;07;9999;067;999;09;111111111111000000000000;000000000000000000000000;11101000;000;_;e;10;101111001000000000000000;____;03;066;077;007;061;075;107;0425630489;;;;;;;;;;;;;;;;;;;;;;;;;;;;;;;;;;;;;;;;;;;;;;;;;;
10:51:17;12;08;9999;056;999;09;111111111111000000000000;000000000000000000000000;11101000;000;_;e;10;001101001100000000000000;____;09;070;077;010;037;071;095;0425632935;;;;;;;;;;;;;;;;;;;;;;;;;;;;;;;;;;;;;;;;;;;;;;;;;;
10:51:30;12;09;9999;068;999;09;111111111111000000000000;000000000000000000000000;11101000;000;_;e;10;011110000101000000000000;____;10;007;088;008;-04;026;081;0425632933;;;;;;;;;;;;;;;;;;;;;;;;;;;;;;;;;;;;;;;;;;;;;;;;;;
11:02:06;12;10;9999;073;999;09;111111111111000000000000;000000000000000000000000;11101000;000;_;e;10;001111001100000000000000;____;06;030;064;033;025;035;175;0425630495;;;;;;;;;;;;;;;;;;;;;;;;;;;;;;;;;;;;;;;;;;;;;;;;;;
11:08:59;12;11;9999;060;999;09;111111111111000000000000;000000000000000000000000;11101000;000;_;e;10;000011100100000000000000;____;05;029;084;037;028;043;040;0425633314;;;;;;;;;;;;;;;;;;;;;;;;;;;;;;;;;;;;;;;;;;;;;;;;;;
11:10:29;12;12;9999;062;999;09;111111111111000000000000;000000000000000000000000;11101000;000;_;e;10;110100000001000000000000;____;01;047;099;009;043;055;089;0425633315;;;;;;;;;;;;;;;;;;;;;;;;;;;;;;;;;;;;;;;;;;;;;;;;;;
11:11:51;12;13;9999;080;999;09;111111111111000000000000;000000000000000000000000;11101000;000;_;e;10;000111001100000000000000;____;05;031;042;036;027;036;109;0425633313;;;;;;;;;;;;;;;;;;;;;;;;;;;;;;;;;;;;;;;;;;;;;;;;;;
11:13:25;12;14;9999;074;999;09;111111111111000000000000;000000000000000000000000;11010000;000;_;;;;;;;;;;;;;;;;;;;;;;;;;;;;;;;;;;;;;;;;;;;;;;;;;;;;;;;;;;;;;;
11:18:48;12;15;9999;058;999;09;111111111111000000000000;000000000000000000000000;11101000;000;_;e;10;001001001001000000000000;____;09;068;072;014;063;070;068;0425633320;;;;;;;;;;;;;;;;;;;;;;;;;;;;;;;;;;;;;;;;;;;;;;;;;;
11:21:34;12;16;9999;058;999;09;111111111111000000000000;000000000000000000000000;11101000;000;_;e;10;110000000000000000000000;____;01;033;101;014;033;039;057;0425633017;;;;;;;;;;;;;;;;;;;;;;;;;;;;;;;;;;;;;;;;;;;;;;;;;;
11:24:05;12;17;9999;074;999;09;111111111111000000000000;000000000000000000000000;11101000;000;_;e;10;000111000000000000000000;____;05;005;075;007;005;010;009;0425633325;;;;;;;;;;;;;;;;;;;;;;;;;;;;;;;;;;;;;;;;;;;;;;;;;;
11:37:29;12;18;9999;074;999;08;111111111111000000000000;000000000000000000000000;11101000;000;_;e;10;001111001100000000000000;____;10;049;066;036;047;052;192;0425632530;;;;;;;;;;;;;;;;;;;;;;;;;;;;;;;;;;;;;;;;;;;;;;;;;;
11:41:31;12;19;9999;053;999;09;111111111111000000000000;000000000000000000000000;11101000;000;_;e;10;110000000100000000000000;____;01;039;101;005;034;045;042;0425633023;;;;;;;;;;;;;;;;;;;;;;;;;;;;;;;;;;;;;;;;;;;;;;;;;;
11:49:12;12;20;9999;075;999;09;111111111111000000000000;000000000000000000000000;11101000;000;_;e;10;001111001100000000000000;____;04;050;053;025;028;053;067;0425633025;;;;;;;;;;;;;;;;;;;;;;;;;;;;;;;;;;;;;;;;;;;;;;;;;;
11:56:45;12;21;9999;078;999;09;111111111111000000000000;000000000000000000000000;11101000;000;_;e;10;001111001100000000000000;____;06;046;067;034;040;050;182;0425633126;;;;;;;;;;;;;;;;;;;;;;;;;;;;;;;;;;;;;;;;;;;;;;;;;;
12:12:55;12;22;9999;076;999;09;111111111111000000000000;000000000000000000000000;11101000;000;_;e;10;001101001000000000000000;____;09;049;054;026;043;049;081;0425633244;;;;;;;;;;;;;;;;;;;;;;;;;;;;;;;;;;;;;;;;;;;;;;;;;;
12:28:13;12;23;9999;054;999;09;111111111111000000000000;000000000000000000000000;11101000;000;_;e;10;001001000100000000000000;____;10;-02;069;022;-02;030;022;0425628692;;;;;;;;;;;;;;;;;;;;;;;;;;;;;;;;;;;;;;;;;;;;;;;;;;
12:30:25;12;24;9999;074;999;09;111111111111000000000000;000000000000000000000000;11101000;000;_;e;10;111100000000000000000000;____;03;050;081;024;046;051;064;0425628694;;;;;;;;;;;;;;;;;;;;;;;;;;;;;;;;;;;;;;;;;;;;;;;;;;
12:35:32;12;25;9999;075;999;09;111111111111000000000000;000000000000000000000000;11101000;000;_;e;10;001111001100000000000000;____;03;046;068;028;042;050;144;0425628696;;;;;;;;;;;;;;;;;;;;;;;;;;;;;;;;;;;;;;;;;;;;;;;;;;
12:44:55;12;26;9999;078;999;09;111111111111000000000000;000000000000000000000000;11101000;000;_;e;10;001111001100000000000000;____;03;045;062;030;039;050;141;0425632560;;;;;;;;;;;;;;;;;;;;;;;;;;;;;;;;;;;;;;;;;;;;;;;;;;
13:02:23;12;27;9999;077;999;09;111111111111000000000000;000000000000000000000000;11101000;000;_;e;10;001110000100000000000000;____;03;019;069;030;019;023;063;0425632565;;;;;;;;;;;;;;;;;;;;;;;;;;;;;;;;;;;;;;;;;;;;;;;;;;
13:02:51;12;28;9999;055;999;08;111111111111000000000000;000000000000000000000000;11101000;000;_;e;10;111100001100000000000000;____;03;028;087;041;019;031;106;0425628699;;;;;;;;;;;;;;;;;;;;;;;;;;;;;;;;;;;;;;;;;;;;;;;;;;
13:43:22;12;29;9999;064;999;09;111111111111000000000000;000000000000000000000000;11010000;000;_;;;;;;;;;;;;;;;;;;;;;;;;;;;;;;;;;;;;;;;;;;;;;;;;;;;;;;;;;;;;;;
13:56:57;12;30;9999;064;999;08;111111111111000000000000;000000000000000000000000;11101000;000;_;e;10;100010000000000000000000;____;01;-02;097;022;-02;020;013;0425634204;;;;;;;;;;;;;;;;;;;;;;;;;;;;;;;;;;;;;;;;;;;;;;;;;;
14:00:36;12;31;9999;057;999;09;111111111111000000000000;000000000000000000000000;11101000;000;_;e;10;000010000001000000000000;____;05;042;057;004;042;044;038;0425634205;;;;;;;;;;;;;;;;;;;;;;;;;;;;;;;;;;;;;;;;;;;;;;;;;;
14:01:53;12;32;9999;076;999;09;111111111111000000000000;000000000000000000000000;11101000;000;_;e;10;001111001100000000000000;____;06;041;065;029;039;044;100;0425634206;;;;;;;;;;;;;;;;;;;;;;;;;;;;;;;;;;;;;;;;;;;;;;;;;;
14:23:26;12;33;9999;073;999;08;111111111111000000000000;000000000000000000000000;11101000;000;_;e;10;110000000000000000000000;____;01;040;102;012;039;041;066;0425634216;;;;;;;;;;;;;;;;;;;;;;;;;;;;;;;;;;;;;;;;;;;;;;;;;;
15:29:43;12;34;9999;075;999;08;111111111111000000000000;000000000000000000000000;11101000;000;_;e;10;100101001100000000000000;____;09;053;070;034;044;057;066;0425632481;;;;;;;;;;;;;;;;;;;;;;;;;;;;;;;;;;;;;;;;;;;;;;;;;;
15:48:48;12;35;9999;060;999;08;111111111111000000000000;000000000000000000000000;11101000;000;_;e;10;110000000000000000000000;____;01;034;101;014;032;034;034;0425632488;;;;;;;;;;;;;;;;;;;;;;;;;;;;;;;;;;;;;;;;;;;;;;;;;;
15:54:09;12;36;9999;074;999;09;111111111111000000000000;000000000000000000000000;11101000;000;_;e;10;000000000100000000000000;____;10;013;062;023;013;014;046;0425634159;;;;;;;;;;;;;;;;;;;;;;;;;;;;;;;;;;;;;;;;;;;;;;;;;;
15:54:14;12;37;9999;293;359;09;111111111111000000000000;000000000000000000000000;11101000;000;_;e;10;100000000000000000000000;____;01;270;096;021;270;270;002;0425632853;;;;;;;;;;;;;;;;;;;;;;;;;;;;;;;;;;;;;;;;;;;;;;;;;;
15:59:25;12;38;9999;075;999;08;111111111111000000000000;000000000000000000000000;11101000;000;_;e;10;000110000100000000000000;____;10;039;074;035;035;051;027;0425634164;;;;;;;;;;;;;;;;;;;;;;;;;;;;;;;;;;;;;;;;;;;;;;;;;;
16:02:12;12;39;9999;073;999;09;111111111111000000000000;000000000000000000000000;11101000;000;_;e;10;000111110000000000000000;____;05;046;041;018;046;050;066;0425632855;;;;;;;;;;;;;;;;;;;;;;;;;;;;;;;;;;;;;;;;;;;;;;;;;;
16:04:06;12;40;9999;079;999;08;111111111111000000000000;000000000000000000000000;11101000;000;_;e;10;110101001100000000000000;____;02;051;096;024;047;057;092;0425632857;;;;;;;;;;;;;;;;;;;;;;;;;;;;;;;;;;;;;;;;;;;;;;;;;;
16:05:48;12;41;9999;055;999;09;111111111111000000000000;000000000000000000000000;11101000;000;_;e;10;111000000000000000000000;____;01;036;100;019;018;037;023;0425632946;;;;;;;;;;;;;;;;;;;;;;;;;;;;;;;;;;;;;;;;;;;;;;;;;;
16:06:19;12;42;9999;077;999;09;111111111111000000000000;000000000000000000000000;11101000;000;_;e;10;101111101100000000000000;____;10;027;075;034;024;040;204;0425632858;;;;;;;;;;;;;;;;;;;;;;;;;;;;;;;;;;;;;;;;;;;;;;;;;;
16:07:14;12;43;9999;083;999;09;111111111111000000000000;000000000000000000000000;11101000;000;_;e;10;011111001100000000000000;____;10;031;077;030;025;037;167;0425632859;;;;;;;;;;;;;;;;;;;;;;;;;;;;;;;;;;;;;;;;;;;;;;;;;;
16:07:31;12;44;9999;080;999;09;111111111111000000000000;000000000000000000000000;11101000;000;_;e;10;000011110100000000000000;____;06;025;049;023;024;040;078;0425632860;;;;;;;;;;;;;;;;;;;;;;;;;;;;;;;;;;;;;;;;;;;;;;;;;;
16:08:44;12;45;9999;072;999;09;111111111111000000000000;000000000000000000000000;11101000;000;_;e;10;110000000101000000000000;____;02;041;098;008;003;044;048;0425632947;;;;;;;;;;;;;;;;;;;;;;;;;;;;;;;;;;;;;;;;;;;;;;;;;;
16:16:16;12;46;9999;074;999;08;111111111111000000000000;000000000000000000000000;11101000;000;_;e;10;001111001100000000000000;____;03;048;060;032;047;051;168;0425632949;;;;;;;;;;;;;;;;;;;;;;;;;;;;;;;;;;;;;;;;;;;;;;;;;;
16:17:42;12;47;9999;074;999;09;111111111111000000000000;000000000000000000000000;11101000;000;_;e;10;111101001100000000000000;____;04;041;073;028;037;045;084;0425632950;;;;;;;;;;;;;;;;;;;;;;;;;;;;;;;;;;;;;;;;;;;;;;;;;;
16:20:33;12;48;9999;080;999;09;111111111111000000000000;000000000000000000000000;11101000;000;_;e;10;000110101000000000000000;____;05;042;060;026;041;046;094;0425633157;;;;;;;;;;;;;;;;;;;;;;;;;;;;;;;;;;;;;;;;;;;;;;;;;;
16:20:58;12;49;9999;075;999;09;111111111111000000000000;000000000000000000000000;11101000;000;_;e;10;011100111000000000000000;____;04;057;072;026;031;064;107;0425633158;;;;;;;;;;;;;;;;;;;;;;;;;;;;;;;;;;;;;;;;;;;;;;;;;;
16:24:49;12;50;9999;076;999;09;111111111111000000000000;000000000000000000000000;11101000;000;_;e;10;011110001100000000000000;____;10;037;069;017;035;062;088;0425633365;;;;;;;;;;;;;;;;;;;;;;;;;;;;;;;;;;;;;;;;;;;;;;;;;;
16:32:33;12;51;9999;054;999;09;111111111111000000000000;000000000000000000000000;11101000;000;_;e;10;111100000100000000000000;____;01;024;094;035;023;040;052;0425634175;;;;;;;;;;;;;;;;;;;;;;;;;;;;;;;;;;;;;;;;;;;;;;;;;;
16:36:54;12;52;9999;057;999;09;111111111111000000000000;000000000000000000000000;11101000;000;_;e;10;000110000100000000000000;____;10;004;076;017;-01;009;043;0425633370;;;;;;;;;;;;;;;;;;;;;;;;;;;;;;;;;;;;;;;;;;;;;;;;;;
16:36:58;12;53;9999;055;279;09;111111111111000000000000;000000000000000000000000;11101000;000;_;e;10;000000000101000000000000;____;10;002;077;014;002;004;008;0425634176;;;;;;;;;;;;;;;;;;;;;;;;;;;;;;;;;;;;;;;;;;;;;;;;;;
16:43:14;12;54;9999;075;999;09;111111111111000000000000;000000000000000000000000;11101000;000;_;e;10;001111001100000000000000;____;09;048;073;020;022;049;231;0425633161;;;;;;;;;;;;;;;;;;;;;;;;;;;;;;;;;;;;;;;;;;;;;;;;;;
16:43:47;12;55;9999;054;999;09;111111111111000000000000;000000000000000000000000;11101000;000;_;e;10;001111001100000000000000;____;10;-10;080;010;-12;019;065;0425633249;;;;;;;;;;;;;;;;;;;;;;;;;;;;;;;;;;;;;;;;;;;;;;;;;;
16:45:39;12;56;9999;076;999;08;111111111111000000000000;000000000000000000000000;11101000;000;_;e;10;011111001100000000000000;____;09;053;064;038;046;053;106;0425632882;;;;;;;;;;;;;;;;;;;;;;;;;;;;;;;;;;;;;;;;;;;;;;;;;;
16:46:22;12;57;9999;075;999;09;111111111111000000000000;000000000000000000000000;11101000;000;_;e;10;000101001000000000000000;____;09;053;058;022;050;053;039;0425632883;;;;;;;;;;;;;;;;;;;;;;;;;;;;;;;;;;;;;;;;;;;;;;;;;;
17:03:21;12;58;9999;063;999;09;111111111111000000000000;000000000000000000000000;11101000;000;_;e;10;100000000001000000000000;____;01;030;100;009;021;031;049;0425633376;;;;;;;;;;;;;;;;;;;;;;;;;;;;;;;;;;;;;;;;;;;;;;;;;;
17:09:18;12;59;9999;075;999;09;111111111111000000000000;000000000000000000000000;11101000;000;_;e;10;001111001100000000000000;____;06;033;058;031;032;037;123;0425634230;;;;;;;;;;;;;;;;;;;;;;;;;;;;;;;;;;;;;;;;;;;;;;;;;;
17:09:22;12;60;9999;075;274;09;111111111111000000000000;000000000000000000000000;11101000;000;_;e;10;001010000100000000000000;____;05;043;059;025;042;044;110;0425634229;;;;;;;;;;;;;;;;;;;;;;;;;;;;;;;;;;;;;;;;;;;;;;;;;;
17:17:07;12;61;9999;061;999;09;111111111111000000000000;000000000000000000000000;11101000;000;_;e;10;000000100100000000000000;____;10;006;075;017;006;024;040;0425632570;;;;;;;;;;;;;;;;;;;;;;;;;;;;;;;;;;;;;;;;;;;;;;;;;;
17:17:16;12;62;9999;075;667;09;111111111111000000000000;000000000000000000000000;11101000;000;_;e;10;001111001100000000000000;____;10;060;072;012;026;061;145;0425632571;;;;;;;;;;;;;;;;;;;;;;;;;;;;;;;;;;;;;;;;;;;;;;;;;;
17:19:45;12;63;9999;077;999;09;111111111111000000000000;000000000000000000000000;11101000;000;_;e;10;001111001100000000000000;____;10;034;066;044;015;057;149;0425639700;;;;;;;;;;;;;;;;;;;;;;;;;;;;;;;;;;;;;;;;;;;;;;;;;;
17:22:57;12;64;9999;074;999;09;111111111111000000000000;000000000000000000000000;11101000;000;_;e;10;001111001100000000000000;____;03;-04;052;018;-04;021;129;0425633048;;;;;;;;;;;;;;;;;;;;;;;;;;;;;;;;;;;;;;;;;;;;;;;;;;
17:26:01;12;65;9999;058;999;09;111111111111000000000000;000000000000000000000000;11101000;000;_;e;10;001111000101000000000000;____;10;-01;077;006;-06;024;123;0425634184;;;;;;;;;;;;;;;;;;;;;;;;;;;;;;;;;;;;;;;;;;;;;;;;;;
17:26:30;12;66;9999;076;999;09;111111111111000000000000;000000000000000000000000;11101000;000;_;e;10;111111001100000000000000;____;06;026;076;030;011;038;114;0425633166;;;;;;;;;;;;;;;;;;;;;;;;;;;;;;;;;;;;;;;;;;;;;;;;;;
17:30:46;12;67;9999;075;999;09;111111111111000000000000;000000000000000000000000;11101000;000;_;e;10;110100000100000000000000;____;02;037;090;020;030;053;059;0425633167;;;;;;;;;;;;;;;;;;;;;;;;;;;;;;;;;;;;;;;;;;;;;;;;;;
17:34:15;12;68;9999;058;999;09;111111111111000000000000;000000000000000000000000;11101000;000;_;e;10;010100001101000000000000;____;10;002;085;003;-04;049;112;0425632573;;;;;;;;;;;;;;;;;;;;;;;;;;;;;;;;;;;;;;;;;;;;;;;;;;
17:37:32;12;69;9999;073;999;09;111111111111000000000000;000000000000000000000000;11101000;000;_;e;10;001101001100000000000000;____;09;059;076;012;015;059;076;0425632967;;;;;;;;;;;;;;;;;;;;;;;;;;;;;;;;;;;;;;;;;;;;;;;;;;
17:38:15;12;70;9999;075;999;09;111111111111000000000000;000000000000000000000000;11101000;000;_;e;10;000100000100000000000000;____;04;011;069;019;006;011;076;0425633170;;;;;;;;;;;;;;;;;;;;;;;;;;;;;;;;;;;;;;;;;;;;;;;;;;
17:39:06;12;71;9999;074;999;09;111111111111000000000000;000000000000000000000000;11101000;000;_;e;10;101100000000000000000000;____;04;007;072;004;007;035;051;0425633171;;;;;;;;;;;;;;;;;;;;;;;;;;;;;;;;;;;;;;;;;;;;;;;;;;
17:43:30;12;72;9999;068;999;08;111111111111000000000000;000000000000000000000000;11010000;000;_;;;;;;;;;;;;;;;;;;;;;;;;;;;;;;;;;;;;;;;;;;;;;;;;;;;;;;;;;;;;;;
17:49:20;12;73;9999;074;999;09;111111111111000000000000;000000000000000000000000;11101000;000;_;e;10;001010001100000000000000;____;03;036;069;025;034;037;096;0425639714;;;;;;;;;;;;;;;;;;;;;;;;;;;;;;;;;;;;;;;;;;;;;;;;;;
17:51:20;12;74;9999;074;999;09;111111111111000000000000;000000000000000000000000;11101000;000;_;e;10;110000000001000000000000;____;01;039;101;014;038;045;066;0425639720;;;;;;;;;;;;;;;;;;;;;;;;;;;;;;;;;;;;;;;;;;;;;;;;;;
18:02:59;12;75;9999;075;999;09;111111111111000000000000;000000000000000000000000;11101000;000;_;e;10;000000001100000000000000;____;10;035;087;010;029;035;032;0425633185;;;;;;;;;;;;;;;;;;;;;;;;;;;;;;;;;;;;;;;;;;;;;;;;;;
18:06:33;12;76;9999;076;999;09;111111111111000000000000;000000000000000000000000;11101000;000;_;e;10;110010000000000000000000;____;01;052;087;008;024;053;041;0425633067;;;;;;;;;;;;;;;;;;;;;;;;;;;;;;;;;;;;;;;;;;;;;;;;;;
18:07:33;12;77;9999;075;999;09;111111111111000000000000;000000000000000000000000;11101000;000;_;e;10;000111001000000000000000;____;05;039;059;033;031;042;079;0425639733;;;;;;;;;;;;;;;;;;;;;;;;;;;;;;;;;;;;;;;;;;;;;;;;;;
18:11:44;12;78;9999;056;999;09;111111111111000000000000;000000000000000000000000;11101000;000;_;e;10;011111001100000000000000;____;05;061;077;009;037;064;113;0425639735;;;;;;;;;;;;;;;;;;;;;;;;;;;;;;;;;;;;;;;;;;;;;;;;;;
18:13:19;12;79;9999;075;999;09;111111111111000000000000;000000000000000000000000;11101000;000;_;e;10;001111001100000000000000;____;10;028;074;026;028;056;158;0425640001;;;;;;;;;;;;;;;;;;;;;;;;;;;;;;;;;;;;;;;;;;;;;;;;;;
18:22:16;12;80;9999;074;999;09;111111111111000000000000;000000000000000000000000;11101000;000;_;e;10;101110001100000000000000;____;10;049;070;046;036;051;104;0425633071;;;;;;;;;;;;;;;;;;;;;;;;;;;;;;;;;;;;;;;;;;;;;;;;;;
18:43:33;12;81;9999;076;999;08;111111111111000000000000;000000000000000000000000;11101000;000;_;e;10;001111001000000000000000;____;05;038;058;032;037;056;084;0425640210;;;;;;;;;;;;;;;;;;;;;;;;;;;;;;;;;;;;;;;;;;;;;;;;;;
18:48:24;12;82;9999;057;999;09;111111111111000000000000;000000000000000000000000;11101000;000;_;e;10;111110000101000000000000;____;10;-07;084;003;-15;010;184;0425632583;;;;;;;;;;;;;;;;;;;;;;;;;;;;;;;;;;;;;;;;;;;;;;;;;;
18:50:20;12;83;9999;076;999;09;111111111111000000000000;000000000000000000000000;11101000;000;_;e;10;000011100100000000000000;____;05;049;064;025;034;051;015;0425640216;;;;;;;;;;;;;;;;;;;;;;;;;;;;;;;;;;;;;;;;;;;;;;;;;;
19:13:16;12;84;9999;078;999;09;111111111111000000000000;000000000000000000000000;11101000;000;_;e;10;001111101100000000000000;____;10;030;069;025;027;051;225;0425640225;;;;;;;;;;;;;;;;;;;;;;;;;;;;;;;;;;;;;;;;;;;;;;;;;;
19:14:31;12;85;9999;076;999;08;111111111111000000000000;000000000000000000000000;11101000;000;_;e;10;000001000000000000000000;____;06;043;064;011;043;043;003;0425640226;;;;;;;;;;;;;;;;;;;;;;;;;;;;;;;;;;;;;;;;;;;;;;;;;;
19:15:26;12;86;9999;051;999;09;111111111111000000000000;000000000000000000000000;11101000;000;_;e;10;111000000000000000000000;____;02;029;094;005;005;031;042;0425632591;;;;;;;;;;;;;;;;;;;;;;;;;;;;;;;;;;;;;;;;;;;;;;;;;;
19:22:13;12;87;9999;060;999;09;111111111111000000000000;000000000000000000000000;11101000;000;_;e;10;000000000100000000000000;____;10;001;075;020;001;004;034;0425632592;;;;;;;;;;;;;;;;;;;;;;;;;;;;;;;;;;;;;;;;;;;;;;;;;;
19:26:54;12;88;9999;076;999;09;111111111111000000000000;000000000000000000000000;11101000;000;_;e;10;001110000101000000000000;____;10;-01;071;006;-07;031;076;0425639758;;;;;;;;;;;;;;;;;;;;;;;;;;;;;;;;;;;;;;;;;;;;;;;;;;
19:38:14;12;89;9999;079;999;09;111111111111000000000000;000000000000000000000000;11101000;000;_;e;10;000111101000000000000000;____;04;046;060;058;-03;046;082;0425640307;;;;;;;;;;;;;;;;;;;;;;;;;;;;;;;;;;;;;;;;;;;;;;;;;;
20:23:58;12;90;9999;074;999;09;111111111111000000000000;000000000000000000000000;11101000;000;_;e;10;101100000100000000000000;____;04;033;082;029;005;035;044;0425634243;;;;;;;;;;;;;;;;;;;;;;;;;;;;;;;;;;;;;;;;;;;;;;;;;;
20:24:46;12;91;9999;076;999;08;111111111111000000000000;000000000000000000000000;11101000;000;_;e;10;001110000000000000000000;____;04;038;076;045;038;058;069;0425634246;;;;;;;;;;;;;;;;;;;;;;;;;;;;;;;;;;;;;;;;;;;;;;;;;;
20:24:55;12;92;9999;074;624;09;111111111111000000000000;000000000000000000000000;11101000;000;_;e;10;011111001100000000000000;____;05;041;063;035;023;043;133;0425634245;;;;;;;;;;;;;;;;;;;;;;;;;;;;;;;;;;;;;;;;;;;;;;;;;;
20:26:03;12;93;9999;076;999;09;111111111111000000000000;000000000000000000000000;11101000;000;_;e;10;011110110100000000000000;____;04;053;056;049;045;054;092;0425634248;;;;;;;;;;;;;;;;;;;;;;;;;;;;;;;;;;;;;;;;;;;;;;;;;;
20:28:28;12;94;9999;056;999;09;111111111111000000000000;000000000000000000000000;11101000;000;_;e;10;110010000100000000000000;____;01;021;097;016;017;028;051;0425634242;;;;;;;;;;;;;;;;;;;;;;;;;;;;;;;;;;;;;;;;;;;;;;;;;;
20:31:06;12;95;9999;074;999;09;111111111111000000000000;000000000000000000000000;11101000;000;_;e;10;110100001100000000000000;____;10;006;077;012;002;046;055;0425640010;;;;;;;;;;;;;;;;;;;;;;;;;;;;;;;;;;;;;;;;;;;;;;;;;;
20:31:27;12;96;9999;077;999;08;111111111111000000000000;000000000000000000000000;11101000;000;_;e;10;001100001000000000000000;____;09;001;076;025;-02;001;052;0425640012;;;;;;;;;;;;;;;;;;;;;;;;;;;;;;;;;;;;;;;;;;;;;;;;;;
20:33:52;12;97;9999;058;999;09;111111111111000000000000;000000000000000000000000;11101000;000;_;e;10;101111001101000000000000;____;04;-03;083;010;-11;027;136;0425641501;;;;;;;;;;;;;;;;;;;;;;;;;;;;;;;;;;;;;;;;;;;;;;;;;;
20:48:50;12;98;9999;058;999;09;111111111111000000000000;000000000000000000000000;11101000;000;_;e;10;001011001100000000000000;____;09;-10;078;009;-14;042;082;0425632989;;;;;;;;;;;;;;;;;;;;;;;;;;;;;;;;;;;;;;;;;;;;;;;;;;
20:51:23;12;99;9999;075;999;09;111111111111000000000000;000000000000000000000000;11101000;000;_;e;10;001110101100000000000000;____;04;053;071;047;048;054;112;0425632992;;;;;;;;;;;;;;;;;;;;;;;;;;;;;;;;;;;;;;;;;;;;;;;;;;
20:53:01;12;01;9999;075;999;09;111111111111000000000000;000000000000000000000000;11101000;000;_;e;10;111100000000000000000000;____;04;039;079;021;036;041;132;0425634257;;;;;;;;;;;;;;;;;;;;;;;;;;;;;;;;;;;;;;;;;;;;;;;;;;
20:53:31;12;02;9999;075;999;09;111111111111000000000000;000000000000000000000000;11101000;000;_;e;10;000000001100000000000000;____;09;074;060;018;034;074;044;0425641508;;;;;;;;;;;;;;;;;;;;;;;;;;;;;;;;;;;;;;;;;;;;;;;;;;
20:53:40;12;03;9999;077;691;09;111111111111000000000000;000000000000000000000000;11101000;000;_;e;10;001111001000000000000000;____;05;040;063;019;040;045;065;0425634258;;;;;;;;;;;;;;;;;;;;;;;;;;;;;;;;;;;;;;;;;;;;;;;;;;
20:56:00;12;04;9999;074;999;09;111111111111000000000000;000000000000000000000000;11101000;000;_;e;10;000110000000000000000000;____;05;071;060;008;071;071;014;0425641605;;;;;;;;;;;;;;;;;;;;;;;;;;;;;;;;;;;;;;;;;;;;;;;;;;
21:01:38;12;05;9999;058;999;09;111111111111000000000000;000000000000000000000000;11101000;000;_;e;10;000000001101000000000000;____;12;008;074;004;008;018;042;0425640017;;;;;;;;;;;;;;;;;;;;;;;;;;;;;;;;;;;;;;;;;;;;;;;;;;
21:01:43;12;06;9999;074;282;02;111111111111000000000000;000000000000000000000000;11101000;000;_;e;10;001011111000000000000000;____;07;055;041;012;046;063;075;0425641607;;;;;;;;;;;;;;;;;;;;;;;;;;;;;;;;;;;;;;;;;;;;;;;;;;
21:04:07;12;07;9999;073;999;09;111111111111000000000000;000000000000000000000000;11101000;000;_;e;10;001001001000000000000000;____;03;059;070;005;059;063;080;0425641609;;;;;;;;;;;;;;;;;;;;;;;;;;;;;;;;;;;;;;;;;;;;;;;;;;
21:05:41;12;08;9999;073;999;09;111111111111000000000000;000000000000000000000000;11101000;000;_;e;10;110000000000000000000000;____;01;031;101;012;030;047;036;0425641610;;;;;;;;;;;;;;;;;;;;;;;;;;;;;;;;;;;;;;;;;;;;;;;;;;
21:06:24;12;09;9999;059;999;09;111111111111000000000000;000000000000000000000000;11101000;000;_;e;10;000010111000000000000000;____;07;055;053;011;051;056;048;0425641611;;;;;;;;;;;;;;;;;;;;;;;;;;;;;;;;;;;;;;;;;;;;;;;;;;
21:08:32;12;10;9999;069;999;08;111111111111000000000000;000000000000000000000000;11101000;000;_;e;10;101101001100000000000000;____;10;-09;079;024;-13;020;109;0425641613;;;;;;;;;;;;;;;;;;;;;;;;;;;;;;;;;;;;;;;;;;;;;;;;;;
21:09:14;12;11;9999;051;999;09;111111111111000000000000;000000000000000000000000;11101000;000;_;e;10;011000001100000000000000;____;09;000;077;029;-07;001;091;0425641614;;;;;;;;;;;;;;;;;;;;;;;;;;;;;;;;;;;;;;;;;;;;;;;;;;
21:10:52;12;12;9999;055;999;09;111111111111000000000000;000000000000000000000000;11101000;000;_;e;10;001111001000000000000000;____;03;021;084;038;018;042;079;0425634268;;;;;;;;;;;;;;;;;;;;;;;;;;;;;;;;;;;;;;;;;;;;;;;;;;
21:13:27;12;13;9999;085;999;09;111111111111000000000000;000000000000000000000000;11101000;000;_;e;10;010000000000000000000000;____;02;047;099;013;047;047;014;0425634270;;;;;;;;;;;;;;;;;;;;;;;;;;;;;;;;;;;;;;;;;;;;;;;;;;
21:14:55;12;14;9999;069;999;09;111111111111000000000000;000000000000000000000000;11101000;000;_;e;10;110000000000000000000000;____;01;037;099;011;036;038;064;0425640345;;;;;;;;;;;;;;;;;;;;;;;;;;;;;;;;;;;;;;;;;;;;;;;;;;
21:16:56;12;15;9999;075;999;09;111111111111000000000000;000000000000000000000000;11101000;000;_;e;10;101100000100000000000000;____;03;042;078;049;037;047;060;0425640018;;;;;;;;;;;;;;;;;;;;;;;;;;;;;;;;;;;;;;;;;;;;;;;;;;
21:20:54;12;16;9999;055;999;09;111111111111000000000000;000000000000000000000000;11101000;000;_;e;10;001111001101000000000000;____;10;-04;073;012;-05;023;079;0425634273;;;;;;;;;;;;;;;;;;;;;;;;;;;;;;;;;;;;;;;;;;;;;;;;;;
21:24:15;12;17;9999;074;999;09;111111111111000000000000;000000000000000000000000;11101000;000;_;e;10;000011000000000000000000;____;05;035;059;034;034;035;019;0425641627;;;;;;;;;;;;;;;;;;;;;;;;;;;;;;;;;;;;;;;;;;;;;;;;;;
21:24:19;12;18;9999;053;253;08;111111111111000000000000;000000000000000000000000;11101000;000;_;e;10;110000000000000000000000;____;02;025;101;010;025;027;038;0425640349;;;;;;;;;;;;;;;;;;;;;;;;;;;;;;;;;;;;;;;;;;;;;;;;;;
21:25:46;12;19;9999;076;999;08;111111111111000000000000;000000000000000000000000;11101000;000;_;e;10;001110001100000000000000;____;04;019;074;037;002;053;093;0425640020;;;;;;;;;;;;;;;;;;;;;;;;;;;;;;;;;;;;;;;;;;;;;;;;;;
21:26:40;12;20;9999;076;999;09;111111111111000000000000;000000000000000000000000;11101000;000;_;e;10;110000001100000000000000;____;01;041;102;011;-08;041;059;0425640019;;;;;;;;;;;;;;;;;;;;;;;;;;;;;;;;;;;;;;;;;;;;;;;;;;
21:29:48;12;21;9999;049;999;09;111111111111000000000000;000000000000000000000000;11101000;000;_;e;10;000100000101000000000000;____;10;057;075;024;056;068;071;0425641629;;;;;;;;;;;;;;;;;;;;;;;;;;;;;;;;;;;;;;;;;;;;;;;;;;
21:32:26;12;22;9999;074;999;09;111111111111000000000000;000000000000000000000000;11101000;000;_;e;10;110011101100000000000000;____;02;071;083;023;043;072;046;0425633279;;;;;;;;;;;;;;;;;;;;;;;;;;;;;;;;;;;;;;;;;;;;;;;;;;
21:34:37;12;23;9999;056;999;09;111111111111000000000000;000000000000000000000000;11101000;000;_;e;10;000110001100000000000000;____;10;001;073;020;-02;013;053;0425641631;;;;;;;;;;;;;;;;;;;;;;;;;;;;;;;;;;;;;;;;;;;;;;;;;;
21:36:20;12;24;9999;075;999;09;111111111111000000000000;000000000000000000000000;11101000;000;_;e;10;011111001100000000000000;____;04;044;063;030;015;045;055;0425641517;;;;;;;;;;;;;;;;;;;;;;;;;;;;;;;;;;;;;;;;;;;;;;;;;;
21:36:33;12;25;9999;045;999;09;111111111111000000000000;000000000000000000000000;11101000;000;_;e;10;001111000100000000000000;____;10;-09;079;004;-12;015;116;0425633281;;;;;;;;;;;;;;;;;;;;;;;;;;;;;;;;;;;;;;;;;;;;;;;;;;
21:37:46;12;26;9999;044;999;09;111111111111000000000000;000000000000000000000000;11101000;000;_;e;10;110001000100000000000000;____;01;031;102;012;000;035;058;0425634281;;;;;;;;;;;;;;;;;;;;;;;;;;;;;;;;;;;;;;;;;;;;;;;;;;
21:37:46;12;27;9999;006;006;09;111111111111000000000000;000000000000000000000000;11010000;000;_;;;;;;;;;;;;;;;;;;;;;;;;;;;;;;;;;;;;;;;;;;;;;;;;;;;;;;;;;;;;;;
21:38:46;12;28;9999;076;999;09;111111111111000000000000;000000000000000000000000;11101000;000;_;e;10;111100001100000000000000;____;01;037;099;024;005;044;051;0425634282;;;;;;;;;;;;;;;;;;;;;;;;;;;;;;;;;;;;;;;;;;;;;;;;;;
21:39:37;12;29;9999;074;999;09;111111111111000000000000;000000000000000000000000;11101000;000;_;e;10;001111001100000000000000;____;10;018;059;030;015;033;105;0425634283;;;;;;;;;;;;;;;;;;;;;;;;;;;;;;;;;;;;;;;;;;;;;;;;;;
21:40:11;12;30;9999;075;999;09;111111111111000000000000;000000000000000000000000;11101000;000;_;e;10;001111001100000000000000;____;04;009;065;009;003;024;067;0425640023;;;;;;;;;;;;;;;;;;;;;;;;;;;;;;;;;;;;;;;;;;;;;;;;;;
21:44:58;12;31;9999;053;999;09;111111111111000000000000;000000000000000000000000;11101000;000;_;e;10;101111001100000000000000;____;05;023;065;036;023;027;118;0425641519;;;;;;;;;;;;;;;;;;;;;;;;;;;;;;;;;;;;;;;;;;;;;;;;;;
22:10:24;12;32;9999;077;999;09;111111111111000000000000;000000000000000000000000;11101000;000;_;e;10;001011011100000000000000;____;03;037;054;027;022;044;090;0425641524;;;;;;;;;;;;;;;;;;;;;;;;;;;;;;;;;;;;;;;;;;;;;;;;;;
22:18:16;12;33;9999;079;999;09;111111111111000000000000;000000000000000000000000;11101000;000;_;e;10;001101101100000000000000;____;03;039;057;029;039;043;074;0425634286;;;;;;;;;;;;;;;;;;;;;;;;;;;;;;;;;;;;;;;;;;;;;;;;;;
22:19:16;12;34;9999;075;999;08;111111111111000000000000;000000000000000000000000;11101000;000;_;e;10;100111011100000000000000;____;10;037;056;047;029;056;096;0425633288;;;;;;;;;;;;;;;;;;;;;;;;;;;;;;;;;;;;;;;;;;;;;;;;;;
22:23:18;12;35;9999;075;999;09;111111111111000000000000;000000000000000000000000;11101000;000;_;e;10;000010000100000000000000;____;05;028;069;048;028;030;020;0425641649;;;;;;;;;;;;;;;;;;;;;;;;;;;;;;;;;;;;;;;;;;;;;;;;;;
22:25:31;12;36;9999;074;999;09;111111111111000000000000;000000000000000000000000;11101000;000;_;e;10;001011001100000000000000;____;05;018;060;031;016;024;149;0425641648;;;;;;;;;;;;;;;;;;;;;;;;;;;;;;;;;;;;;;;;;;;;;;;;;;
22:28:35;12;37;9999;052;999;09;111111111111000000000000;000000000000000000000000;11101000;000;_;e;10;000110100100000000000000;____;05;-06;078;024;-06;000;034;0425641527;;;;;;;;;;;;;;;;;;;;;;;;;;;;;;;;;;;;;;;;;;;;;;;;;;
22:46:47;12;38;9999;074;999;09;111111111111000000000000;000000000000000000000000;11101000;000;_;e;10;111100000000000000000000;____;04;046;076;031;043;047;077;0425640033;;;;;;;;;;;;;;;;;;;;;;;;;;;;;;;;;;;;;;;;;;;;;;;;;;
22:52:09;12;39;9999;059;999;09;111111111111000000000000;000000000000000000000000;11101000;000;_;e;10;001100001100000000000000;____;03;023;072;041;023;027;071;0425633289;;;;;;;;;;;;;;;;;;;;;;;;;;;;;;;;;;;;;;;;;;;;;;;;;;
22:52:58;12;40;9999;075;999;09;111111111111000000000000;000000000000000000000000;11101000;000;_;e;10;001100000100000000000000;____;10;017;077;040;017;024;042;0425641654;;;;;;;;;;;;;;;;;;;;;;;;;;;;;;;;;;;;;;;;;;;;;;;;;;
22:53:09;12;41;9999;075;941;09;111111111111000000000000;000000000000000000000000;11101000;000;_;e;10;011100001000000000000000;____;04;050;077;029;048;054;067;0425634289;;;;;;;;;;;;;;;;;;;;;;;;;;;;;;;;;;;;;;;;;;;;;;;;;;
23:02:06;12;42;9999;070;999;09;111111111111000000000000;000000000000000000000000;11101000;000;_;e;10;111100000000000000000000;____;01;038;101;016;038;045;055;0425633290;;;;;;;;;;;;;;;;;;;;;;;;;;;;;;;;;;;;;;;;;;;;;;;;;;
23:04:14;12;43;9999;053;999;09;111111111111000000000000;000000000000000000000000;11101000;000;_;e;10;001111001100000000000000;____;10;028;068;037;025;037;170;0425633292;;;;;;;;;;;;;;;;;;;;;;;;;;;;;;;;;;;;;;;;;;;;;;;;;;
