RDT400 Server V3.30
Site: 
System: Barcode scanner PLC02 (Sick); System type: OPS
Date: 14-12-2024  00:00:54
Date    ;ID;CT;IDX ;TLE;TGA;V ;DEVICE LIST             ;ERROR LIST              ;OUTPUT  ;ENR;R;CODE1 ID;LENGTH;READ LIST;RES;CLV ID;XPOS;YPOS;ZPOS;XMIN;XMAX;CS;CODE CONTENT;XPOS;YPOS;ZPOS;XMIN;XMAX;CS;CODE CONTENT;CODE2 ID;LENGTH;READ LIST;RES;CLV ID;XPOS;YPOS;ZPOS;XMIN;XMAX;CS;CODE CONTENT;XPOS;YPOS;ZPOS;XMIN;XMAX;CS;CODE CONTENT;CODE3 ID;LENGTH;READ LIST;RES;CLV ID;XPOS;YPOS;ZPOS;XMIN;XMAX;CS;CODE CONTENT;XPOS;YPOS;ZPOS;XMIN;XMAX;CS;CODE CONTENT;INFO1;INFO2;CUSTOM1;CUSTOM2;
04:12:53;12;49;9999;073;999;08;111111111111000000000000;000000000000000000000000;11101000;000;_;e;10;001001001100000000000000;____;03;009;076;032;005;033;106;0425565904;;;;;;;;;;;;;;;;;;;;;;;;;;;;;;;;;;;;;;;;;;;;;;;;;;
04:14:56;12;50;9999;075;999;08;111111111111000000000000;000000000000000000000000;11101000;000;_;e;10;101111100000000000000000;____;04;036;073;031;032;037;056;0425564633;;;;;;;;;;;;;;;;;;;;;;;;;;;;;;;;;;;;;;;;;;;;;;;;;;
04:15:04;12;51;9999;075;634;09;111111111111000000000000;000000000000000000000000;11101000;000;_;e;10;110100000000000000000000;____;02;044;086;036;038;044;040;0425566160;;;;;;;;;;;;;;;;;;;;;;;;;;;;;;;;;;;;;;;;;;;;;;;;;;
04:48:29;12;52;9999;075;999;09;111111111111000000000000;000000000000000000000000;11101000;000;_;e;10;001111101100000000000000;____;05;041;063;032;041;045;121;0425565910;;;;;;;;;;;;;;;;;;;;;;;;;;;;;;;;;;;;;;;;;;;;;;;;;;
04:51:33;12;53;9999;059;999;09;111111111111000000000000;000000000000000000000000;11101000;000;_;e;10;001111001110000000000000;____;04;042;037;015;033;042;115;0425564638;;;;;;;;;;;;;;;;;;;;;;;;;;;;;;;;;;;;;;;;;;;;;;;;;;
05:05:40;12;54;9999;075;999;09;111111111111000000000000;000000000000000000000000;11101000;000;_;e;10;001111000000000000000000;____;04;036;081;013;032;046;043;0425564847;;;;;;;;;;;;;;;;;;;;;;;;;;;;;;;;;;;;;;;;;;;;;;;;;;
05:06:23;12;55;9999;075;999;09;111111111111000000000000;000000000000000000000000;11101000;000;_;e;10;011100000100000000000000;____;10;038;064;029;036;041;091;0425565258;;;;;;;;;;;;;;;;;;;;;;;;;;;;;;;;;;;;;;;;;;;;;;;;;;
05:09:26;12;56;9999;067;999;09;111111111111000000000000;000000000000000000000000;11101000;000;_;e;10;001100001100000000000000;____;10;003;080;019;002;031;054;0425565259;;;;;;;;;;;;;;;;;;;;;;;;;;;;;;;;;;;;;;;;;;;;;;;;;;
05:12:40;12;57;9999;074;999;09;111111111111000000000000;000000000000000000000000;11101000;000;_;e;10;101000001000000000000000;____;03;045;083;033;042;050;016;0425564640;;;;;;;;;;;;;;;;;;;;;;;;;;;;;;;;;;;;;;;;;;;;;;;;;;
05:12:44;12;58;9999;078;296;09;111111111111000000000000;000000000000000000000000;11101000;000;_;e;10;000011000100000000000000;____;06;030;055;023;029;036;030;0425564641;;;;;;;;;;;;;;;;;;;;;;;;;;;;;;;;;;;;;;;;;;;;;;;;;;
05:13:22;12;59;9999;070;999;09;111111111111000000000000;000000000000000000000000;11101000;000;_;e;10;110110001101000000000000;____;01;028;097;027;012;047;136;0425564642;;;;;;;;;;;;;;;;;;;;;;;;;;;;;;;;;;;;;;;;;;;;;;;;;;
05:14:42;12;60;9999;053;999;09;111111111111000000000000;000000000000000000000000;11101000;000;_;e;10;000001000000000000000000;____;06;001;075;023;001;002;006;0425564860;;;;;;;;;;;;;;;;;;;;;;;;;;;;;;;;;;;;;;;;;;;;;;;;;;
05:21:46;12;61;9999;075;999;09;111111111111000000000000;000000000000000000000000;11101000;000;_;e;10;110000110000000000000000;____;02;046;074;034;044;052;033;0425565264;;;;;;;;;;;;;;;;;;;;;;;;;;;;;;;;;;;;;;;;;;;;;;;;;;
05:25:16;12;62;9999;058;999;09;111111111111000000000000;000000000000000000000000;11101000;000;_;e;10;001010001101000000000000;____;09;070;071;010;002;070;062;0425564644;;;;;;;;;;;;;;;;;;;;;;;;;;;;;;;;;;;;;;;;;;;;;;;;;;
05:25:20;12;63;9999;066;342;09;111111111111000000000000;000000000000000000000000;11101000;000;_;e;10;111100001001000000000000;____;03;007;089;019;001;036;066;0425564863;;;;;;;;;;;;;;;;;;;;;;;;;;;;;;;;;;;;;;;;;;;;;;;;;;
05:26:15;12;64;9999;050;999;09;111111111111000000000000;000000000000000000000000;11101000;000;_;e;10;001100000000000000000000;____;04;030;079;043;029;030;063;0425565265;;;;;;;;;;;;;;;;;;;;;;;;;;;;;;;;;;;;;;;;;;;;;;;;;;
05:27:15;12;65;9999;074;999;09;111111111111000000000000;000000000000000000000000;11101000;000;_;e;10;001101001100000000000000;____;10;037;082;032;012;040;122;0425564643;;;;;;;;;;;;;;;;;;;;;;;;;;;;;;;;;;;;;;;;;;;;;;;;;;
05:28:33;12;66;9999;072;999;09;111111111111000000000000;000000000000000000000000;11101000;000;_;e;10;000010100010000000000000;____;05;045;044;003;045;049;089;0425564864;;;;;;;;;;;;;;;;;;;;;;;;;;;;;;;;;;;;;;;;;;;;;;;;;;
05:29:49;12;67;9999;065;999;09;111111111111000000000000;000000000000000000000000;11101000;000;_;e;10;001110000101000000000000;____;10;-01;073;004;-03;005;097;0425564865;;;;;;;;;;;;;;;;;;;;;;;;;;;;;;;;;;;;;;;;;;;;;;;;;;
05:30:59;12;68;9999;077;999;09;111111111111000000000000;000000000000000000000000;11101000;000;_;e;10;001111000000000000000000;____;05;037;052;033;037;041;086;0425565917;;;;;;;;;;;;;;;;;;;;;;;;;;;;;;;;;;;;;;;;;;;;;;;;;;
05:31:03;12;69;9999;074;244;09;111111111111000000000000;000000000000000000000000;11101000;000;_;e;10;001101001000000000000000;____;03;027;079;027;026;034;073;0425566164;;;;;;;;;;;;;;;;;;;;;;;;;;;;;;;;;;;;;;;;;;;;;;;;;;
05:31:06;12;70;9999;061;239;09;111111111111000000000000;000000000000000000000000;11101000;000;_;e;10;000011111100000000000000;____;05;037;051;003;020;040;096;0425564866;;;;;;;;;;;;;;;;;;;;;;;;;;;;;;;;;;;;;;;;;;;;;;;;;;
05:32:53;12;71;9999;066;999;09;111111111111000000000000;000000000000000000000000;11101000;000;_;e;10;110000000001000000000000;____;01;027;097;007;026;028;022;0425565270;;;;;;;;;;;;;;;;;;;;;;;;;;;;;;;;;;;;;;;;;;;;;;;;;;
05:33:44;12;72;9999;052;999;09;111111111111000000000000;000000000000000000000000;11101000;000;_;e;10;011100000101000000000000;____;10;000;085;001;-04;010;140;0425565271;;;;;;;;;;;;;;;;;;;;;;;;;;;;;;;;;;;;;;;;;;;;;;;;;;
05:37:06;12;73;9999;074;999;09;111111111111000000000000;000000000000000000000000;11101000;000;_;e;10;111001010100000000000000;____;02;049;079;022;029;053;130;0425564647;;;;;;;;;;;;;;;;;;;;;;;;;;;;;;;;;;;;;;;;;;;;;;;;;;
05:38:57;12;74;9999;077;999;09;111111111111000000000000;000000000000000000000000;11101000;000;_;e;10;110000000000000000000000;____;02;042;098;016;041;044;063;0425563384;;;;;;;;;;;;;;;;;;;;;;;;;;;;;;;;;;;;;;;;;;;;;;;;;;
05:40:05;12;75;9999;075;999;09;111111111111000000000000;000000000000000000000000;11101000;000;_;e;10;000000000100000000000000;____;10;015;071;016;015;017;016;0425566165;;;;;;;;;;;;;;;;;;;;;;;;;;;;;;;;;;;;;;;;;;;;;;;;;;
05:41:19;12;76;9999;074;999;09;111111111111000000000000;000000000000000000000000;11101000;000;_;e;10;000000001100000000000000;____;10;020;071;030;020;037;012;0425566166;;;;;;;;;;;;;;;;;;;;;;;;;;;;;;;;;;;;;;;;;;;;;;;;;;
05:41:27;12;77;9999;078;655;09;111111111111000000000000;000000000000000000000000;11101000;000;_;e;10;001100001100000000000000;____;04;048;071;038;044;050;058;0425566745;;;;;;;;;;;;;;;;;;;;;;;;;;;;;;;;;;;;;;;;;;;;;;;;;;
05:42:14;12;78;9999;068;999;09;111111111111000000000000;000000000000000000000000;11101000;000;_;e;10;000000001100000000000000;____;09;006;082;005;006;039;005;0425566064;;;;;;;;;;;;;;;;;;;;;;;;;;;;;;;;;;;;;;;;;;;;;;;;;;
05:42:23;12;79;9999;076;644;09;111111111111000000000000;000000000000000000000000;11101000;000;_;e;10;100100000101000000000000;____;10;-07;076;009;-09;009;115;0425566629;;;;;;;;;;;;;;;;;;;;;;;;;;;;;;;;;;;;;;;;;;;;;;;;;;
05:43:36;12;80;9999;077;999;08;111111111111000000000000;000000000000000000000000;11101000;000;_;e;10;011000000000000000000000;____;02;045;101;017;038;047;022;0425565918;;;;;;;;;;;;;;;;;;;;;;;;;;;;;;;;;;;;;;;;;;;;;;;;;;
05:44:40;12;81;9999;077;999;09;111111111111000000000000;000000000000000000000000;11101000;000;_;e;10;000011000100000000000000;____;06;032;055;032;024;035;068;0425564870;;;;;;;;;;;;;;;;;;;;;;;;;;;;;;;;;;;;;;;;;;;;;;;;;;
05:45:09;12;82;9999;075;999;09;111111111111000000000000;000000000000000000000000;11101000;000;_;e;10;000001000100000000000000;____;10;035;054;021;033;035;042;0425565272;;;;;;;;;;;;;;;;;;;;;;;;;;;;;;;;;;;;;;;;;;;;;;;;;;
05:46:23;12;83;9999;063;999;09;111111111111000000000000;000000000000000000000000;11101000;000;_;e;10;001111000101000000000000;____;10;-05;071;004;-08;-02;099;0425564871;;;;;;;;;;;;;;;;;;;;;;;;;;;;;;;;;;;;;;;;;;;;;;;;;;
05:46:31;12;84;9999;038;639;09;111111111111000000000000;000000000000000000000000;11101000;000;_;e;10;000100000011000000000000;____;11;045;056;004;040;045;041;0425566167;;;;;;;;;;;;;;;;;;;;;;;;;;;;;;;;;;;;;;;;;;;;;;;;;;
05:46:48;12;85;9999;074;999;09;111111111111000000000000;000000000000000000000000;11101000;000;_;e;10;100000000000000000000000;____;01;038;100;012;038;041;042;0425563385;;;;;;;;;;;;;;;;;;;;;;;;;;;;;;;;;;;;;;;;;;;;;;;;;;
05:48:06;12;86;9999;075;999;08;111111111111000000000000;000000000000000000000000;11101000;000;_;e;10;001101111000000000000000;____;07;044;044;040;044;053;071;0425566066;;;;;;;;;;;;;;;;;;;;;;;;;;;;;;;;;;;;;;;;;;;;;;;;;;
05:49:09;12;87;9999;058;999;09;111111111111000000000000;000000000000000000000000;11101000;000;_;e;10;000110111101000000000000;____;05;025;060;021;016;032;075;0425564872;;;;;;;;;;;;;;;;;;;;;;;;;;;;;;;;;;;;;;;;;;;;;;;;;;
05:51:09;12;88;9999;078;999;09;111111111111000000000000;000000000000000000000000;11101000;000;_;e;10;111101001100000000000000;____;03;047;071;037;031;058;099;0425566746;;;;;;;;;;;;;;;;;;;;;;;;;;;;;;;;;;;;;;;;;;;;;;;;;;
05:51:51;12;89;9999;062;999;09;111111111111000000000000;000000000000000000000000;11101000;000;_;e;10;011110000100000000000000;____;10;001;082;008;-03;030;109;0425565274;;;;;;;;;;;;;;;;;;;;;;;;;;;;;;;;;;;;;;;;;;;;;;;;;;
05:52:22;12;90;9999;067;999;09;111111111111000000000000;000000000000000000000000;11101000;000;_;e;10;111110001000000000000000;____;03;030;099;029;026;031;064;0425565275;;;;;;;;;;;;;;;;;;;;;;;;;;;;;;;;;;;;;;;;;;;;;;;;;;
05:53:13;12;91;9999;055;999;09;111111111111000000000000;000000000000000000000000;11101000;000;_;e;10;110000000000000000000000;____;02;034;098;009;034;035;037;0425565276;;;;;;;;;;;;;;;;;;;;;;;;;;;;;;;;;;;;;;;;;;;;;;;;;;
05:53:26;12;92;9999;071;999;09;111111111111000000000000;000000000000000000000000;11101000;000;_;e;10;110000000000000000000000;____;01;041;100;007;040;043;036;0425566072;;;;;;;;;;;;;;;;;;;;;;;;;;;;;;;;;;;;;;;;;;;;;;;;;;
05:53:39;12;93;9999;063;999;09;111111111111000000000000;000000000000000000000000;11101000;000;_;e;10;100010101100000000000000;____;10;-03;073;010;-03;032;051;0425564653;;;;;;;;;;;;;;;;;;;;;;;;;;;;;;;;;;;;;;;;;;;;;;;;;;
05:54:14;12;94;9999;076;999;09;111111111111000000000000;000000000000000000000000;11101000;000;_;e;10;001111000000000000000000;____;05;043;055;026;028;047;085;0425566631;;;;;;;;;;;;;;;;;;;;;;;;;;;;;;;;;;;;;;;;;;;;;;;;;;
05:54:56;12;95;9999;064;999;09;111111111111000000000000;000000000000000000000000;11101000;000;_;e;10;000000000100000000000000;____;10;-03;069;017;-03;005;022;0425564654;;;;;;;;;;;;;;;;;;;;;;;;;;;;;;;;;;;;;;;;;;;;;;;;;;
05:55:18;12;96;9999;069;999;09;111111111111000000000000;000000000000000000000000;11101000;000;_;e;10;001111001101000000000000;____;10;-04;073;002;-07;050;113;0425564655;;;;;;;;;;;;;;;;;;;;;;;;;;;;;;;;;;;;;;;;;;;;;;;;;;
05:55:26;12;97;9999;074;610;09;111111111111000000000000;000000000000000000000000;11101000;000;_;e;10;100000000000000000000000;____;01;031;080;025;031;033;031;0425564656;;;;;;;;;;;;;;;;;;;;;;;;;;;;;;;;;;;;;;;;;;;;;;;;;;
05:56:13;12;98;9999;079;999;09;111111111111000000000000;000000000000000000000000;11101000;000;_;e;10;001111101100000000000000;____;05;031;057;035;012;035;136;0425564657;;;;;;;;;;;;;;;;;;;;;;;;;;;;;;;;;;;;;;;;;;;;;;;;;;
05:57:00;12;99;9999;064;999;09;111111111111000000000000;000000000000000000000000;11101000;000;_;e;10;001111001100000000000000;____;10;-02;077;004;-03;039;037;0425564658;;;;;;;;;;;;;;;;;;;;;;;;;;;;;;;;;;;;;;;;;;;;;;;;;;
05:57:34;12;01;9999;064;999;09;111111111111000000000000;000000000000000000000000;11101000;000;_;e;10;000100000101000000000000;____;10;-06;077;007;-06;008;080;0425566747;;;;;;;;;;;;;;;;;;;;;;;;;;;;;;;;;;;;;;;;;;;;;;;;;;
05:58:35;12;02;9999;076;999;09;111111111111000000000000;000000000000000000000000;11101000;000;_;e;10;001111001100000000000000;____;10;032;074;010;026;063;138;0425565277;;;;;;;;;;;;;;;;;;;;;;;;;;;;;;;;;;;;;;;;;;;;;;;;;;
06:00:30;12;03;9999;075;999;08;111111111111000000000000;000000000000000000000000;11101000;000;_;e;10;000100001100000000000000;____;10;003;074;029;003;026;064;0425565920;;;;;;;;;;;;;;;;;;;;;;;;;;;;;;;;;;;;;;;;;;;;;;;;;;
06:02:04;12;04;9999;075;999;09;111111111111000000000000;000000000000000000000000;11101000;000;_;e;10;001100001101000000000000;____;10;-09;070;013;-12;-02;101;0425566632;;;;;;;;;;;;;;;;;;;;;;;;;;;;;;;;;;;;;;;;;;;;;;;;;;
06:04:26;12;05;9999;075;999;09;111111111111000000000000;000000000000000000000000;11101000;000;_;e;10;101000001000000000000000;____;03;048;083;032;044;048;057;0425565921;;;;;;;;;;;;;;;;;;;;;;;;;;;;;;;;;;;;;;;;;;;;;;;;;;
06:04:47;12;06;9999;079;999;09;111111111111000000000000;000000000000000000000000;11101000;000;_;e;10;001111001100000000000000;____;09;053;059;027;051;056;152;0425566078;;;;;;;;;;;;;;;;;;;;;;;;;;;;;;;;;;;;;;;;;;;;;;;;;;
06:09:17;12;07;9999;078;999;09;111111111111000000000000;000000000000000000000000;11101000;000;_;e;10;000111101100000000000000;____;04;056;066;037;034;058;095;0425566751;;;;;;;;;;;;;;;;;;;;;;;;;;;;;;;;;;;;;;;;;;;;;;;;;;
06:09:54;12;08;9999;067;999;09;111111111111000000000000;000000000000000000000000;11101000;000;_;e;10;111110001100000000000000;____;05;021;099;030;021;042;095;0425566081;;;;;;;;;;;;;;;;;;;;;;;;;;;;;;;;;;;;;;;;;;;;;;;;;;
06:10:03;12;09;9999;075;655;09;111111111111000000000000;000000000000000000000000;11101000;000;_;e;10;111110001100000000000000;____;04;041;091;044;031;053;077;0425566080;;;;;;;;;;;;;;;;;;;;;;;;;;;;;;;;;;;;;;;;;;;;;;;;;;
06:11:12;12;10;9999;074;999;09;111111111111000000000000;000000000000000000000000;11101000;000;_;e;10;001101001100000000000000;____;03;076;085;020;033;079;071;0425566172;;;;;;;;;;;;;;;;;;;;;;;;;;;;;;;;;;;;;;;;;;;;;;;;;;
06:11:25;12;11;9999;079;999;09;111111111111000000000000;000000000000000000000000;11101000;000;_;e;10;010100001100000000000000;____;04;032;074;026;028;043;088;0425566082;;;;;;;;;;;;;;;;;;;;;;;;;;;;;;;;;;;;;;;;;;;;;;;;;;
06:12:16;12;12;9999;075;999;09;111111111111000000000000;000000000000000000000000;11101000;000;_;e;10;001111000000000000000000;____;03;048;079;032;044;051;038;0425566083;;;;;;;;;;;;;;;;;;;;;;;;;;;;;;;;;;;;;;;;;;;;;;;;;;
06:12:55;12;13;9999;075;999;09;111111111111000000000000;000000000000000000000000;11101000;000;_;e;10;000110000100000000000000;____;05;022;049;019;021;026;033;0425563388;;;;;;;;;;;;;;;;;;;;;;;;;;;;;;;;;;;;;;;;;;;;;;;;;;
06:13:11;12;14;9999;057;999;09;111111111111000000000000;000000000000000000000000;11101000;000;_;e;10;110000000000000000000000;____;01;038;100;011;038;039;058;0425565280;;;;;;;;;;;;;;;;;;;;;;;;;;;;;;;;;;;;;;;;;;;;;;;;;;
06:15:58;12;15;9999;057;999;09;111111111111000000000000;000000000000000000000000;11101000;000;_;e;10;001101000000000000000000;____;03;033;084;038;033;037;046;0425566757;;;;;;;;;;;;;;;;;;;;;;;;;;;;;;;;;;;;;;;;;;;;;;;;;;
06:16:41;12;16;9999;062;999;09;111111111111000000000000;000000000000000000000000;11101000;000;_;e;10;110000000000000000000000;____;01;033;100;012;033;034;063;0425566174;;;;;;;;;;;;;;;;;;;;;;;;;;;;;;;;;;;;;;;;;;;;;;;;;;
06:18:32;12;17;9999;065;999;09;111111111111000000000000;000000000000000000000000;11101000;000;_;e;10;111111000000000000000000;____;04;030;080;043;025;041;076;0425563392;;;;;;;;;;;;;;;;;;;;;;;;;;;;;;;;;;;;;;;;;;;;;;;;;;
06:18:36;12;18;9999;073;271;09;111111111111000000000000;000000000000000000000000;11101000;000;_;e;10;110000000000000000000000;____;02;042;098;011;042;045;055;0425566085;;;;;;;;;;;;;;;;;;;;;;;;;;;;;;;;;;;;;;;;;;;;;;;;;;
06:20:07;12;19;9999;074;999;09;111111111111000000000000;000000000000000000000000;11101000;000;_;e;10;101100001100000000000000;____;03;037;086;049;025;058;089;0425566087;;;;;;;;;;;;;;;;;;;;;;;;;;;;;;;;;;;;;;;;;;;;;;;;;;
06:20:33;12;20;9999;060;999;09;111111111111000000000000;000000000000000000000000;11101000;000;_;e;10;001111000100000000000000;____;04;033;041;018;030;041;050;0425566634;;;;;;;;;;;;;;;;;;;;;;;;;;;;;;;;;;;;;;;;;;;;;;;;;;
06:21:42;12;21;9999;056;999;09;111111111111000000000000;000000000000000000000000;11101000;000;_;e;10;001111111110000000000000;____;05;025;050;008;021;028;118;0425565922;;;;;;;;;;;;;;;;;;;;;;;;;;;;;;;;;;;;;;;;;;;;;;;;;;
06:21:57;12;22;9999;065;999;09;111111111111000000000000;000000000000000000000000;11101000;000;_;e;10;000100000100000000000000;____;10;007;085;017;006;011;048;0425564665;;;;;;;;;;;;;;;;;;;;;;;;;;;;;;;;;;;;;;;;;;;;;;;;;;
06:24:27;12;23;9999;074;999;09;111111111111000000000000;000000000000000000000000;11101000;000;_;e;10;101111111100000000000000;____;06;040;057;031;031;046;112;0425566090;;;;;;;;;;;;;;;;;;;;;;;;;;;;;;;;;;;;;;;;;;;;;;;;;;
06:25:06;12;24;9999;059;999;09;111111111111000000000000;000000000000000000000000;11101000;000;_;e;10;110000000100000000000000;____;01;029;102;007;027;044;040;0425566089;;;;;;;;;;;;;;;;;;;;;;;;;;;;;;;;;;;;;;;;;;;;;;;;;;
06:25:11;12;25;9999;070;342;09;111111111111000000000000;000000000000000000000000;11101000;000;_;e;10;110000000000000000000000;____;01;037;102;012;007;037;052;0425566091;;;;;;;;;;;;;;;;;;;;;;;;;;;;;;;;;;;;;;;;;;;;;;;;;;
06:27:05;12;26;9999;056;999;09;111111111111000000000000;000000000000000000000000;11101000;000;_;e;10;001100000100000000000000;____;10;-01;079;018;-02;002;063;0425566093;;;;;;;;;;;;;;;;;;;;;;;;;;;;;;;;;;;;;;;;;;;;;;;;;;
06:28:44;12;27;9999;066;999;09;111111111111000000000000;000000000000000000000000;11101000;000;_;e;10;001111000111000000000000;____;04;-07;068;009;-11;023;151;0425564666;;;;;;;;;;;;;;;;;;;;;;;;;;;;;;;;;;;;;;;;;;;;;;;;;;
06:28:52;12;28;9999;059;611;09;111111111111000000000000;000000000000000000000000;11101000;000;_;e;10;001110100100000000000000;____;04;041;047;012;023;043;055;0425566636;;;;;;;;;;;;;;;;;;;;;;;;;;;;;;;;;;;;;;;;;;;;;;;;;;
06:29:10;12;29;9999;063;999;09;111111111111000000000000;000000000000000000000000;11101000;000;_;e;10;110000011000000000000000;____;01;031;101;016;031;036;035;0425566095;;;;;;;;;;;;;;;;;;;;;;;;;;;;;;;;;;;;;;;;;;;;;;;;;;
06:29:27;12;30;9999;042;999;09;111111111111000000000000;000000000000000000000000;11101000;000;_;e;10;001000001001000000000000;____;09;051;067;012;047;051;047;0425566098;;;;;;;;;;;;;;;;;;;;;;;;;;;;;;;;;;;;;;;;;;;;;;;;;;
06:29:31;12;31;9999;075;297;09;111111111111000000000000;000000000000000000000000;11101000;000;_;e;10;111000101000000000000000;____;01;014;090;023;014;050;063;0425563394;;;;;;;;;;;;;;;;;;;;;;;;;;;;;;;;;;;;;;;;;;;;;;;;;;
06:30:22;12;32;9999;058;999;09;111111111111000000000000;000000000000000000000000;11101000;000;_;e;10;111110001100000000000000;____;04;000;082;000;-07;054;128;0425563395;;;;;;;;;;;;;;;;;;;;;;;;;;;;;;;;;;;;;;;;;;;;;;;;;;
06:30:31;12;33;9999;064;672;09;111111111111000000000000;000000000000000000000000;11101000;000;_;e;10;000000000100000000000000;____;10;-01;078;012;-03;-01;017;0425566758;;;;;;;;;;;;;;;;;;;;;;;;;;;;;;;;;;;;;;;;;;;;;;;;;;
06:31:18;12;34;9999;065;999;09;111111111111000000000000;000000000000000000000000;11101000;000;_;e;10;001001100101000000000000;____;10;-06;072;006;-07;050;085;0425566759;;;;;;;;;;;;;;;;;;;;;;;;;;;;;;;;;;;;;;;;;;;;;;;;;;
06:32:49;12;35;9999;074;999;09;111111111111000000000000;000000000000000000000000;11101000;000;_;e;10;001101001101000000000000;____;10;-05;069;018;-08;002;144;0425566177;;;;;;;;;;;;;;;;;;;;;;;;;;;;;;;;;;;;;;;;;;;;;;;;;;
06:34:44;12;36;9999;054;999;09;111111111111000000000000;000000000000000000000000;11101000;000;_;e;10;000000110000000000000000;____;08;024;053;018;012;024;071;0425565756;;;;;;;;;;;;;;;;;;;;;;;;;;;;;;;;;;;;;;;;;;;;;;;;;;
06:46:58;12;37;9999;076;999;09;111111111111000000000000;000000000000000000000000;11101000;000;_;e;10;111110110100000000000000;____;04;032;072;036;017;034;139;0425566763;;;;;;;;;;;;;;;;;;;;;;;;;;;;;;;;;;;;;;;;;;;;;;;;;;
06:48:04;12;38;9999;075;999;09;111111111111000000000000;000000000000000000000000;11101000;000;_;e;10;010000000000000000000000;____;02;040;090;022;040;040;006;0425566765;;;;;;;;;;;;;;;;;;;;;;;;;;;;;;;;;;;;;;;;;;;;;;;;;;
06:50:56;12;39;9999;076;999;09;111111111111000000000000;000000000000000000000000;11101000;000;_;e;10;011111001100000000000000;____;03;034;069;040;034;039;082;0425565763;;;;;;;;;;;;;;;;;;;;;;;;;;;;;;;;;;;;;;;;;;;;;;;;;;
06:53:00;12;40;9999;078;999;09;111111111111000000000000;000000000000000000000000;11010000;000;_;;;;;;;;;;;;;;;;;;;;;;;;;;;;;;;;;;;;;;;;;;;;;;;;;;;;;;;;;;;;;;
06:57:58;12;41;9999;061;999;08;111111111111000000000000;000000000000000000000000;11101000;000;_;e;10;110000001001000000000000;____;02;033;096;011;033;056;042;0425566183;;;;;;;;;;;;;;;;;;;;;;;;;;;;;;;;;;;;;;;;;;;;;;;;;;
06:58:03;12;42;9999;077;339;09;111111111111000000000000;000000000000000000000000;11101000;000;_;e;10;001111001100000000000000;____;09;031;063;033;029;032;151;0425566638;;;;;;;;;;;;;;;;;;;;;;;;;;;;;;;;;;;;;;;;;;;;;;;;;;
07:01:26;12;43;9999;042;999;09;111111111111000000000000;000000000000000000000000;11101000;000;_;e;10;001000001001000000000000;____;09;049;074;012;045;049;058;0425565768;;;;;;;;;;;;;;;;;;;;;;;;;;;;;;;;;;;;;;;;;;;;;;;;;;
07:12:23;12;44;9999;067;999;09;111111111111000000000000;000000000000000000000000;11101000;000;_;e;10;110000001001000000000000;____;01;035;099;014;034;059;076;0425565769;;;;;;;;;;;;;;;;;;;;;;;;;;;;;;;;;;;;;;;;;;;;;;;;;;
07:22:41;12;45;9999;075;999;09;111111111111000000000000;000000000000000000000000;11101000;000;_;e;10;111100001100000000000000;____;01;033;078;039;033;038;150;0425566768;;;;;;;;;;;;;;;;;;;;;;;;;;;;;;;;;;;;;;;;;;;;;;;;;;
07:25:58;12;46;9999;074;999;09;111111111111000000000000;000000000000000000000000;11101000;000;_;e;10;001111001100000000000000;____;09;040;063;025;022;042;181;0425565828;;;;;;;;;;;;;;;;;;;;;;;;;;;;;;;;;;;;;;;;;;;;;;;;;;
07:29:36;12;47;9999;067;999;09;111111111111000000000000;000000000000000000000000;11101000;000;_;e;10;110100000100000000000000;____;02;006;083;007;005;025;108;0425507593;;;;;;;;;;;;;;;;;;;;;;;;;;;;;;;;;;;;;;;;;;;;;;;;;;
07:30:40;12;48;9999;062;999;09;111111111111000000000000;000000000000000000000000;11101000;000;_;e;10;000011111000000000000000;____;08;036;037;008;034;042;070;0425566185;;;;;;;;;;;;;;;;;;;;;;;;;;;;;;;;;;;;;;;;;;;;;;;;;;
08:38:04;12;49;9999;080;999;08;111111111111000000000000;000000000000000000000000;11101000;000;_;e;10;111100001100000000000000;____;04;023;072;041;016;054;046;0425566461;;;;;;;;;;;;;;;;;;;;;;;;;;;;;;;;;;;;;;;;;;;;;;;;;;
08:38:42;12;50;9999;080;999;08;111111111111000000000000;000000000000000000000000;11101000;000;_;e;10;001111001000000000000000;____;05;044;056;032;044;047;107;0425566462;;;;;;;;;;;;;;;;;;;;;;;;;;;;;;;;;;;;;;;;;;;;;;;;;;
08:38:55;12;51;9999;050;999;09;111111111111000000000000;000000000000000000000000;11101000;000;_;e;10;110110000101000000000000;____;04;000;069;018;-03;017;085;0425565858;;;;;;;;;;;;;;;;;;;;;;;;;;;;;;;;;;;;;;;;;;;;;;;;;;
08:39:08;12;52;9999;054;999;09;111111111111000000000000;000000000000000000000000;11101000;000;_;e;10;001111000000000000000000;____;03;034;085;038;029;040;058;0425566464;;;;;;;;;;;;;;;;;;;;;;;;;;;;;;;;;;;;;;;;;;;;;;;;;;
08:39:18;12;53;9999;075;785;09;111111111111000000000000;000000000000000000000000;11101000;000;_;e;10;001100000000000000000000;____;04;040;088;052;040;042;041;0425566463;;;;;;;;;;;;;;;;;;;;;;;;;;;;;;;;;;;;;;;;;;;;;;;;;;
08:39:38;12;54;9999;080;999;09;111111111111000000000000;000000000000000000000000;11101000;000;_;e;10;000011110000000000000000;____;08;042;050;022;038;046;045;0425566465;;;;;;;;;;;;;;;;;;;;;;;;;;;;;;;;;;;;;;;;;;;;;;;;;;
08:39:59;12;55;9999;077;999;09;111111111111000000000000;000000000000000000000000;11101000;000;_;e;10;001010000000000000000000;____;03;041;099;029;018;041;013;0425566466;;;;;;;;;;;;;;;;;;;;;;;;;;;;;;;;;;;;;;;;;;;;;;;;;;
08:42:08;12;56;9999;051;999;09;111111111111000000000000;000000000000000000000000;11101000;000;_;e;10;110110110100000000000000;____;01;029;094;024;017;041;146;0425565860;;;;;;;;;;;;;;;;;;;;;;;;;;;;;;;;;;;;;;;;;;;;;;;;;;
08:42:24;12;57;9999;072;999;09;111111111111000000000000;000000000000000000000000;11101000;000;_;e;10;110000000000000000000000;____;01;039;102;011;039;041;064;0425565859;;;;;;;;;;;;;;;;;;;;;;;;;;;;;;;;;;;;;;;;;;;;;;;;;;
08:44:07;12;58;9999;058;999;09;111111111111000000000000;000000000000000000000000;11101000;000;_;e;10;110110000000000000000000;____;01;034;098;009;017;034;062;0425566467;;;;;;;;;;;;;;;;;;;;;;;;;;;;;;;;;;;;;;;;;;;;;;;;;;
08:44:29;12;59;9999;063;999;09;111111111111000000000000;000000000000000000000000;11101000;000;_;e;10;001111000111000000000000;____;04;040;048;020;036;062;064;0425566468;;;;;;;;;;;;;;;;;;;;;;;;;;;;;;;;;;;;;;;;;;;;;;;;;;
08:45:16;12;60;9999;075;999;09;111111111111000000000000;000000000000000000000000;11101000;000;_;e;10;111100010100000000000000;____;04;051;071;039;042;053;068;0425566471;;;;;;;;;;;;;;;;;;;;;;;;;;;;;;;;;;;;;;;;;;;;;;;;;;
08:45:24;12;61;9999;077;664;09;111111111111000000000000;000000000000000000000000;11101000;000;_;e;10;001111001000000000000000;____;09;048;059;031;017;048;083;0425566470;;;;;;;;;;;;;;;;;;;;;;;;;;;;;;;;;;;;;;;;;;;;;;;;;;
09:09:45;12;62;9999;079;999;09;111111111111000000000000;000000000000000000000000;11101000;000;_;e;10;001011001100000000000000;____;03;031;049;027;030;037;033;0425566497;;;;;;;;;;;;;;;;;;;;;;;;;;;;;;;;;;;;;;;;;;;;;;;;;;
10:22:09;12;63;9999;074;999;09;111111111111000000000000;000000000000000000000000;11101000;000;_;e;10;001111000100000000000000;____;03;067;073;019;054;072;094;0425564882;;;;;;;;;;;;;;;;;;;;;;;;;;;;;;;;;;;;;;;;;;;;;;;;;;
10:42:38;12;64;9999;075;999;08;111111111111000000000000;000000000000000000000000;11101000;000;_;e;10;001011111100000000000000;____;05;051;044;017;034;063;074;0425566788;;;;;;;;;;;;;;;;;;;;;;;;;;;;;;;;;;;;;;;;;;;;;;;;;;
10:53:56;12;65;9999;074;999;09;111111111111000000000000;000000000000000000000000;11101000;000;_;e;10;001001001000000000000000;____;09;006;062;024;001;049;058;0425565284;;;;;;;;;;;;;;;;;;;;;;;;;;;;;;;;;;;;;;;;;;;;;;;;;;
10:54:58;12;66;9999;074;999;09;111111111111000000000000;000000000000000000000000;11101000;000;_;e;10;001101011100000000000000;____;03;056;068;028;055;076;056;0425566789;;;;;;;;;;;;;;;;;;;;;;;;;;;;;;;;;;;;;;;;;;;;;;;;;;
11:06:59;12;67;9999;075;999;09;111111111111000000000000;000000000000000000000000;11101000;000;_;e;10;001010000100000000000000;____;10;013;057;015;013;023;045;0425565286;;;;;;;;;;;;;;;;;;;;;;;;;;;;;;;;;;;;;;;;;;;;;;;;;;
11:20:39;12;68;9999;073;999;09;111111111111000000000000;000000000000000000000000;11101000;000;_;e;10;001110001100000000000000;____;04;058;066;024;023;061;139;0425566339;;;;;;;;;;;;;;;;;;;;;;;;;;;;;;;;;;;;;;;;;;;;;;;;;;
11:23:33;12;69;9999;059;999;09;111111111111000000000000;000000000000000000000000;11101000;000;_;e;10;001111001100000000000000;____;10;-08;077;007;-10;017;150;0425566342;;;;;;;;;;;;;;;;;;;;;;;;;;;;;;;;;;;;;;;;;;;;;;;;;;
11:25:16;12;70;9999;054;999;09;111111111111000000000000;000000000000000000000000;11101000;000;_;e;10;111100000000000000000000;____;01;033;097;022;033;037;072;0425566652;;;;;;;;;;;;;;;;;;;;;;;;;;;;;;;;;;;;;;;;;;;;;;;;;;
11:25:42;12;71;9999;075;999;08;111111111111000000000000;000000000000000000000000;11101000;000;_;e;10;111100000100000000000000;____;02;043;082;023;034;045;080;0425565924;;;;;;;;;;;;;;;;;;;;;;;;;;;;;;;;;;;;;;;;;;;;;;;;;;
11:26:03;12;72;9999;076;999;08;111111111111000000000000;000000000000000000000000;11101000;000;_;e;10;110000001000000000000000;____;01;043;102;012;009;045;064;0425565293;;;;;;;;;;;;;;;;;;;;;;;;;;;;;;;;;;;;;;;;;;;;;;;;;;
11:26:12;12;73;9999;068;642;09;111111111111000000000000;000000000000000000000000;11101000;000;_;e;10;111011000100000000000000;____;02;040;098;024;030;044;101;0425566798;;;;;;;;;;;;;;;;;;;;;;;;;;;;;;;;;;;;;;;;;;;;;;;;;;
11:28:42;12;74;9999;073;999;09;111111111111000000000000;000000000000000000000000;11101000;000;_;e;10;000011110000000000000000;____;08;048;043;026;045;049;031;0425566799;;;;;;;;;;;;;;;;;;;;;;;;;;;;;;;;;;;;;;;;;;;;;;;;;;
11:28:50;12;75;9999;073;664;09;111111111111000000000000;000000000000000000000000;11101000;000;_;e;10;110100000100000000000000;____;02;039;098;009;009;039;039;0425565925;;;;;;;;;;;;;;;;;;;;;;;;;;;;;;;;;;;;;;;;;;;;;;;;;;
11:29:54;12;76;9999;056;999;09;111111111111000000000000;000000000000000000000000;11101000;000;_;e;10;000100000001000000000000;____;12;001;082;004;001;018;033;0425565926;;;;;;;;;;;;;;;;;;;;;;;;;;;;;;;;;;;;;;;;;;;;;;;;;;
11:30:16;12;77;9999;080;999;09;111111111111000000000000;000000000000000000000000;11101000;000;_;e;10;000110000000000000000000;____;05;037;049;033;035;040;011;0425564890;;;;;;;;;;;;;;;;;;;;;;;;;;;;;;;;;;;;;;;;;;;;;;;;;;
11:30:24;12;78;9999;067;652;09;111111111111000000000000;000000000000000000000000;11010000;000;_;;;;;;;;;;;;;;;;;;;;;;;;;;;;;;;;;;;;;;;;;;;;;;;;;;;;;;;;;;;;;;
11:31:41;12;79;9999;071;999;09;111111111111000000000000;000000000000000000000000;11101000;000;_;e;10;110001000000000000000000;____;02;036;098;022;024;042;068;0425565770;;;;;;;;;;;;;;;;;;;;;;;;;;;;;;;;;;;;;;;;;;;;;;;;;;
11:31:58;12;80;9999;073;999;09;111111111111000000000000;000000000000000000000000;11010000;000;_;;;;;;;;;;;;;;;;;;;;;;;;;;;;;;;;;;;;;;;;;;;;;;;;;;;;;;;;;;;;;;
11:33:11;12;81;9999;076;999;09;111111111111000000000000;000000000000000000000000;11101000;000;_;e;10;000011001100000000000000;____;10;045;060;045;043;049;035;0425564892;;;;;;;;;;;;;;;;;;;;;;;;;;;;;;;;;;;;;;;;;;;;;;;;;;
11:33:41;12;82;9999;063;999;08;111111111111000000000000;000000000000000000000000;11101000;000;_;e;10;101001000100000000000000;____;10;002;073;003;-03;013;022;0425564894;;;;;;;;;;;;;;;;;;;;;;;;;;;;;;;;;;;;;;;;;;;;;;;;;;
11:33:45;12;83;9999;056;252;09;111111111111000000000000;000000000000000000000000;11101000;000;_;e;10;001101001101000000000000;____;10;001;075;011;-04;041;135;0425564896;;;;;;;;;;;;;;;;;;;;;;;;;;;;;;;;;;;;;;;;;;;;;;;;;;
11:33:54;12;84;9999;078;719;08;111111111111000000000000;000000000000000000000000;11101000;000;_;e;10;011101100100000000000000;____;03;037;059;043;027;040;071;0425564895;;;;;;;;;;;;;;;;;;;;;;;;;;;;;;;;;;;;;;;;;;;;;;;;;;
11:34:03;12;85;9999;067;644;09;111111111111000000000000;000000000000000000000000;11101000;000;_;e;10;110000000000000000000000;____;02;049;100;012;022;050;035;0425566653;;;;;;;;;;;;;;;;;;;;;;;;;;;;;;;;;;;;;;;;;;;;;;;;;;
11:35:24;12;86;9999;066;999;09;111111111111000000000000;000000000000000000000000;11101000;000;_;e;10;001111000100000000000000;____;10;023;067;036;016;038;099;0425564899;;;;;;;;;;;;;;;;;;;;;;;;;;;;;;;;;;;;;;;;;;;;;;;;;;
11:35:33;12;87;9999;077;652;09;111111111111000000000000;000000000000000000000000;11101000;000;_;e;10;001100000100000000000000;____;04;023;079;032;017;024;037;0425564897;;;;;;;;;;;;;;;;;;;;;;;;;;;;;;;;;;;;;;;;;;;;;;;;;;
11:35:41;12;88;9999;069;660;09;111111111111000000000000;000000000000000000000000;11101000;000;_;e;10;110100000000000000000000;____;01;037;101;014;029;038;064;0425564898;;;;;;;;;;;;;;;;;;;;;;;;;;;;;;;;;;;;;;;;;;;;;;;;;;
11:35:50;12;89;9999;079;649;09;111111111111000000000000;000000000000000000000000;11101000;000;_;e;10;001111101100000000000000;____;05;039;056;041;034;042;128;0425566344;;;;;;;;;;;;;;;;;;;;;;;;;;;;;;;;;;;;;;;;;;;;;;;;;;
12:26:15;12;90;9999;075;999;09;111111111111000000000000;000000000000000000000000;11101000;000;_;e;10;011101001000000000000000;____;04;049;070;038;039;051;071;0425565945;;;;;;;;;;;;;;;;;;;;;;;;;;;;;;;;;;;;;;;;;;;;;;;;;;
12:44:51;12;91;9999;074;999;09;111111111111000000000000;000000000000000000000000;11101000;000;_;e;10;001000001000000000000000;____;03;060;087;033;058;063;045;0425566369;;;;;;;;;;;;;;;;;;;;;;;;;;;;;;;;;;;;;;;;;;;;;;;;;;
12:45:28;12;92;9999;056;999;09;111111111111000000000000;000000000000000000000000;11101000;000;_;e;10;001110001111000000000000;____;10;-04;068;007;-09;028;085;0425566370;;;;;;;;;;;;;;;;;;;;;;;;;;;;;;;;;;;;;;;;;;;;;;;;;;
12:56:49;12;93;9999;077;999;09;111111111111000000000000;000000000000000000000000;11101000;000;_;e;10;001101001000000000000000;____;03;055;075;013;055;059;073;0425565881;;;;;;;;;;;;;;;;;;;;;;;;;;;;;;;;;;;;;;;;;;;;;;;;;;
12:58:03;12;94;9999;057;999;09;111111111111000000000000;000000000000000000000000;11101000;000;_;e;10;000110000100000000000000;____;10;-10;081;008;-13;-03;125;0425566677;;;;;;;;;;;;;;;;;;;;;;;;;;;;;;;;;;;;;;;;;;;;;;;;;;
13:08:19;12;95;9999;055;999;09;111111111111000000000000;000000000000000000000000;11101000;000;_;e;10;011000001101000000000000;____;09;063;080;009;029;063;046;0425565371;;;;;;;;;;;;;;;;;;;;;;;;;;;;;;;;;;;;;;;;;;;;;;;;;;
13:15:23;12;96;9999;077;999;09;111111111111000000000000;000000000000000000000000;11101000;000;_;e;10;110110000000000000000000;____;01;041;101;013;008;043;062;0425566377;;;;;;;;;;;;;;;;;;;;;;;;;;;;;;;;;;;;;;;;;;;;;;;;;;
13:16:10;12;97;9999;074;999;09;111111111111000000000000;000000000000000000000000;11101000;000;_;e;10;001100000100000000000000;____;03;003;061;008;003;029;034;0425565962;;;;;;;;;;;;;;;;;;;;;;;;;;;;;;;;;;;;;;;;;;;;;;;;;;
13:20:43;12;98;9999;074;999;09;111111111111000000000000;000000000000000000000000;11101000;000;_;e;10;000111101000000000000000;____;05;035;054;036;034;044;057;0425565965;;;;;;;;;;;;;;;;;;;;;;;;;;;;;;;;;;;;;;;;;;;;;;;;;;
13:21:13;12;99;9999;076;999;09;111111111111000000000000;000000000000000000000000;11101000;000;_;e;10;111100001000000000000000;____;03;052;085;027;050;053;100;0425566688;;;;;;;;;;;;;;;;;;;;;;;;;;;;;;;;;;;;;;;;;;;;;;;;;;
13:27:26;12;01;9999;078;999;09;111111111111000000000000;000000000000000000000000;11101000;000;_;e;10;000011000000000000000000;____;06;043;057;006;043;043;028;0425566689;;;;;;;;;;;;;;;;;;;;;;;;;;;;;;;;;;;;;;;;;;;;;;;;;;
13:30:25;12;02;9999;075;999;09;111111111111000000000000;000000000000000000000000;11101000;000;_;e;10;001000001000000000000000;____;09;005;069;022;000;005;051;0425565895;;;;;;;;;;;;;;;;;;;;;;;;;;;;;;;;;;;;;;;;;;;;;;;;;;
13:32:46;12;03;9999;074;999;09;111111111111000000000000;000000000000000000000000;11101000;000;_;e;10;001111000100000000000000;____;10;072;080;013;026;073;084;0425566690;;;;;;;;;;;;;;;;;;;;;;;;;;;;;;;;;;;;;;;;;;;;;;;;;;
13:34:03;12;04;9999;075;999;09;111111111111000000000000;000000000000000000000000;11101000;000;_;e;10;111100000000000000000000;____;01;047;088;025;044;049;102;0425566692;;;;;;;;;;;;;;;;;;;;;;;;;;;;;;;;;;;;;;;;;;;;;;;;;;
13:34:29;12;05;9999;073;999;09;111111111111000000000000;000000000000000000000000;11101000;000;_;e;10;010101001000000000000000;____;06;040;077;028;038;042;104;0425566693;;;;;;;;;;;;;;;;;;;;;;;;;;;;;;;;;;;;;;;;;;;;;;;;;;
13:35:25;12;06;9999;078;999;09;111111111111000000000000;000000000000000000000000;11101000;000;_;e;10;001111001100000000000000;____;10;017;080;034;017;039;061;0425566694;;;;;;;;;;;;;;;;;;;;;;;;;;;;;;;;;;;;;;;;;;;;;;;;;;
13:39:10;12;07;9999;075;999;09;111111111111000000000000;000000000000000000000000;11101000;000;_;e;10;110100000101000000000000;____;12;003;072;004;-05;007;057;0425566695;;;;;;;;;;;;;;;;;;;;;;;;;;;;;;;;;;;;;;;;;;;;;;;;;;
13:39:45;12;08;9999;054;999;09;111111111111000000000000;000000000000000000000000;11101000;000;_;e;10;000110100100000000000000;____;10;-06;081;026;-09;-03;049;0425566696;;;;;;;;;;;;;;;;;;;;;;;;;;;;;;;;;;;;;;;;;;;;;;;;;;
13:40:15;12;09;9999;055;999;09;111111111111000000000000;000000000000000000000000;11101000;000;_;e;10;000011111000000000000000;____;05;031;052;008;031;036;089;0425566697;;;;;;;;;;;;;;;;;;;;;;;;;;;;;;;;;;;;;;;;;;;;;;;;;;
13:41:23;12;10;9999;059;999;09;111111111111000000000000;000000000000000000000000;11101000;000;_;e;10;110000000000000000000000;____;02;032;099;007;032;035;040;0425566698;;;;;;;;;;;;;;;;;;;;;;;;;;;;;;;;;;;;;;;;;;;;;;;;;;
13:50:22;12;11;9999;050;999;09;111111111111000000000000;000000000000000000000000;11101000;000;_;e;10;000011110001000000000000;____;05;027;054;009;027;042;065;0425565373;;;;;;;;;;;;;;;;;;;;;;;;;;;;;;;;;;;;;;;;;;;;;;;;;;
13:57:46;12;12;9999;051;999;09;111111111111000000000000;000000000000000000000000;11101000;000;_;e;10;000000001101000000000000;____;12;006;083;004;005;045;032;0425565779;;;;;;;;;;;;;;;;;;;;;;;;;;;;;;;;;;;;;;;;;;;;;;;;;;
14:10:47;12;13;9999;054;999;09;111111111111000000000000;000000000000000000000000;11101000;000;_;e;10;000000001100000000000000;____;10;002;077;017;002;052;049;0425565781;;;;;;;;;;;;;;;;;;;;;;;;;;;;;;;;;;;;;;;;;;;;;;;;;;
14:24:46;12;14;9999;062;999;09;111111111111000000000000;000000000000000000000000;11101000;000;_;e;10;110000000000000000000000;____;01;036;102;011;034;036;081;0425565973;;;;;;;;;;;;;;;;;;;;;;;;;;;;;;;;;;;;;;;;;;;;;;;;;;
14:30:56;12;15;9999;076;999;09;111111111111000000000000;000000000000000000000000;11101000;000;_;e;10;111100100100000000000000;____;07;037;043;030;025;043;137;0425565974;;;;;;;;;;;;;;;;;;;;;;;;;;;;;;;;;;;;;;;;;;;;;;;;;;
15:01:08;12;16;9999;051;999;09;111111111111000000000000;000000000000000000000000;11101000;000;_;e;10;101100001100000000000000;____;10;023;089;038;020;027;084;0425565975;;;;;;;;;;;;;;;;;;;;;;;;;;;;;;;;;;;;;;;;;;;;;;;;;;
15:02:11;12;17;9999;059;999;09;111111111111000000000000;000000000000000000000000;11101000;000;_;e;10;101100000100000000000000;____;03;031;094;043;026;033;056;0425565976;;;;;;;;;;;;;;;;;;;;;;;;;;;;;;;;;;;;;;;;;;;;;;;;;;
15:30:07;12;18;9999;078;999;09;111111111111000000000000;000000000000000000000000;11101000;000;_;e;10;101000001100000000000000;____;01;044;100;025;016;067;032;0425536630;;;;;;;;;;;;;;;;;;;;;;;;;;;;;;;;;;;;;;;;;;;;;;;;;;
15:33:35;12;19;9999;067;999;08;111111111111000000000000;000000000000000000000000;11101000;000;_;e;10;001101001000000000000000;____;09;001;079;032;-01;003;088;0425536640;;;;;;;;;;;;;;;;;;;;;;;;;;;;;;;;;;;;;;;;;;;;;;;;;;
15:35:09;12;20;9999;077;999;09;111111111111000000000000;000000000000000000000000;11101000;000;_;e;10;110000000001000000000000;____;01;002;083;011;002;022;041;0425536645;;;;;;;;;;;;;;;;;;;;;;;;;;;;;;;;;;;;;;;;;;;;;;;;;;
15:35:22;12;21;9999;050;999;09;111111111111000000000000;000000000000000000000000;11101000;000;_;e;10;001111001001000000000000;____;09;064;083;005;054;064;131;0425564684;;;;;;;;;;;;;;;;;;;;;;;;;;;;;;;;;;;;;;;;;;;;;;;;;;
15:43:46;12;22;9999;075;999;09;111111111111000000000000;000000000000000000000000;11101000;000;_;e;10;010101001000000000000000;____;06;020;076;033;019;036;024;0425564691;;;;;;;;;;;;;;;;;;;;;;;;;;;;;;;;;;;;;;;;;;;;;;;;;;
15:46:42;12;23;9999;078;999;09;111111111111000000000000;000000000000000000000000;11101000;000;_;e;10;001111001100000000000000;____;03;-05;062;021;-07;-02;133;0425564694;;;;;;;;;;;;;;;;;;;;;;;;;;;;;;;;;;;;;;;;;;;;;;;;;;
15:49:03;12;24;9999;077;999;09;111111111111000000000000;000000000000000000000000;11101000;000;_;e;10;000111001000000000000000;____;09;006;057;021;003;028;060;0425536646;;;;;;;;;;;;;;;;;;;;;;;;;;;;;;;;;;;;;;;;;;;;;;;;;;
15:52:45;12;25;9999;076;999;09;111111111111000000000000;000000000000000000000000;11101000;000;_;e;10;111000100000000000000000;____;07;030;063;041;019;031;048;0425536647;;;;;;;;;;;;;;;;;;;;;;;;;;;;;;;;;;;;;;;;;;;;;;;;;;
15:58:20;12;26;9999;068;999;09;111111111111000000000000;000000000000000000000000;11101000;000;_;e;10;000011001100000000000000;____;05;033;033;004;026;036;041;0425536648;;;;;;;;;;;;;;;;;;;;;;;;;;;;;;;;;;;;;;;;;;;;;;;;;;
15:59:48;12;27;9999;074;999;09;111111111111000000000000;000000000000000000000000;11101000;000;_;e;10;101101101100000000000000;____;03;036;068;040;020;040;113;0425564698;;;;;;;;;;;;;;;;;;;;;;;;;;;;;;;;;;;;;;;;;;;;;;;;;;
16:01:53;12;28;9999;076;999;09;111111111111000000000000;000000000000000000000000;11101000;000;_;e;10;001111000100000000000000;____;06;031;053;029;031;034;073;0425564699;;;;;;;;;;;;;;;;;;;;;;;;;;;;;;;;;;;;;;;;;;;;;;;;;;
16:01:57;12;29;9999;075;268;09;111111111111000000000000;000000000000000000000000;11101000;000;_;e;10;001111001100000000000000;____;10;036;078;018;009;041;241;0425565374;;;;;;;;;;;;;;;;;;;;;;;;;;;;;;;;;;;;;;;;;;;;;;;;;;
16:03:31;12;30;9999;075;999;09;111111111111000000000000;000000000000000000000000;11101000;000;_;e;10;001111101100000000000000;____;10;045;061;032;023;049;075;0425566385;;;;;;;;;;;;;;;;;;;;;;;;;;;;;;;;;;;;;;;;;;;;;;;;;;
16:07:34;12;31;9999;047;999;09;111111111111000000000000;000000000000000000000000;11101000;000;_;e;10;100000001100000000000000;____;10;049;090;006;022;049;011;0425565375;;;;;;;;;;;;;;;;;;;;;;;;;;;;;;;;;;;;;;;;;;;;;;;;;;
16:08:47;12;32;9999;047;999;09;111111111111000000000000;000000000000000000000000;11101000;000;_;e;10;000111001101000000000000;____;06;019;058;007;017;020;063;0425566391;;;;;;;;;;;;;;;;;;;;;;;;;;;;;;;;;;;;;;;;;;;;;;;;;;
16:16:16;12;33;9999;074;999;09;111111111111000000000000;000000000000000000000000;11101000;000;_;e;10;001111100000000000000000;____;06;034;065;042;031;036;094;0425555909;;;;;;;;;;;;;;;;;;;;;;;;;;;;;;;;;;;;;;;;;;;;;;;;;;
16:19:12;12;34;9999;075;999;09;111111111111000000000000;000000000000000000000000;11101000;000;_;e;10;110011001000000000000000;____;06;059;069;050;048;060;099;0425566397;;;;;;;;;;;;;;;;;;;;;;;;;;;;;;;;;;;;;;;;;;;;;;;;;;
16:19:54;12;35;9999;066;999;09;111111111111000000000000;000000000000000000000000;11101000;000;_;e;10;111000000001000000000000;____;01;034;099;015;014;034;027;0425566398;;;;;;;;;;;;;;;;;;;;;;;;;;;;;;;;;;;;;;;;;;;;;;;;;;
16:32:20;12;36;9999;075;999;09;111111111111000000000000;000000000000000000000000;11101000;000;_;e;10;000111001100000000000000;____;04;070;057;015;056;071;047;0425536653;;;;;;;;;;;;;;;;;;;;;;;;;;;;;;;;;;;;;;;;;;;;;;;;;;
16:38:56;12;37;9999;053;999;09;111111111111000000000000;000000000000000000000000;11101000;000;_;e;10;001111001101000000000000;____;09;063;073;021;057;063;215;0425555911;;;;;;;;;;;;;;;;;;;;;;;;;;;;;;;;;;;;;;;;;;;;;;;;;;
16:59:18;12;38;9999;074;999;09;111111111111000000000000;000000000000000000000000;11101000;000;_;e;10;000100001100000000000000;____;04;030;070;032;007;031;083;0425573703;;;;;;;;;;;;;;;;;;;;;;;;;;;;;;;;;;;;;;;;;;;;;;;;;;
17:02:02;12;39;9999;054;999;09;111111111111000000000000;000000000000000000000000;11101000;000;_;e;10;000100000101000000000000;____;10;-06;077;013;-06;001;023;0425573705;;;;;;;;;;;;;;;;;;;;;;;;;;;;;;;;;;;;;;;;;;;;;;;;;;
17:02:40;12;40;9999;045;999;09;111111111111000000000000;000000000000000000000000;11101000;000;_;e;10;101111101000000000000000;____;06;016;084;031;010;019;090;0425573706;;;;;;;;;;;;;;;;;;;;;;;;;;;;;;;;;;;;;;;;;;;;;;;;;;
17:06:32;12;41;9999;054;999;09;111111111111000000000000;000000000000000000000000;11101000;000;_;e;10;100000001100000000000000;____;09;058;079;014;035;058;021;0425555915;;;;;;;;;;;;;;;;;;;;;;;;;;;;;;;;;;;;;;;;;;;;;;;;;;
17:10:40;12;42;9999;075;999;09;111111111111000000000000;000000000000000000000000;11101000;000;_;e;10;001111001100000000000000;____;06;053;062;026;052;059;170;0425565792;;;;;;;;;;;;;;;;;;;;;;;;;;;;;;;;;;;;;;;;;;;;;;;;;;
17:14:35;12;43;9999;075;999;09;111111111111000000000000;000000000000000000000000;11101000;000;_;e;10;001001001100000000000000;____;06;037;045;022;036;041;115;0425536668;;;;;;;;;;;;;;;;;;;;;;;;;;;;;;;;;;;;;;;;;;;;;;;;;;
17:14:43;12;44;9999;059;639;09;111111111111000000000000;000000000000000000000000;11101000;000;_;e;10;000000001100000000000000;____;10;004;080;009;004;025;029;0425565794;;;;;;;;;;;;;;;;;;;;;;;;;;;;;;;;;;;;;;;;;;;;;;;;;;
17:21:55;12;45;9999;056;999;09;111111111111000000000000;000000000000000000000000;11101000;000;_;e;10;011100001101000000000000;____;10;-12;085;007;-13;-02;145;0425565395;;;;;;;;;;;;;;;;;;;;;;;;;;;;;;;;;;;;;;;;;;;;;;;;;;
17:22:12;12;46;9999;073;999;09;111111111111000000000000;000000000000000000000000;11101000;000;_;e;10;110100000101000000000000;____;10;010;088;006;009;040;179;0425573117;;;;;;;;;;;;;;;;;;;;;;;;;;;;;;;;;;;;;;;;;;;;;;;;;;
17:22:55;12;47;9999;074;999;09;111111111111000000000000;000000000000000000000000;11101000;000;_;e;10;000110000100000000000000;____;05;025;090;007;025;027;040;0425555918;;;;;;;;;;;;;;;;;;;;;;;;;;;;;;;;;;;;;;;;;;;;;;;;;;
17:31:02;12;48;9999;075;999;09;111111111111000000000000;000000000000000000000000;11101000;000;_;e;10;001111000100000000000000;____;05;011;085;001;006;034;094;0425573713;;;;;;;;;;;;;;;;;;;;;;;;;;;;;;;;;;;;;;;;;;;;;;;;;;
17:32:15;12;49;9999;075;999;09;111111111111000000000000;000000000000000000000000;11101000;000;_;e;10;101111001100000000000000;____;10;073;064;020;027;076;166;0425565984;;;;;;;;;;;;;;;;;;;;;;;;;;;;;;;;;;;;;;;;;;;;;;;;;;
17:34:27;12;50;9999;075;999;09;111111111111000000000000;000000000000000000000000;11101000;000;_;e;10;001001001100000000000000;____;10;069;078;017;028;070;024;0425574000;;;;;;;;;;;;;;;;;;;;;;;;;;;;;;;;;;;;;;;;;;;;;;;;;;
17:36:44;12;51;9999;075;999;09;111111111111000000000000;000000000000000000000000;11101000;000;_;e;10;001111111100000000000000;____;10;038;052;028;038;047;121;0425573715;;;;;;;;;;;;;;;;;;;;;;;;;;;;;;;;;;;;;;;;;;;;;;;;;;
17:42:05;12;52;9999;075;999;09;111111111111000000000000;000000000000000000000000;11101000;000;_;e;10;001111001100000000000000;____;05;062;059;008;058;066;120;0425574003;;;;;;;;;;;;;;;;;;;;;;;;;;;;;;;;;;;;;;;;;;;;;;;;;;
17:42:34;12;53;9999;053;999;09;111111111111000000000000;000000000000000000000000;11101000;000;_;e;10;001001000100000000000000;____;10;-02;082;004;-02;015;025;0425555921;;;;;;;;;;;;;;;;;;;;;;;;;;;;;;;;;;;;;;;;;;;;;;;;;;
17:43:13;12;54;9999;075;999;09;111111111111000000000000;000000000000000000000000;11101000;000;_;e;10;001110001100000000000000;____;03;052;079;029;048;059;079;0425574100;;;;;;;;;;;;;;;;;;;;;;;;;;;;;;;;;;;;;;;;;;;;;;;;;;
17:44:12;12;55;9999;046;999;09;111111111111000000000000;000000000000000000000000;11101000;000;_;e;10;111111000101000000000000;____;10;-04;085;005;-14;019;142;0425574005;;;;;;;;;;;;;;;;;;;;;;;;;;;;;;;;;;;;;;;;;;;;;;;;;;
17:51:33;12;56;9999;078;999;09;111111111111000000000000;000000000000000000000000;11101000;000;_;e;10;000011110100000000000000;____;05;041;058;030;040;045;137;0425573127;;;;;;;;;;;;;;;;;;;;;;;;;;;;;;;;;;;;;;;;;;;;;;;;;;
17:55:20;12;57;9999;075;999;09;111111111111000000000000;000000000000000000000000;11101000;000;_;e;10;001101001000000000000000;____;03;032;083;016;031;033;080;0425573128;;;;;;;;;;;;;;;;;;;;;;;;;;;;;;;;;;;;;;;;;;;;;;;;;;
17:56:20;12;58;9999;074;999;09;111111111111000000000000;000000000000000000000000;11101000;000;_;e;10;001111001100000000000000;____;03;042;078;038;035;043;092;0425574201;;;;;;;;;;;;;;;;;;;;;;;;;;;;;;;;;;;;;;;;;;;;;;;;;;
17:57:36;12;59;9999;074;999;09;111111111111000000000000;000000000000000000000000;11101000;000;_;e;10;111101110000000000000000;____;02;042;064;035;019;042;113;0425574110;;;;;;;;;;;;;;;;;;;;;;;;;;;;;;;;;;;;;;;;;;;;;;;;;;
17:59:02;12;60;9999;055;999;09;111111111111000000000000;000000000000000000000000;11101000;000;_;e;10;101101001101000000000000;____;03;-03;081;017;-09;025;135;0425574112;;;;;;;;;;;;;;;;;;;;;;;;;;;;;;;;;;;;;;;;;;;;;;;;;;
18:06:09;12;61;9999;080;999;09;111111111111000000000000;000000000000000000000000;11101000;000;_;e;10;001101001100000000000000;____;10;003;079;004;003;047;145;0425574011;;;;;;;;;;;;;;;;;;;;;;;;;;;;;;;;;;;;;;;;;;;;;;;;;;
18:08:52;12;62;9999;046;999;09;111111111111000000000000;000000000000000000000000;11101000;000;_;e;10;001000001001000000000000;____;09;055;082;010;025;055;074;0425574210;;;;;;;;;;;;;;;;;;;;;;;;;;;;;;;;;;;;;;;;;;;;;;;;;;
18:11:04;12;63;9999;077;999;09;111111111111000000000000;000000000000000000000000;11101000;000;_;e;10;111000001100000000000000;____;01;042;098;015;021;045;058;0425573129;;;;;;;;;;;;;;;;;;;;;;;;;;;;;;;;;;;;;;;;;;;;;;;;;;
18:12:47;12;64;9999;065;999;09;111111111111000000000000;000000000000000000000000;11101000;000;_;e;10;111100000000000000000000;____;01;034;097;024;034;037;095;0425574214;;;;;;;;;;;;;;;;;;;;;;;;;;;;;;;;;;;;;;;;;;;;;;;;;;
18:26:50;12;65;9999;074;999;09;111111111111000000000000;000000000000000000000000;11101000;000;_;e;10;001111000100000000000000;____;05;027;068;032;026;060;090;0425574019;;;;;;;;;;;;;;;;;;;;;;;;;;;;;;;;;;;;;;;;;;;;;;;;;;
18:27:21;12;66;9999;068;999;08;111111111111000000000000;000000000000000000000000;11101000;000;_;e;10;001001001001000000000000;____;09;075;075;008;021;076;074;0425574129;;;;;;;;;;;;;;;;;;;;;;;;;;;;;;;;;;;;;;;;;;;;;;;;;;
18:29:17;12;67;9999;075;999;09;111111111111000000000000;000000000000000000000000;11101000;000;_;e;10;001111011100000000000000;____;06;044;066;042;042;053;084;0425574405;;;;;;;;;;;;;;;;;;;;;;;;;;;;;;;;;;;;;;;;;;;;;;;;;;
18:41:01;12;68;9999;056;999;09;111111111111000000000000;000000000000000000000000;11101000;000;_;e;10;001011110000000000000000;____;07;037;048;013;027;039;044;0425574232;;;;;;;;;;;;;;;;;;;;;;;;;;;;;;;;;;;;;;;;;;;;;;;;;;
18:48:32;12;69;9999;081;999;09;111111111111000000000000;000000000000000000000000;11101000;000;_;e;10;001000000000000000000000;____;03;024;057;029;024;024;002;0425574025;;;;;;;;;;;;;;;;;;;;;;;;;;;;;;;;;;;;;;;;;;;;;;;;;;
18:48:39;12;70;9999;075;581;09;111111111111000000000000;000000000000000000000000;11101000;000;_;e;10;001101001100000000000000;____;03;065;073;010;032;068;057;0425574238;;;;;;;;;;;;;;;;;;;;;;;;;;;;;;;;;;;;;;;;;;;;;;;;;;
19:06:28;12;71;9999;075;999;09;111111111111000000000000;000000000000000000000000;11101000;000;_;e;10;001110100100000000000000;____;03;050;061;035;034;061;073;0425574031;;;;;;;;;;;;;;;;;;;;;;;;;;;;;;;;;;;;;;;;;;;;;;;;;;
19:10:21;12;72;9999;076;999;09;111111111111000000000000;000000000000000000000000;11101000;000;_;e;10;111011101100000000000000;____;10;047;071;040;028;050;144;0425574247;;;;;;;;;;;;;;;;;;;;;;;;;;;;;;;;;;;;;;;;;;;;;;;;;;
20:13:41;12;73;9999;079;999;09;111111111111000000000000;000000000000000000000000;11101000;000;_;e;10;000011111000000000000000;____;05;047;056;023;038;055;179;0425575918;;;;;;;;;;;;;;;;;;;;;;;;;;;;;;;;;;;;;;;;;;;;;;;;;;
20:14:13;12;74;9999;076;999;09;111111111111000000000000;000000000000000000000000;11101000;000;_;e;10;001011000000000000000000;____;06;048;056;018;035;048;038;0425574424;;;;;;;;;;;;;;;;;;;;;;;;;;;;;;;;;;;;;;;;;;;;;;;;;;
20:18:04;12;75;9999;065;999;09;111111111111000000000000;000000000000000000000000;11101000;000;_;e;10;001011110001000000000000;____;05;029;054;003;015;031;105;0425574302;;;;;;;;;;;;;;;;;;;;;;;;;;;;;;;;;;;;;;;;;;;;;;;;;;
20:21:55;12;76;9999;059;999;09;111111111111000000000000;000000000000000000000000;11101000;000;_;e;10;000110000101000000000000;____;10;-12;075;007;-16;017;093;0425574425;;;;;;;;;;;;;;;;;;;;;;;;;;;;;;;;;;;;;;;;;;;;;;;;;;
20:24:42;12;77;9999;075;999;09;111111111111000000000000;000000000000000000000000;11101000;000;_;e;10;001111001100000000000000;____;06;045;056;030;033;049;066;0425577003;;;;;;;;;;;;;;;;;;;;;;;;;;;;;;;;;;;;;;;;;;;;;;;;;;
20:24:46;12;78;9999;074;305;09;111111111111000000000000;000000000000000000000000;11101000;000;_;e;10;001111000100000000000000;____;10;003;064;037;-02;010;075;0425577004;;;;;;;;;;;;;;;;;;;;;;;;;;;;;;;;;;;;;;;;;;;;;;;;;;
20:26:12;12;79;9999;057;999;09;111111111111000000000000;000000000000000000000000;11101000;000;_;e;10;001110000100000000000000;____;10;-08;079;011;-11;-01;091;0425577005;;;;;;;;;;;;;;;;;;;;;;;;;;;;;;;;;;;;;;;;;;;;;;;;;;
20:31:19;12;80;9999;072;999;09;111111111111000000000000;000000000000000000000000;11101000;000;_;e;10;110000000001000000000000;____;01;045;100;016;038;049;042;0425576804;;;;;;;;;;;;;;;;;;;;;;;;;;;;;;;;;;;;;;;;;;;;;;;;;;
20:31:23;12;81;9999;057;233;09;111111111111000000000000;000000000000000000000000;11101000;000;_;e;10;000001110000000000000000;____;07;029;047;008;023;032;058;0425574607;;;;;;;;;;;;;;;;;;;;;;;;;;;;;;;;;;;;;;;;;;;;;;;;;;
20:38:39;12;82;9999;059;999;09;111111111111000000000000;000000000000000000000000;11101000;000;_;e;10;001110000101000000000000;____;10;-04;071;008;-04;035;048;0425577006;;;;;;;;;;;;;;;;;;;;;;;;;;;;;;;;;;;;;;;;;;;;;;;;;;
20:43:00;12;83;9999;052;999;09;111111111111000000000000;000000000000000000000000;11101000;000;_;e;10;000000010100000000000000;____;10;-03;068;003;-03;015;025;0425576805;;;;;;;;;;;;;;;;;;;;;;;;;;;;;;;;;;;;;;;;;;;;;;;;;;
20:44:00;12;84;9999;074;999;09;111111111111000000000000;000000000000000000000000;11101000;000;_;e;10;111000000000000000000000;____;03;042;084;028;038;042;073;0425577015;;;;;;;;;;;;;;;;;;;;;;;;;;;;;;;;;;;;;;;;;;;;;;;;;;
21:11:11;12;85;9999;075;999;09;111111111111000000000000;000000000000000000000000;11101000;000;_;e;10;111100000100000000000000;____;04;040;076;021;037;041;061;0425574623;;;;;;;;;;;;;;;;;;;;;;;;;;;;;;;;;;;;;;;;;;;;;;;;;;
21:12:14;12;86;9999;075;999;09;111111111111000000000000;000000000000000000000000;11101000;000;_;e;10;001111001100000000000000;____;09;034;057;037;020;037;117;0425577024;;;;;;;;;;;;;;;;;;;;;;;;;;;;;;;;;;;;;;;;;;;;;;;;;;
21:17:40;12;87;9999;076;999;08;111111111111000000000000;000000000000000000000000;11101000;000;_;e;10;001101001100000000000000;____;09;045;067;033;042;045;129;0425574326;;;;;;;;;;;;;;;;;;;;;;;;;;;;;;;;;;;;;;;;;;;;;;;;;;
21:18:01;12;88;9999;075;999;09;111111111111000000000000;000000000000000000000000;11101000;000;_;e;10;011111001100000000000000;____;05;039;061;041;038;042;171;0425574325;;;;;;;;;;;;;;;;;;;;;;;;;;;;;;;;;;;;;;;;;;;;;;;;;;
21:32:20;12;89;9999;074;999;09;111111111111000000000000;000000000000000000000000;11101000;000;_;e;10;001111101100000000000000;____;05;044;062;037;042;048;152;0425575940;;;;;;;;;;;;;;;;;;;;;;;;;;;;;;;;;;;;;;;;;;;;;;;;;;
21:33:03;12;90;9999;045;999;09;111111111111000000000000;000000000000000000000000;11101000;000;_;e;10;000011101101000000000000;____;06;015;061;010;-04;020;042;0425574332;;;;;;;;;;;;;;;;;;;;;;;;;;;;;;;;;;;;;;;;;;;;;;;;;;
21:35:08;12;91;9999;067;999;09;111111111111000000000000;000000000000000000000000;11101000;000;_;e;10;100100000000000000000000;____;01;033;096;023;020;033;005;0425574626;;;;;;;;;;;;;;;;;;;;;;;;;;;;;;;;;;;;;;;;;;;;;;;;;;
21:36:34;12;92;9999;075;999;09;111111111111000000000000;000000000000000000000000;11101000;000;_;e;10;011111000100000000000000;____;10;018;070;040;016;041;105;0425576819;;;;;;;;;;;;;;;;;;;;;;;;;;;;;;;;;;;;;;;;;;;;;;;;;;
21:37:11;12;93;9999;065;999;09;111111111111000000000000;000000000000000000000000;11101000;000;_;e;10;110000000000000000000000;____;01;032;098;009;032;034;062;0425536686;;;;;;;;;;;;;;;;;;;;;;;;;;;;;;;;;;;;;;;;;;;;;;;;;;
21:38:11;12;94;9999;076;999;09;111111111111000000000000;000000000000000000000000;11101000;000;_;e;10;111100101100000000000000;____;10;039;070;042;032;050;117;0425577035;;;;;;;;;;;;;;;;;;;;;;;;;;;;;;;;;;;;;;;;;;;;;;;;;;
21:41:54;12;95;9999;064;999;09;111111111111000000000000;000000000000000000000000;11101000;000;_;e;10;001111000101000000000000;____;10;-02;080;002;-05;018;076;0425574333;;;;;;;;;;;;;;;;;;;;;;;;;;;;;;;;;;;;;;;;;;;;;;;;;;
21:42:50;12;96;9999;074;999;09;111111111111000000000000;000000000000000000000000;11101000;000;_;e;10;000010000000000000000000;____;05;011;067;003;011;011;016;0425576822;;;;;;;;;;;;;;;;;;;;;;;;;;;;;;;;;;;;;;;;;;;;;;;;;;
21:42:54;12;97;9999;076;278;09;111111111111000000000000;000000000000000000000000;11101000;000;_;e;10;000010001000000000000000;____;09;064;065;010;036;064;046;0425576823;;;;;;;;;;;;;;;;;;;;;;;;;;;;;;;;;;;;;;;;;;;;;;;;;;
21:43:45;12;98;9999;076;999;09;111111111111000000000000;000000000000000000000000;11101000;000;_;e;10;101001001100000000000000;____;06;039;061;035;018;039;039;0425576824;;;;;;;;;;;;;;;;;;;;;;;;;;;;;;;;;;;;;;;;;;;;;;;;;;
21:48:44;12;99;9999;075;999;09;111111111111000000000000;000000000000000000000000;11101000;000;_;e;10;001110001100000000000000;____;04;043;075;027;039;044;086;0425575942;;;;;;;;;;;;;;;;;;;;;;;;;;;;;;;;;;;;;;;;;;;;;;;;;;
21:49:23;12;01;9999;058;999;09;111111111111000000000000;000000000000000000000000;11101000;000;_;e;10;000000001100000000000000;____;10;-01;078;021;-01;025;030;0425575943;;;;;;;;;;;;;;;;;;;;;;;;;;;;;;;;;;;;;;;;;;;;;;;;;;
21:49:36;12;02;9999;075;999;09;111111111111000000000000;000000000000000000000000;11101000;000;_;e;10;101101001100000000000000;____;10;050;075;037;049;061;105;0425575944;;;;;;;;;;;;;;;;;;;;;;;;;;;;;;;;;;;;;;;;;;;;;;;;;;
21:49:40;12;03;9999;075;260;09;111111111111000000000000;000000000000000000000000;11101000;000;_;e;10;001101001000000000000000;____;09;061;073;016;015;062;056;0425536690;;;;;;;;;;;;;;;;;;;;;;;;;;;;;;;;;;;;;;;;;;;;;;;;;;
21:49:57;12;04;9999;057;999;09;111111111111000000000000;000000000000000000000000;11101000;000;_;e;10;111100010101000000000000;____;02;-05;093;007;-06;032;070;0425575945;;;;;;;;;;;;;;;;;;;;;;;;;;;;;;;;;;;;;;;;;;;;;;;;;;
21:50:14;12;05;9999;058;999;09;111111111111000000000000;000000000000000000000000;11101000;000;_;e;10;000011111100000000000000;____;06;027;056;024;015;034;039;0425575946;;;;;;;;;;;;;;;;;;;;;;;;;;;;;;;;;;;;;;;;;;;;;;;;;;
21:50:27;12;06;9999;062;999;09;111111111111000000000000;000000000000000000000000;11101000;000;_;e;10;010000000100000000000000;____;02;003;080;010;003;009;039;0425575947;;;;;;;;;;;;;;;;;;;;;;;;;;;;;;;;;;;;;;;;;;;;;;;;;;
21:51:06;12;07;9999;079;999;09;111111111111000000000000;000000000000000000000000;11101000;000;_;e;10;001100001100000000000000;____;03;040;078;039;037;040;064;0425575948;;;;;;;;;;;;;;;;;;;;;;;;;;;;;;;;;;;;;;;;;;;;;;;;;;
21:52:31;12;08;9999;044;999;08;111111111111000000000000;000000000000000000000000;11101000;000;_;e;10;001111001101000000000000;____;04;054;071;020;026;060;134;0425577037;;;;;;;;;;;;;;;;;;;;;;;;;;;;;;;;;;;;;;;;;;;;;;;;;;
21:54:09;12;09;9999;064;999;09;111111111111000000000000;000000000000000000000000;11101000;000;_;e;10;011110001100000000000000;____;10;003;074;026;-01;022;078;0425574629;;;;;;;;;;;;;;;;;;;;;;;;;;;;;;;;;;;;;;;;;;;;;;;;;;
22:04:16;12;10;9999;057;999;09;111111111111000000000000;000000000000000000000000;11101000;000;_;e;10;000100001101000000000000;____;12;001;083;004;001;025;013;0425536693;;;;;;;;;;;;;;;;;;;;;;;;;;;;;;;;;;;;;;;;;;;;;;;;;;
22:11:23;12;11;9999;070;999;09;111111111111000000000000;000000000000000000000000;11101000;000;_;e;10;110100000100000000000000;____;10;013;089;011;012;015;035;0425576838;;;;;;;;;;;;;;;;;;;;;;;;;;;;;;;;;;;;;;;;;;;;;;;;;;
22:12:19;12;12;9999;073;999;09;111111111111000000000000;000000000000000000000000;11101000;000;_;e;10;001101001000000000000000;____;03;038;085;030;034;039;084;0425536696;;;;;;;;;;;;;;;;;;;;;;;;;;;;;;;;;;;;;;;;;;;;;;;;;;
22:24:33;12;13;9999;076;999;09;111111111111000000000000;000000000000000000000000;11101000;000;_;e;10;101110000000000000000000;____;03;049;085;032;033;050;044;0425536697;;;;;;;;;;;;;;;;;;;;;;;;;;;;;;;;;;;;;;;;;;;;;;;;;;
22:24:59;12;14;9999;057;999;09;111111111111000000000000;000000000000000000000000;11101000;000;_;e;10;000000000001000000000000;____;12;001;076;004;001;001;005;0425536698;;;;;;;;;;;;;;;;;;;;;;;;;;;;;;;;;;;;;;;;;;;;;;;;;;
22:25:07;12;15;9999;066;605;09;111111111111000000000000;000000000000000000000000;11101000;000;_;e;10;001100000100000000000000;____;10;007;077;011;007;008;091;0425536699;;;;;;;;;;;;;;;;;;;;;;;;;;;;;;;;;;;;;;;;;;;;;;;;;;
22:27:15;12;16;9999;054;999;09;111111111111000000000000;000000000000000000000000;11101000;000;_;e;10;000110000100000000000000;____;10;002;077;019;001;013;048;0425574633;;;;;;;;;;;;;;;;;;;;;;;;;;;;;;;;;;;;;;;;;;;;;;;;;;
22:35:57;12;17;9999;071;999;08;111111111111000000000000;000000000000000000000000;11101000;000;_;e;10;000110001100000000000000;____;10;004;070;017;004;036;045;0425574342;;;;;;;;;;;;;;;;;;;;;;;;;;;;;;;;;;;;;;;;;;;;;;;;;;
22:37:56;12;18;9999;074;999;09;111111111111000000000000;000000000000000000000000;11101000;000;_;e;10;001110010100000000000000;____;04;051;069;036;040;051;060;0425574341;;;;;;;;;;;;;;;;;;;;;;;;;;;;;;;;;;;;;;;;;;;;;;;;;;
22:43:21;12;19;9999;075;999;09;111111111111000000000000;000000000000000000000000;11101000;000;_;e;10;000100000000000000000000;____;04;012;081;014;012;012;006;0425574634;;;;;;;;;;;;;;;;;;;;;;;;;;;;;;;;;;;;;;;;;;;;;;;;;;
22:52:19;12;20;9999;073;999;09;111111111111000000000000;000000000000000000000000;11101000;000;_;e;10;110000000000000000000000;____;01;035;101;012;034;063;061;0425574635;;;;;;;;;;;;;;;;;;;;;;;;;;;;;;;;;;;;;;;;;;;;;;;;;;
23:16:40;12;21;9999;052;999;09;111111111111000000000000;000000000000000000000000;11101000;000;_;e;10;000000000100000000000000;____;10;-04;073;012;-04;-01;014;0425574704;;;;;;;;;;;;;;;;;;;;;;;;;;;;;;;;;;;;;;;;;;;;;;;;;;
