RDT400 Server V3.30
Site: 
System: Barcode scanner PLC02 (Sick); System type: OPS
Date: 25-12-2024  00:00:00
Date    ;ID;CT;IDX ;TLE;TGA;V ;DEVICE LIST             ;ERROR LIST              ;OUTPUT  ;ENR;R;CODE1 ID;LENGTH;READ LIST;RES;CLV ID;XPOS;YPOS;ZPOS;XMIN;XMAX;CS;CODE CONTENT;XPOS;YPOS;ZPOS;XMIN;XMAX;CS;CODE CONTENT;CODE2 ID;LENGTH;READ LIST;RES;CLV ID;XPOS;YPOS;ZPOS;XMIN;XMAX;CS;CODE CONTENT;XPOS;YPOS;ZPOS;XMIN;XMAX;CS;CODE CONTENT;CODE3 ID;LENGTH;READ LIST;RES;CLV ID;XPOS;YPOS;ZPOS;XMIN;XMAX;CS;CODE CONTENT;XPOS;YPOS;ZPOS;XMIN;XMAX;CS;CODE CONTENT;INFO1;INFO2;CUSTOM1;CUSTOM2;
04:30:07;12;93;9999;074;999;09;111111111111000000000000;000000000000000000000000;11101000;000;_;e;10;001111001100000000000000;____;03;032;069;031;031;035;135;0425634562;;;;;;;;;;;;;;;;;;;;;;;;;;;;;;;;;;;;;;;;;;;;;;;;;;
04:32:37;12;94;9999;059;999;09;111111111111000000000000;000000000000000000000000;11101000;000;_;e;10;111100100000000000000000;____;03;035;091;022;034;037;057;0425663722;;;;;;;;;;;;;;;;;;;;;;;;;;;;;;;;;;;;;;;;;;;;;;;;;;
04:34:45;12;95;9999;076;999;09;111111111111000000000000;000000000000000000000000;11101000;000;_;e;10;101111101100000000000000;____;06;037;068;035;026;041;142;0425664506;;;;;;;;;;;;;;;;;;;;;;;;;;;;;;;;;;;;;;;;;;;;;;;;;;
04:47:22;12;96;9999;074;999;09;111111111111000000000000;000000000000000000000000;11101000;000;_;e;10;000110110000000000000000;____;08;045;044;023;044;049;033;0425663725;;;;;;;;;;;;;;;;;;;;;;;;;;;;;;;;;;;;;;;;;;;;;;;;;;
04:53:30;12;97;9999;073;999;09;111111111111000000000000;000000000000000000000000;11101000;000;_;e;10;110010100000000000000000;____;02;044;090;023;033;044;016;0425663727;;;;;;;;;;;;;;;;;;;;;;;;;;;;;;;;;;;;;;;;;;;;;;;;;;
05:09:05;12;98;9999;055;999;09;111111111111000000000000;000000000000000000000000;11101000;000;_;e;10;101111001101000000000000;____;03;063;082;008;043;068;192;0425664513;;;;;;;;;;;;;;;;;;;;;;;;;;;;;;;;;;;;;;;;;;;;;;;;;;
05:09:46;12;99;9999;075;999;09;111111111111000000000000;000000000000000000000000;11101000;000;_;e;10;111100000100000000000000;____;03;049;070;024;047;054;101;0425648055;;;;;;;;;;;;;;;;;;;;;;;;;;;;;;;;;;;;;;;;;;;;;;;;;;
05:09:59;12;01;9999;054;999;09;111111111111000000000000;000000000000000000000000;11101000;000;_;e;10;000111110100000000000000;____;07;029;068;033;024;030;068;0425666731;;;;;;;;;;;;;;;;;;;;;;;;;;;;;;;;;;;;;;;;;;;;;;;;;;
05:10:41;12;02;9999;070;999;09;111111111111000000000000;000000000000000000000000;11101000;000;_;e;10;111001000100000000000000;____;02;039;100;022;035;045;064;0425666616;;;;;;;;;;;;;;;;;;;;;;;;;;;;;;;;;;;;;;;;;;;;;;;;;;
05:11:15;12;03;9999;080;999;09;111111111111000000000000;000000000000000000000000;11101000;000;_;e;10;001111001100000000000000;____;10;039;057;044;033;047;139;0425648054;;;;;;;;;;;;;;;;;;;;;;;;;;;;;;;;;;;;;;;;;;;;;;;;;;
05:12:24;12;04;9999;076;999;08;111111111111000000000000;000000000000000000000000;11101000;000;_;e;10;101001001000000000000000;____;09;073;080;034;041;073;069;0425648051;;;;;;;;;;;;;;;;;;;;;;;;;;;;;;;;;;;;;;;;;;;;;;;;;;
05:13:28;12;05;9999;079;999;09;111111111111000000000000;000000000000000000000000;11101000;000;_;e;10;001110001100000000000000;____;04;043;068;026;039;046;118;0425664515;;;;;;;;;;;;;;;;;;;;;;;;;;;;;;;;;;;;;;;;;;;;;;;;;;
05:14:01;12;06;9999;053;999;09;111111111111000000000000;000000000000000000000000;11101000;000;_;e;10;011101001000000000000000;____;06;032;087;041;029;034;080;0425664514;;;;;;;;;;;;;;;;;;;;;;;;;;;;;;;;;;;;;;;;;;;;;;;;;;
05:14:10;12;07;9999;074;716;09;111111111111000000000000;000000000000000000000000;11101000;000;_;e;10;001111000100000000000000;____;04;047;057;030;045;048;111;0425666617;;;;;;;;;;;;;;;;;;;;;;;;;;;;;;;;;;;;;;;;;;;;;;;;;;
05:14:58;12;08;9999;074;999;09;111111111111000000000000;000000000000000000000000;11001000;000;_;e;10;111100000001000000000000;____;02;038;095;020;036;041;052;0425666618;047;073;004;023;047;033;0050120042;;;;;;;;;;;;;;;;;;;;;;;;;;;;;;;;;;;;;;;;;;;
05:16:01;12;09;9999;069;999;09;111111111111000000000000;000000000000000000000000;11101000;000;_;e;10;110000001100000000000000;____;01;029;094;032;029;034;043;0425666620;;;;;;;;;;;;;;;;;;;;;;;;;;;;;;;;;;;;;;;;;;;;;;;;;;
05:16:23;12;10;9999;075;999;09;111111111111000000000000;000000000000000000000000;11101000;000;_;e;10;001111001100000000000000;____;09;004;073;023;-02;029;108;0425666619;;;;;;;;;;;;;;;;;;;;;;;;;;;;;;;;;;;;;;;;;;;;;;;;;;
05:17:31;12;11;9999;066;999;08;111111111111000000000000;000000000000000000000000;11101000;000;_;e;10;010000000000000000000000;____;02;045;100;022;043;045;008;0425666621;;;;;;;;;;;;;;;;;;;;;;;;;;;;;;;;;;;;;;;;;;;;;;;;;;
05:18:36;12;12;9999;070;999;09;111111111111000000000000;000000000000000000000000;11101000;000;_;e;10;001110000000000000000000;____;03;039;080;036;034;041;045;0425666730;;;;;;;;;;;;;;;;;;;;;;;;;;;;;;;;;;;;;;;;;;;;;;;;;;
05:19:27;12;13;9999;070;999;09;111111111111000000000000;000000000000000000000000;11101000;000;_;e;10;001111101100000000000000;____;05;037;056;038;005;041;092;0425666729;;;;;;;;;;;;;;;;;;;;;;;;;;;;;;;;;;;;;;;;;;;;;;;;;;
05:20:13;12;14;9999;081;999;09;111111111111000000000000;000000000000000000000000;11101000;000;_;e;10;001111001100000000000000;____;06;045;064;038;044;049;094;0425666623;;;;;;;;;;;;;;;;;;;;;;;;;;;;;;;;;;;;;;;;;;;;;;;;;;
05:32:13;12;15;9999;068;999;09;111111111111000000000000;000000000000000000000000;11101000;000;_;e;10;011100000000000000000000;____;04;039;090;027;037;039;086;0425634578;;;;;;;;;;;;;;;;;;;;;;;;;;;;;;;;;;;;;;;;;;;;;;;;;;
05:32:43;12;16;9999;075;999;09;111111111111000000000000;000000000000000000000000;11101000;000;_;e;10;001111101100000000000000;____;03;040;066;030;025;043;135;0425648060;;;;;;;;;;;;;;;;;;;;;;;;;;;;;;;;;;;;;;;;;;;;;;;;;;
05:32:52;12;17;9999;083;697;09;111111111111000000000000;000000000000000000000000;11101000;000;_;e;10;110000000000000000000000;____;01;048;094;010;045;048;054;0425634579;;;;;;;;;;;;;;;;;;;;;;;;;;;;;;;;;;;;;;;;;;;;;;;;;;
05:33:08;12;18;9999;077;999;09;111111111111000000000000;000000000000000000000000;11101000;000;_;e;10;001100111110000000000000;____;03;048;034;026;048;059;114;0425666626;;;;;;;;;;;;;;;;;;;;;;;;;;;;;;;;;;;;;;;;;;;;;;;;;;
05:33:26;12;19;9999;053;999;09;111111111111000000000000;000000000000000000000000;11010000;000;_;;;;;;;;;;;;;;;;;;;;;;;;;;;;;;;;;;;;;;;;;;;;;;;;;;;;;;;;;;;;;;
05:34:51;12;20;9999;077;999;09;111111111111000000000000;000000000000000000000000;11101000;000;_;e;10;000011110000000000000000;____;06;041;054;027;040;044;107;0425666627;;;;;;;;;;;;;;;;;;;;;;;;;;;;;;;;;;;;;;;;;;;;;;;;;;
05:45:01;12;21;9999;074;999;08;111111111111000000000000;000000000000000000000000;11101000;000;_;e;10;000000000100000000000000;____;10;001;069;003;-02;001;007;0425664525;;;;;;;;;;;;;;;;;;;;;;;;;;;;;;;;;;;;;;;;;;;;;;;;;;
05:46:26;12;22;9999;071;999;09;111111111111000000000000;000000000000000000000000;11101000;000;_;e;10;011000001001000000000000;____;09;067;076;010;067;073;052;0425659564;;;;;;;;;;;;;;;;;;;;;;;;;;;;;;;;;;;;;;;;;;;;;;;;;;
05:46:34;12;23;9999;061;649;09;111111111111000000000000;000000000000000000000000;11101000;000;_;e;10;100000011100000000000000;____;01;034;102;010;016;038;041;0425663746;;;;;;;;;;;;;;;;;;;;;;;;;;;;;;;;;;;;;;;;;;;;;;;;;;
05:46:43;12;24;9999;071;676;09;111111111111000000000000;000000000000000000000000;11101000;000;_;e;10;000111111111000000000000;____;05;046;049;026;046;055;126;0425666634;;;;;;;;;;;;;;;;;;;;;;;;;;;;;;;;;;;;;;;;;;;;;;;;;;
05:47:22;12;25;9999;074;999;09;111111111111000000000000;000000000000000000000000;11101000;000;_;e;10;110000000000000000000000;____;01;037;100;017;036;038;076;0425666635;;;;;;;;;;;;;;;;;;;;;;;;;;;;;;;;;;;;;;;;;;;;;;;;;;
05:47:30;12;26;9999;076;651;09;111111111111000000000000;000000000000000000000000;11101000;000;_;e;10;101100001100000000000000;____;03;056;076;027;054;059;078;0425663749;;;;;;;;;;;;;;;;;;;;;;;;;;;;;;;;;;;;;;;;;;;;;;;;;;
05:48:21;12;27;9999;065;999;09;111111111111000000000000;000000000000000000000000;11101000;000;_;e;10;001100000100000000000000;____;04;026;087;041;025;027;059;0425666636;;;;;;;;;;;;;;;;;;;;;;;;;;;;;;;;;;;;;;;;;;;;;;;;;;
05:50:12;12;28;9999;075;999;09;111111111111000000000000;000000000000000000000000;11101000;000;_;e;10;000011110100000000000000;____;05;037;052;026;036;040;065;0425666637;;;;;;;;;;;;;;;;;;;;;;;;;;;;;;;;;;;;;;;;;;;;;;;;;;
05:52:11;12;29;9999;073;999;09;111111111111000000000000;000000000000000000000000;11101000;000;_;e;10;101100001000000000000000;____;04;058;069;003;023;061;033;0425666640;;;;;;;;;;;;;;;;;;;;;;;;;;;;;;;;;;;;;;;;;;;;;;;;;;
05:53:32;12;30;9999;061;999;09;111111111111000000000000;000000000000000000000000;11101000;000;_;e;10;001101010100000000000000;____;06;066;064;023;045;067;034;0425663751;;;;;;;;;;;;;;;;;;;;;;;;;;;;;;;;;;;;;;;;;;;;;;;;;;
05:55:06;12;31;9999;076;999;09;111111111111000000000000;000000000000000000000000;11101000;000;_;e;10;001111101100000000000000;____;05;050;061;024;033;055;134;0425659566;;;;;;;;;;;;;;;;;;;;;;;;;;;;;;;;;;;;;;;;;;;;;;;;;;
05:56:02;12;32;9999;076;999;09;111111111111000000000000;000000000000000000000000;11101000;000;_;e;10;001110000000000000000000;____;04;048;079;030;043;048;040;0425634595;;;;;;;;;;;;;;;;;;;;;;;;;;;;;;;;;;;;;;;;;;;;;;;;;;
05:57:44;12;33;9999;079;999;09;111111111111000000000000;000000000000000000000000;11101000;000;_;e;10;110100001000000000000000;____;04;037;095;009;028;040;058;0425666644;;;;;;;;;;;;;;;;;;;;;;;;;;;;;;;;;;;;;;;;;;;;;;;;;;
06:02:09;12;34;9999;058;999;09;111111111111000000000000;000000000000000000000000;11101000;000;_;e;10;101110001001000000000000;____;09;066;082;004;049;067;101;0425666746;;;;;;;;;;;;;;;;;;;;;;;;;;;;;;;;;;;;;;;;;;;;;;;;;;
06:06:00;12;35;9999;075;999;09;111111111111000000000000;000000000000000000000000;11101000;000;_;e;10;000110000100000000000000;____;10;047;071;031;013;047;016;0425666647;;;;;;;;;;;;;;;;;;;;;;;;;;;;;;;;;;;;;;;;;;;;;;;;;;
06:08:45;12;36;9999;056;999;09;111111111111000000000000;000000000000000000000000;11101000;000;_;e;10;000110000101000000000000;____;12;-04;084;004;-13;016;031;0425666747;;;;;;;;;;;;;;;;;;;;;;;;;;;;;;;;;;;;;;;;;;;;;;;;;;
06:08:47;12;37;9999;076;130;09;111111111111000000000000;000000000000000000000000;11101000;000;_;e;10;011000001000000000000000;____;09;039;088;014;038;059;018;0425634597;;;;;;;;;;;;;;;;;;;;;;;;;;;;;;;;;;;;;;;;;;;;;;;;;;
06:09:11;12;38;9999;064;999;09;111111111111000000000000;000000000000000000000000;11101000;000;_;e;10;110000000000000000000000;____;01;025;101;008;025;027;046;0425663758;;;;;;;;;;;;;;;;;;;;;;;;;;;;;;;;;;;;;;;;;;;;;;;;;;
06:09:15;12;39;9999;074;282;09;111111111111000000000000;000000000000000000000000;11101000;000;_;e;10;101100001000000000000000;____;03;043;080;030;041;048;080;0425664530;;;;;;;;;;;;;;;;;;;;;;;;;;;;;;;;;;;;;;;;;;;;;;;;;;
06:10:37;12;40;9999;077;999;09;111111111111000000000000;000000000000000000000000;11101000;000;_;e;10;001111000000000000000000;____;06;041;060;032;041;044;053;0425634598;;;;;;;;;;;;;;;;;;;;;;;;;;;;;;;;;;;;;;;;;;;;;;;;;;
06:11:32;12;41;9999;076;999;09;111111111111000000000000;000000000000000000000000;11101000;000;_;e;10;110000000001000000000000;____;01;042;100;013;041;049;070;0425670710;;;;;;;;;;;;;;;;;;;;;;;;;;;;;;;;;;;;;;;;;;;;;;;;;;
06:13:31;12;42;9999;074;999;09;111111111111000000000000;000000000000000000000000;11101000;000;_;e;10;001110101000000000000000;____;09;047;063;037;027;048;046;0425670902;;;;;;;;;;;;;;;;;;;;;;;;;;;;;;;;;;;;;;;;;;;;;;;;;;
06:14:13;12;43;9999;075;999;09;111111111111000000000000;000000000000000000000000;11101000;000;_;e;10;111100000000000000000000;____;01;038;089;022;036;040;111;0425648065;;;;;;;;;;;;;;;;;;;;;;;;;;;;;;;;;;;;;;;;;;;;;;;;;;
06:16:21;12;44;9999;075;999;09;111111111111000000000000;000000000000000000000000;11101000;000;_;e;10;001101001100000000000000;____;06;028;070;028;028;030;094;0425659574;;;;;;;;;;;;;;;;;;;;;;;;;;;;;;;;;;;;;;;;;;;;;;;;;;
06:16:26;12;45;9999;065;300;09;111111111111000000000000;000000000000000000000000;11101000;000;_;e;10;001001000100000000000000;____;10;-04;069;024;-04;021;057;0425659575;;;;;;;;;;;;;;;;;;;;;;;;;;;;;;;;;;;;;;;;;;;;;;;;;;
06:16:29;12;46;9999;064;258;09;111111111111000000000000;000000000000000000000000;11101000;000;_;e;10;000011011110000000000000;____;10;003;046;013;000;029;059;0425670711;;;;;;;;;;;;;;;;;;;;;;;;;;;;;;;;;;;;;;;;;;;;;;;;;;
06:17:12;12;47;9999;065;999;09;111111111111000000000000;000000000000000000000000;11101000;000;_;e;10;010111110100000000000000;____;05;005;047;016;002;031;054;0425670712;;;;;;;;;;;;;;;;;;;;;;;;;;;;;;;;;;;;;;;;;;;;;;;;;;
06:18:08;12;48;9999;067;999;09;111111111111000000000000;000000000000000000000000;11101000;000;_;e;10;110000000000000000000000;____;01;031;101;006;028;039;038;0425670905;;;;;;;;;;;;;;;;;;;;;;;;;;;;;;;;;;;;;;;;;;;;;;;;;;
06:18:43;12;49;9999;070;999;09;111111111111000000000000;000000000000000000000000;11101000;000;_;e;10;000000111011000000000000;____;09;057;047;013;037;057;019;0425666751;;;;;;;;;;;;;;;;;;;;;;;;;;;;;;;;;;;;;;;;;;;;;;;;;;
06:19:25;12;50;9999;057;999;09;111111111111000000000000;000000000000000000000000;11101000;000;_;e;10;010100000100000000000000;____;10;000;080;006;-01;038;075;0425666752;;;;;;;;;;;;;;;;;;;;;;;;;;;;;;;;;;;;;;;;;;;;;;;;;;
06:19:38;12;51;9999;075;999;09;111111111111000000000000;000000000000000000000000;11101000;000;_;e;10;111100000100000000000000;____;01;035;076;037;034;042;065;0425664532;;;;;;;;;;;;;;;;;;;;;;;;;;;;;;;;;;;;;;;;;;;;;;;;;;
06:19:42;12;52;9999;074;239;08;111111111111000000000000;000000000000000000000000;11101000;000;_;e;10;011100000000000000000000;____;04;046;091;028;042;046;086;0425670906;;;;;;;;;;;;;;;;;;;;;;;;;;;;;;;;;;;;;;;;;;;;;;;;;;
06:19:54;12;53;9999;063;980;09;111111111111000000000000;000000000000000000000000;11010000;000;_;;;;;;;;;;;;;;;;;;;;;;;;;;;;;;;;;;;;;;;;;;;;;;;;;;;;;;;;;;;;;;
06:20:33;12;54;9999;058;999;09;111111111111000000000000;000000000000000000000000;11101000;000;_;e;10;110100000000000000000000;____;01;060;097;020;042;065;038;0425659578;;;;;;;;;;;;;;;;;;;;;;;;;;;;;;;;;;;;;;;;;;;;;;;;;;
06:20:41;12;55;9999;075;645;09;111111111111000000000000;000000000000000000000000;11101000;000;_;e;10;011110001000000000000000;____;09;048;057;037;034;048;109;0425659579;;;;;;;;;;;;;;;;;;;;;;;;;;;;;;;;;;;;;;;;;;;;;;;;;;
06:22:12;12;56;9999;085;999;09;111111111111000000000000;000000000000000000000000;11101000;000;_;e;10;101010001100000000000000;____;03;050;098;029;009;057;066;0425663759;;;;;;;;;;;;;;;;;;;;;;;;;;;;;;;;;;;;;;;;;;;;;;;;;;
06:22:28;12;57;9999;078;999;09;111111111111000000000000;000000000000000000000000;11101000;000;_;e;10;000011111000000000000000;____;07;038;039;024;031;043;078;0425659581;;;;;;;;;;;;;;;;;;;;;;;;;;;;;;;;;;;;;;;;;;;;;;;;;;
06:23:02;12;58;9999;062;999;09;111111111111000000000000;000000000000000000000000;11101000;000;_;e;10;110000000000000000000000;____;01;035;099;011;012;037;045;0425659583;;;;;;;;;;;;;;;;;;;;;;;;;;;;;;;;;;;;;;;;;;;;;;;;;;
06:25:28;12;59;9999;056;999;09;111111111111000000000000;000000000000000000000000;11101000;000;_;e;10;000010101010000000000000;____;05;031;051;003;031;035;067;0425666660;;;;;;;;;;;;;;;;;;;;;;;;;;;;;;;;;;;;;;;;;;;;;;;;;;
06:26:49;12;60;9999;067;999;09;111111111111000000000000;000000000000000000000000;11101000;000;_;e;10;001110001111000000000000;____;10;-06;071;008;-08;028;106;0425666661;;;;;;;;;;;;;;;;;;;;;;;;;;;;;;;;;;;;;;;;;;;;;;;;;;
06:27:15;12;61;9999;072;999;08;111111111111000000000000;000000000000000000000000;11101000;000;_;e;10;110100000000000000000000;____;01;032;101;013;022;039;039;0425664534;;;;;;;;;;;;;;;;;;;;;;;;;;;;;;;;;;;;;;;;;;;;;;;;;;
06:28:14;12;62;9999;075;999;09;111111111111000000000000;000000000000000000000000;11101000;000;_;e;10;011000001000000000000000;____;02;048;082;023;044;051;036;0425659585;;;;;;;;;;;;;;;;;;;;;;;;;;;;;;;;;;;;;;;;;;;;;;;;;;
06:30:30;12;63;9999;061;999;09;111111111111000000000000;000000000000000000000000;11101000;000;_;e;10;000001000111000000000000;____;10;-03;061;006;-04;005;077;0425670916;;;;;;;;;;;;;;;;;;;;;;;;;;;;;;;;;;;;;;;;;;;;;;;;;;
06:31:05;12;64;9999;076;999;09;111111111111000000000000;000000000000000000000000;11101000;000;_;e;10;110000000000000000000000;____;01;038;101;013;037;045;068;0425659587;;;;;;;;;;;;;;;;;;;;;;;;;;;;;;;;;;;;;;;;;;;;;;;;;;
06:35:35;12;65;9999;051;999;09;111111111111000000000000;000000000000000000000000;11101000;000;_;e;10;001111001111000000000000;____;09;062;049;019;031;063;102;0425670921;;;;;;;;;;;;;;;;;;;;;;;;;;;;;;;;;;;;;;;;;;;;;;;;;;
06:36:12;12;66;9999;074;999;09;111111111111000000000000;000000000000000000000000;11101000;000;_;e;10;001111000100000000000000;____;04;002;079;022;-02;005;078;0425670922;;;;;;;;;;;;;;;;;;;;;;;;;;;;;;;;;;;;;;;;;;;;;;;;;;
06:36:36;12;67;9999;062;999;09;111111111111000000000000;000000000000000000000000;11101000;000;_;e;10;001111000101000000000000;____;10;000;081;002;-10;005;134;0425659592;;;;;;;;;;;;;;;;;;;;;;;;;;;;;;;;;;;;;;;;;;;;;;;;;;
06:38:11;12;68;9999;075;999;09;111111111111000000000000;000000000000000000000000;11101000;000;_;e;10;001010000100000000000000;____;03;026;048;018;025;028;043;0425666665;;;;;;;;;;;;;;;;;;;;;;;;;;;;;;;;;;;;;;;;;;;;;;;;;;
06:39:18;12;69;9999;075;999;09;111111111111000000000000;000000000000000000000000;11101000;000;_;e;10;111010000001000000000000;____;01;034;096;012;-09;057;042;0425670925;;;;;;;;;;;;;;;;;;;;;;;;;;;;;;;;;;;;;;;;;;;;;;;;;;
06:40:14;12;70;9999;048;999;09;111111111111000000000000;000000000000000000000000;11101000;000;_;e;10;110001000000000000000000;____;01;022;101;006;022;029;051;0425670726;;;;;;;;;;;;;;;;;;;;;;;;;;;;;;;;;;;;;;;;;;;;;;;;;;
06:42:26;12;71;9999;075;999;09;111111111111000000000000;000000000000000000000000;11101000;000;_;e;10;001100001100000000000000;____;09;028;059;029;008;028;064;0425670928;;;;;;;;;;;;;;;;;;;;;;;;;;;;;;;;;;;;;;;;;;;;;;;;;;
06:43:25;12;72;9999;074;999;09;111111111111000000000000;000000000000000000000000;11101000;000;_;e;10;000010000000000000000000;____;05;015;055;022;015;015;003;0425670929;;;;;;;;;;;;;;;;;;;;;;;;;;;;;;;;;;;;;;;;;;;;;;;;;;
06:46:29;12;73;9999;075;999;09;111111111111000000000000;000000000000000000000000;11101000;000;_;e;10;001111001100000000000000;____;10;026;078;035;024;030;120;0425666761;;;;;;;;;;;;;;;;;;;;;;;;;;;;;;;;;;;;;;;;;;;;;;;;;;
06:48:37;12;74;9999;065;999;09;111111111111000000000000;000000000000000000000000;11101000;000;_;e;10;001111001100000000000000;____;05;022;073;041;021;027;079;0425670932;;;;;;;;;;;;;;;;;;;;;;;;;;;;;;;;;;;;;;;;;;;;;;;;;;
06:49:24;12;75;9999;074;999;09;111111111111000000000000;000000000000000000000000;11101000;000;_;e;10;101000000000000000000000;____;01;038;101;016;036;040;058;0425659594;;;;;;;;;;;;;;;;;;;;;;;;;;;;;;;;;;;;;;;;;;;;;;;;;;
06:51:27;12;76;9999;074;999;09;111111111111000000000000;000000000000000000000000;11101000;000;_;e;10;110001000000000000000000;____;02;034;100;019;033;040;023;0425670730;;;;;;;;;;;;;;;;;;;;;;;;;;;;;;;;;;;;;;;;;;;;;;;;;;
06:52:32;12;77;9999;060;999;09;111111111111000000000000;000000000000000000000000;11101000;000;_;e;10;001111100101000000000000;____;10;-08;086;003;-11;037;155;0425666670;;;;;;;;;;;;;;;;;;;;;;;;;;;;;;;;;;;;;;;;;;;;;;;;;;
06:56:42;12;78;9999;074;999;09;111111111111000000000000;000000000000000000000000;11101000;000;_;e;10;011100000000000000000000;____;04;036;081;028;036;036;030;0425648069;;;;;;;;;;;;;;;;;;;;;;;;;;;;;;;;;;;;;;;;;;;;;;;;;;
06:57:46;12;79;9999;067;999;09;111111111111000000000000;000000000000000000000000;11101000;000;_;e;10;001111001100000000000000;____;10;028;074;046;026;031;178;0425670937;;;;;;;;;;;;;;;;;;;;;;;;;;;;;;;;;;;;;;;;;;;;;;;;;;
06:57:51;12;80;9999;056;400;09;111111111111000000000000;000000000000000000000000;11101000;000;_;e;10;011101110100000000000000;____;04;041;055;019;025;042;067;0425659597;;;;;;;;;;;;;;;;;;;;;;;;;;;;;;;;;;;;;;;;;;;;;;;;;;
07:00:51;12;81;9999;077;999;09;111111111111000000000000;000000000000000000000000;11101000;000;_;e;10;001100000100000000000000;____;03;026;058;025;025;028;052;0425670732;;;;;;;;;;;;;;;;;;;;;;;;;;;;;;;;;;;;;;;;;;;;;;;;;;
07:04:44;12;82;9999;064;999;08;111111111111000000000000;000000000000000000000000;11101000;000;_;e;10;100000000000000000000000;____;01;034;100;007;034;035;061;0425671704;;;;;;;;;;;;;;;;;;;;;;;;;;;;;;;;;;;;;;;;;;;;;;;;;;
07:05:35;12;83;9999;065;999;08;111111111111000000000000;000000000000000000000000;11101000;000;_;e;10;110000000000000000000000;____;01;030;102;012;030;033;018;0425671706;;;;;;;;;;;;;;;;;;;;;;;;;;;;;;;;;;;;;;;;;;;;;;;;;;
07:07:18;12;84;9999;065;999;09;111111111111000000000000;000000000000000000000000;11101000;000;_;e;10;000011110100000000000000;____;08;028;046;016;014;029;064;0425670737;;;;;;;;;;;;;;;;;;;;;;;;;;;;;;;;;;;;;;;;;;;;;;;;;;
07:10:12;12;85;9999;060;999;09;111111111111000000000000;000000000000000000000000;11101000;000;_;e;10;111100000000000000000000;____;01;034;099;020;023;037;047;0425670943;;;;;;;;;;;;;;;;;;;;;;;;;;;;;;;;;;;;;;;;;;;;;;;;;;
07:17:18;12;86;9999;053;999;09;111111111111000000000000;000000000000000000000000;11101000;000;_;e;10;000000000100000000000000;____;10;002;077;004;002;002;006;0425671708;;;;;;;;;;;;;;;;;;;;;;;;;;;;;;;;;;;;;;;;;;;;;;;;;;
07:17:53;12;87;9999;056;999;09;111111111111000000000000;000000000000000000000000;11101000;000;_;e;10;000000000001000000000000;____;12;009;074;004;007;009;004;0425671707;;;;;;;;;;;;;;;;;;;;;;;;;;;;;;;;;;;;;;;;;;;;;;;;;;
07:24:20;12;88;9999;075;999;09;111111111111000000000000;000000000000000000000000;11101000;000;_;e;10;001111101100000000000000;____;10;049;060;042;025;051;134;0425671715;;;;;;;;;;;;;;;;;;;;;;;;;;;;;;;;;;;;;;;;;;;;;;;;;;
07:25:46;12;89;9999;063;999;09;111111111111000000000000;000000000000000000000000;11101000;000;_;e;10;000000101101000000000000;____;10;-01;076;012;-04;031;043;0425671717;;;;;;;;;;;;;;;;;;;;;;;;;;;;;;;;;;;;;;;;;;;;;;;;;;
07:28:45;12;90;9999;074;999;09;111111111111000000000000;000000000000000000000000;11101000;000;_;e;10;111100001100000000000000;____;01;056;098;016;036;063;088;0425670747;;;;;;;;;;;;;;;;;;;;;;;;;;;;;;;;;;;;;;;;;;;;;;;;;;
07:32:18;12;91;9999;067;999;09;111111111111000000000000;000000000000000000000000;11101000;000;_;e;10;101000000100000000000000;____;10;-01;065;023;-01;053;050;0425671722;;;;;;;;;;;;;;;;;;;;;;;;;;;;;;;;;;;;;;;;;;;;;;;;;;
07:42:02;12;92;9999;078;999;08;111111111111000000000000;000000000000000000000000;11101000;000;_;e;10;100000000100000000000000;____;10;004;078;011;004;014;036;0425671724;;;;;;;;;;;;;;;;;;;;;;;;;;;;;;;;;;;;;;;;;;;;;;;;;;
07:53:46;12;93;9999;061;999;09;111111111111000000000000;000000000000000000000000;11101000;000;_;e;10;100010001100000000000000;____;10;009;071;019;007;041;046;0425670752;;;;;;;;;;;;;;;;;;;;;;;;;;;;;;;;;;;;;;;;;;;;;;;;;;
07:56:57;12;94;9999;054;999;09;111111111111000000000000;000000000000000000000000;11101000;000;_;e;10;010000000100000000000000;____;10;-01;074;016;-03;033;009;0425671729;;;;;;;;;;;;;;;;;;;;;;;;;;;;;;;;;;;;;;;;;;;;;;;;;;
07:59:51;12;95;9999;057;999;09;111111111111000000000000;000000000000000000000000;11101000;000;_;e;10;000000110000000000000000;____;07;038;045;007;030;039;028;0425671731;;;;;;;;;;;;;;;;;;;;;;;;;;;;;;;;;;;;;;;;;;;;;;;;;;
08:03:33;12;96;9999;075;999;09;111111111111000000000000;000000000000000000000000;11101000;000;_;e;10;101111101000000000000000;____;05;041;061;033;037;044;112;0425671733;;;;;;;;;;;;;;;;;;;;;;;;;;;;;;;;;;;;;;;;;;;;;;;;;;
08:27:16;12;97;9999;056;999;09;111111111111000000000000;000000000000000000000000;11101000;000;_;e;10;010101100100000000000000;____;10;-04;087;023;-04;021;062;0425671740;;;;;;;;;;;;;;;;;;;;;;;;;;;;;;;;;;;;;;;;;;;;;;;;;;
08:28:30;12;98;9999;077;999;09;111111111111000000000000;000000000000000000000000;11101000;000;_;e;10;101001000000000000000000;____;01;037;101;014;033;059;032;0425671741;;;;;;;;;;;;;;;;;;;;;;;;;;;;;;;;;;;;;;;;;;;;;;;;;;
08:29:26;12;99;9999;065;999;09;111111111111000000000000;000000000000000000000000;11101000;000;_;e;10;010100000001000000000000;____;02;028;091;003;023;030;028;0425671331;;;;;;;;;;;;;;;;;;;;;;;;;;;;;;;;;;;;;;;;;;;;;;;;;;
08:31:17;12;01;9999;084;999;08;111111111111000000000000;000000000000000000000000;11101000;000;_;e;10;011100001000000000000000;____;09;048;098;043;027;048;058;0425671743;;;;;;;;;;;;;;;;;;;;;;;;;;;;;;;;;;;;;;;;;;;;;;;;;;
08:35:20;12;02;9999;041;999;09;111111111111000000000000;000000000000000000000000;11101000;000;_;e;10;100100000101000000000000;____;10;-19;082;017;-20;004;037;0425671745;;;;;;;;;;;;;;;;;;;;;;;;;;;;;;;;;;;;;;;;;;;;;;;;;;
08:36:57;12;03;9999;075;999;09;111111111111000000000000;000000000000000000000000;11101000;000;_;e;10;100111011100000000000000;____;05;038;052;024;027;043;078;0425657573;;;;;;;;;;;;;;;;;;;;;;;;;;;;;;;;;;;;;;;;;;;;;;;;;;
08:37:28;12;04;9999;074;999;09;111111111111000000000000;000000000000000000000000;11101000;000;_;e;10;000111010100000000000000;____;10;039;060;044;020;041;053;0425671335;;;;;;;;;;;;;;;;;;;;;;;;;;;;;;;;;;;;;;;;;;;;;;;;;;
08:42:51;12;05;9999;079;999;08;111111111111000000000000;000000000000000000000000;11101000;000;_;e;10;101111000000000000000000;____;04;047;075;043;040;061;078;0425657576;;;;;;;;;;;;;;;;;;;;;;;;;;;;;;;;;;;;;;;;;;;;;;;;;;
08:45:16;12;06;9999;075;999;09;111111111111000000000000;000000000000000000000000;11101000;000;_;e;10;001111100100000000000000;____;05;038;060;035;038;042;111;0425657581;;;;;;;;;;;;;;;;;;;;;;;;;;;;;;;;;;;;;;;;;;;;;;;;;;
08:56:36;12;07;9999;074;999;09;111111111111000000000000;000000000000000000000000;11101000;000;_;e;10;010110110000000000000000;____;07;044;049;024;042;045;064;0425671755;;;;;;;;;;;;;;;;;;;;;;;;;;;;;;;;;;;;;;;;;;;;;;;;;;
09:03:18;12;08;9999;079;999;09;111111111111000000000000;000000000000000000000000;11101000;000;_;e;10;110111001100000000000000;____;02;026;083;035;019;033;160;0425671348;;;;;;;;;;;;;;;;;;;;;;;;;;;;;;;;;;;;;;;;;;;;;;;;;;
09:32:17;12;09;9999;075;999;09;111111111111000000000000;000000000000000000000000;11101000;000;_;e;10;001011000100000000000000;____;05;028;055;020;028;033;071;0425648074;;;;;;;;;;;;;;;;;;;;;;;;;;;;;;;;;;;;;;;;;;;;;;;;;;
09:32:54;12;10;9999;078;999;09;111111111111000000000000;000000000000000000000000;11101000;000;_;e;10;010111001100000000000000;____;05;042;060;037;023;047;117;0425671354;;;;;;;;;;;;;;;;;;;;;;;;;;;;;;;;;;;;;;;;;;;;;;;;;;
09:32:58;12;11;9999;071;257;08;111111111111000000000000;000000000000000000000000;11101000;000;_;e;10;001100001100000000000000;____;10;036;083;049;016;039;105;0425671355;;;;;;;;;;;;;;;;;;;;;;;;;;;;;;;;;;;;;;;;;;;;;;;;;;
09:52:21;12;12;9999;059;999;09;111111111111000000000000;000000000000000000000000;11101000;000;_;e;10;000000000101000000000000;____;10;000;074;010;-03;000;081;0425648078;;;;;;;;;;;;;;;;;;;;;;;;;;;;;;;;;;;;;;;;;;;;;;;;;;
10:36:03;12;13;9999;075;999;08;111111111111000000000000;000000000000000000000000;11101000;000;_;e;10;111111101100000000000000;____;06;047;073;029;044;048;084;0425648093;;;;;;;;;;;;;;;;;;;;;;;;;;;;;;;;;;;;;;;;;;;;;;;;;;
11:05:12;12;14;9999;053;999;09;111111111111000000000000;000000000000000000000000;11101000;000;_;e;10;000000000101000000000000;____;10;-02;076;008;-04;-02;040;0425663767;;;;;;;;;;;;;;;;;;;;;;;;;;;;;;;;;;;;;;;;;;;;;;;;;;
11:20:46;12;15;9999;074;999;09;111111111111000000000000;000000000000000000000000;11101000;000;_;e;10;000111001000000000000000;____;06;050;061;042;050;055;080;0425664543;;;;;;;;;;;;;;;;;;;;;;;;;;;;;;;;;;;;;;;;;;;;;;;;;;
11:31:02;12;16;9999;077;999;09;111111111111000000000000;000000000000000000000000;11101000;000;_;e;10;001100000100000000000000;____;04;030;082;030;030;041;053;0425664157;;;;;;;;;;;;;;;;;;;;;;;;;;;;;;;;;;;;;;;;;;;;;;;;;;
11:31:18;12;17;9999;060;999;09;111111111111000000000000;000000000000000000000000;11101000;000;_;e;10;001111001101000000000000;____;10;-08;083;007;-09;001;195;0425666693;;;;;;;;;;;;;;;;;;;;;;;;;;;;;;;;;;;;;;;;;;;;;;;;;;
11:35:26;12;18;9999;078;999;09;111111111111000000000000;000000000000000000000000;11101000;000;_;e;10;000111001000000000000000;____;04;059;063;025;025;061;039;0425664547;;;;;;;;;;;;;;;;;;;;;;;;;;;;;;;;;;;;;;;;;;;;;;;;;;
11:59:10;12;19;9999;063;999;09;111111111111000000000000;000000000000000000000000;11101000;000;_;e;10;001100000000000000000000;____;04;029;085;045;028;030;045;0425664159;;;;;;;;;;;;;;;;;;;;;;;;;;;;;;;;;;;;;;;;;;;;;;;;;;
12:04:11;12;20;9999;082;999;09;111111111111000000000000;000000000000000000000000;11101000;000;_;e;10;001001111000000000000000;____;07;056;035;007;042;058;040;0425664162;;;;;;;;;;;;;;;;;;;;;;;;;;;;;;;;;;;;;;;;;;;;;;;;;;
12:06:14;12;21;9999;074;999;09;111111111111000000000000;000000000000000000000000;11101000;000;_;e;10;001100001100000000000000;____;04;075;051;019;070;084;136;0425670756;;;;;;;;;;;;;;;;;;;;;;;;;;;;;;;;;;;;;;;;;;;;;;;;;;
12:08:01;12;22;9999;066;999;09;111111111111000000000000;000000000000000000000000;11101000;000;_;e;10;001101001000000000000000;____;09;000;075;027;-03;011;090;0425670758;;;;;;;;;;;;;;;;;;;;;;;;;;;;;;;;;;;;;;;;;;;;;;;;;;
12:10:14;12;23;9999;063;999;09;111111111111000000000000;000000000000000000000000;11101000;000;_;e;10;100010000100000000000000;____;05;017;061;021;-02;041;014;0425664167;;;;;;;;;;;;;;;;;;;;;;;;;;;;;;;;;;;;;;;;;;;;;;;;;;
12:13:29;12;24;9999;061;999;09;111111111111000000000000;000000000000000000000000;11101000;000;_;e;10;110110001100000000000000;____;10;003;072;017;-01;028;073;0425664169;;;;;;;;;;;;;;;;;;;;;;;;;;;;;;;;;;;;;;;;;;;;;;;;;;
12:14:03;12;25;9999;068;999;09;111111111111000000000000;000000000000000000000000;11101000;000;_;e;10;110000000000000000000000;____;01;031;099;011;030;033;040;0425664562;;;;;;;;;;;;;;;;;;;;;;;;;;;;;;;;;;;;;;;;;;;;;;;;;;
12:14:25;12;26;9999;074;999;09;111111111111000000000000;000000000000000000000000;11101000;000;_;e;10;000111001100000000000000;____;05;011;052;025;009;017;102;0425670761;;;;;;;;;;;;;;;;;;;;;;;;;;;;;;;;;;;;;;;;;;;;;;;;;;
12:19:32;12;27;9999;074;999;09;111111111111000000000000;000000000000000000000000;11101000;000;_;e;10;001100001100000000000000;____;03;064;061;004;036;067;043;0425664566;;;;;;;;;;;;;;;;;;;;;;;;;;;;;;;;;;;;;;;;;;;;;;;;;;
12:22:06;12;28;9999;076;999;09;111111111111000000000000;000000000000000000000000;11101000;000;_;e;10;001110001100000000000000;____;04;029;063;032;023;041;063;0425670771;;;;;;;;;;;;;;;;;;;;;;;;;;;;;;;;;;;;;;;;;;;;;;;;;;
12:23:09;12;29;9999;079;999;09;111111111111000000000000;000000000000000000000000;11101000;000;_;e;10;000001000111000000000000;____;11;-01;059;004;-03;022;087;0425670773;;;;;;;;;;;;;;;;;;;;;;;;;;;;;;;;;;;;;;;;;;;;;;;;;;
12:24:01;12;30;9999;079;999;09;111111111111000000000000;000000000000000000000000;11101000;000;_;e;10;000011000100000000000000;____;05;034;049;016;030;035;065;0425670774;;;;;;;;;;;;;;;;;;;;;;;;;;;;;;;;;;;;;;;;;;;;;;;;;;
12:24:30;12;31;9999;075;999;09;111111111111000000000000;000000000000000000000000;11101000;000;_;e;10;001110001100000000000000;____;03;016;065;033;012;036;038;0425664174;;;;;;;;;;;;;;;;;;;;;;;;;;;;;;;;;;;;;;;;;;;;;;;;;;
12:30:03;12;32;9999;066;999;09;111111111111000000000000;000000000000000000000000;11101000;000;_;e;10;001110110100000000000000;____;04;038;033;017;034;039;068;0425664175;;;;;;;;;;;;;;;;;;;;;;;;;;;;;;;;;;;;;;;;;;;;;;;;;;
12:32:58;12;33;9999;077;999;09;111111111111000000000000;000000000000000000000000;11101000;000;_;e;10;000000001000000000000000;____;09;007;051;023;006;007;024;0425664176;;;;;;;;;;;;;;;;;;;;;;;;;;;;;;;;;;;;;;;;;;;;;;;;;;
12:34:10;12;34;9999;081;999;09;111111111111000000000000;000000000000000000000000;11101000;000;_;e;10;110011000100000000000000;____;10;037;092;012;-10;065;285;0425664177;;;;;;;;;;;;;;;;;;;;;;;;;;;;;;;;;;;;;;;;;;;;;;;;;;
12:38:26;12;35;9999;063;999;09;111111111111000000000000;000000000000000000000000;11101000;000;_;e;10;100001000000000000000000;____;01;033;102;011;032;040;038;0425664180;;;;;;;;;;;;;;;;;;;;;;;;;;;;;;;;;;;;;;;;;;;;;;;;;;
12:40:12;12;36;9999;056;999;09;111111111111000000000000;000000000000000000000000;11101000;000;_;e;10;001110001100000000000000;____;04;002;074;022;-10;009;060;0425670967;;;;;;;;;;;;;;;;;;;;;;;;;;;;;;;;;;;;;;;;;;;;;;;;;;
12:40:34;12;37;9999;065;999;09;111111111111000000000000;000000000000000000000000;11101000;000;_;e;10;000100000100000000000000;____;10;-03;078;024;-04;018;043;0425670968;;;;;;;;;;;;;;;;;;;;;;;;;;;;;;;;;;;;;;;;;;;;;;;;;;
12:42:46;12;38;9999;070;999;09;111111111111000000000000;000000000000000000000000;11101000;000;_;e;10;001111101110000000000000;____;06;045;049;012;028;053;128;0425664581;;;;;;;;;;;;;;;;;;;;;;;;;;;;;;;;;;;;;;;;;;;;;;;;;;
12:46:40;12;39;9999;055;999;09;111111111111000000000000;000000000000000000000000;11101000;000;_;e;10;000011000101000000000000;____;10;-02;076;004;-05;001;087;0425664183;;;;;;;;;;;;;;;;;;;;;;;;;;;;;;;;;;;;;;;;;;;;;;;;;;
12:55:50;12;40;9999;075;999;09;111111111111000000000000;000000000000000000000000;11101000;000;_;e;10;111100010100000000000000;____;03;034;078;047;029;037;109;0425670974;;;;;;;;;;;;;;;;;;;;;;;;;;;;;;;;;;;;;;;;;;;;;;;;;;
13:12:11;12;41;9999;059;999;09;111111111111000000000000;000000000000000000000000;11101000;000;_;e;10;110000000000000000000000;____;01;043;099;007;016;043;095;0425664591;;;;;;;;;;;;;;;;;;;;;;;;;;;;;;;;;;;;;;;;;;;;;;;;;;
13:13:18;12;42;9999;076;999;09;111111111111000000000000;000000000000000000000000;11101000;000;_;e;10;001111100100000000000000;____;06;024;063;030;019;055;080;0425664592;;;;;;;;;;;;;;;;;;;;;;;;;;;;;;;;;;;;;;;;;;;;;;;;;;
13:24:32;12;43;9999;065;999;08;111111111111000000000000;000000000000000000000000;11101000;000;_;e;10;001100111100000000000000;____;04;037;042;013;024;039;090;0425666772;;;;;;;;;;;;;;;;;;;;;;;;;;;;;;;;;;;;;;;;;;;;;;;;;;
13:25:01;12;44;9999;075;999;09;111111111111000000000000;000000000000000000000000;11101000;000;_;e;10;000100000000000000000000;____;04;033;085;013;033;033;014;0425664594;;;;;;;;;;;;;;;;;;;;;;;;;;;;;;;;;;;;;;;;;;;;;;;;;;
13:28:25;12;45;9999;055;999;09;111111111111000000000000;000000000000000000000000;11101000;000;_;e;10;011110000000000000000000;____;04;029;088;034;023;032;051;0425670990;;;;;;;;;;;;;;;;;;;;;;;;;;;;;;;;;;;;;;;;;;;;;;;;;;
13:31:46;12;46;9999;075;999;09;111111111111000000000000;000000000000000000000000;11101000;000;_;e;10;001110001100000000000000;____;04;043;078;023;038;044;079;0425670991;;;;;;;;;;;;;;;;;;;;;;;;;;;;;;;;;;;;;;;;;;;;;;;;;;
13:42:39;12;47;9999;047;999;09;111111111111000000000000;000000000000000000000000;11101000;000;_;e;10;100110000100000000000000;____;01;030;100;008;028;034;054;0425670994;;;;;;;;;;;;;;;;;;;;;;;;;;;;;;;;;;;;;;;;;;;;;;;;;;
13:43:17;12;48;9999;081;999;09;111111111111000000000000;000000000000000000000000;11101000;000;_;e;10;000011110000000000000000;____;07;043;035;023;039;044;062;0425666780;;;;;;;;;;;;;;;;;;;;;;;;;;;;;;;;;;;;;;;;;;;;;;;;;;
14:04:23;12;49;9999;077;999;09;111111111111000000000000;000000000000000000000000;11101000;000;_;e;10;111001000000000000000000;____;02;078;081;018;027;082;041;0425666785;;;;;;;;;;;;;;;;;;;;;;;;;;;;;;;;;;;;;;;;;;;;;;;;;;
14:07:03;12;50;9999;075;999;08;111111111111000000000000;000000000000000000000000;11101000;000;_;e;10;001111101100000000000000;____;10;015;063;040;013;036;096;0425670999;;;;;;;;;;;;;;;;;;;;;;;;;;;;;;;;;;;;;;;;;;;;;;;;;;
15:09:48;12;51;9999;075;999;09;111111111111000000000000;000000000000000000000000;11101000;000;_;e;10;101101001100000000000000;____;04;043;079;029;015;055;059;0425665862;;;;;;;;;;;;;;;;;;;;;;;;;;;;;;;;;;;;;;;;;;;;;;;;;;
15:14:39;12;52;9999;076;999;09;111111111111000000000000;000000000000000000000000;11010000;000;_;;;;;;;;;;;;;;;;;;;;;;;;;;;;;;;;;;;;;;;;;;;;;;;;;;;;;;;;;;;;;;
15:18:25;12;53;9999;056;999;09;111111111111000000000000;000000000000000000000000;11101000;000;_;e;10;111001000100000000000000;____;02;026;101;006;011;028;026;0425665866;;;;;;;;;;;;;;;;;;;;;;;;;;;;;;;;;;;;;;;;;;;;;;;;;;
15:19:03;12;54;9999;057;999;09;111111111111000000000000;000000000000000000000000;11010000;000;_;;;;;;;;;;;;;;;;;;;;;;;;;;;;;;;;;;;;;;;;;;;;;;;;;;;;;;;;;;;;;;
15:21:50;12;55;9999;053;999;08;111111111111000000000000;000000000000000000000000;11101000;000;_;e;10;000011111100000000000000;____;05;037;049;006;020;041;113;0425676101;;;;;;;;;;;;;;;;;;;;;;;;;;;;;;;;;;;;;;;;;;;;;;;;;;
15:22:41;12;56;9999;075;999;09;111111111111000000000000;000000000000000000000000;11101000;000;_;e;10;001101001100000000000000;____;03;040;087;021;038;048;048;0425676102;;;;;;;;;;;;;;;;;;;;;;;;;;;;;;;;;;;;;;;;;;;;;;;;;;
15:25:58;12;57;9999;080;999;08;111111111111000000000000;000000000000000000000000;11101000;000;_;e;10;110000000001000000000000;____;01;059;099;010;029;060;036;0425671362;;;;;;;;;;;;;;;;;;;;;;;;;;;;;;;;;;;;;;;;;;;;;;;;;;
15:35:25;12;58;9999;075;999;09;111111111111000000000000;000000000000000000000000;11101000;000;_;e;10;011100000100000000000000;____;04;058;075;034;057;060;072;0425663774;;;;;;;;;;;;;;;;;;;;;;;;;;;;;;;;;;;;;;;;;;;;;;;;;;
15:36:14;12;59;9999;080;999;08;111111111111000000000000;000000000000000000000000;11101000;000;_;e;10;001001101100000000000000;____;03;006;044;024;006;018;056;0425671366;;;;;;;;;;;;;;;;;;;;;;;;;;;;;;;;;;;;;;;;;;;;;;;;;;
15:42:51;12;60;9999;079;999;09;111111111111000000000000;000000000000000000000000;11101000;000;_;e;10;001100000100000000000000;____;04;026;073;022;024;028;059;0425675902;;;;;;;;;;;;;;;;;;;;;;;;;;;;;;;;;;;;;;;;;;;;;;;;;;
15:45:09;12;61;9999;076;999;09;111111111111000000000000;000000000000000000000000;11101000;000;_;e;10;110000000100000000000000;____;02;032;094;021;003;034;029;0425676103;;;;;;;;;;;;;;;;;;;;;;;;;;;;;;;;;;;;;;;;;;;;;;;;;;
15:46:55;12;62;9999;066;999;09;111111111111000000000000;000000000000000000000000;11101000;000;_;e;10;110000000000000000000000;____;01;037;097;014;031;039;039;0425671787;;;;;;;;;;;;;;;;;;;;;;;;;;;;;;;;;;;;;;;;;;;;;;;;;;
15:54:13;12;63;9999;057;999;09;111111111111000000000000;000000000000000000000000;11101000;000;_;e;10;000011110000000000000000;____;07;037;054;015;032;037;084;0425663783;;;;;;;;;;;;;;;;;;;;;;;;;;;;;;;;;;;;;;;;;;;;;;;;;;
16:01:32;12;64;9999;075;999;09;111111111111000000000000;000000000000000000000000;11101000;000;_;e;10;001111001100000000000000;____;10;016;064;015;014;036;149;0425671791;;;;;;;;;;;;;;;;;;;;;;;;;;;;;;;;;;;;;;;;;;;;;;;;;;
16:03:23;12;65;9999;075;999;09;111111111111000000000000;000000000000000000000000;11101000;000;_;e;10;001111001100000000000000;____;04;042;052;017;032;044;102;0425671789;;;;;;;;;;;;;;;;;;;;;;;;;;;;;;;;;;;;;;;;;;;;;;;;;;
16:06:53;12;66;9999;074;999;09;111111111111000000000000;000000000000000000000000;11101000;000;_;e;10;111000000000000000000000;____;01;046;089;022;046;049;034;0425663785;;;;;;;;;;;;;;;;;;;;;;;;;;;;;;;;;;;;;;;;;;;;;;;;;;
16:08:30;12;67;9999;079;999;09;111111111111000000000000;000000000000000000000000;11101000;000;_;e;10;001000001100000000000000;____;09;-01;069;024;-06;-01;053;0425671373;;;;;;;;;;;;;;;;;;;;;;;;;;;;;;;;;;;;;;;;;;;;;;;;;;
16:13:32;12;68;9999;053;999;09;111111111111000000000000;000000000000000000000000;11101000;000;_;e;10;001110001101000000000000;____;10;005;079;027;-02;021;104;0425665882;;;;;;;;;;;;;;;;;;;;;;;;;;;;;;;;;;;;;;;;;;;;;;;;;;
16:14:12;12;69;9999;078;999;09;111111111111000000000000;000000000000000000000000;11101000;000;_;e;10;110000000000000000000000;____;02;042;101;014;041;043;042;0425671795;;;;;;;;;;;;;;;;;;;;;;;;;;;;;;;;;;;;;;;;;;;;;;;;;;
16:15:29;12;70;9999;080;999;08;111111111111000000000000;000000000000000000000000;11101000;000;_;e;10;001111001100000000000000;____;05;035;062;042;002;041;080;0425671796;;;;;;;;;;;;;;;;;;;;;;;;;;;;;;;;;;;;;;;;;;;;;;;;;;
16:16:46;12;71;9999;079;999;09;111111111111000000000000;000000000000000000000000;11101000;000;_;e;10;100000000000000000000000;____;01;047;101;016;047;049;018;0425671797;;;;;;;;;;;;;;;;;;;;;;;;;;;;;;;;;;;;;;;;;;;;;;;;;;
16:17:37;12;72;9999;054;999;09;111111111111000000000000;000000000000000000000000;11101000;000;_;e;10;000000001001000000000000;____;09;050;069;003;049;053;026;0425671798;;;;;;;;;;;;;;;;;;;;;;;;;;;;;;;;;;;;;;;;;;;;;;;;;;
16:17:48;12;73;9999;074;899;09;111111111111000000000000;000000000000000000000000;11101000;000;_;e;10;001010000100000000000000;____;05;011;066;027;010;013;075;0425671799;;;;;;;;;;;;;;;;;;;;;;;;;;;;;;;;;;;;;;;;;;;;;;;;;;
16:19:53;12;74;9999;076;999;09;111111111111000000000000;000000000000000000000000;11101000;000;_;e;10;001111001100000000000000;____;03;037;070;037;035;039;147;0425670795;;;;;;;;;;;;;;;;;;;;;;;;;;;;;;;;;;;;;;;;;;;;;;;;;;
16:19:58;12;75;9999;050;396;09;111111111111000000000000;000000000000000000000000;11101000;000;_;e;10;001111001111000000000000;____;09;059;052;015;028;060;164;0425670796;;;;;;;;;;;;;;;;;;;;;;;;;;;;;;;;;;;;;;;;;;;;;;;;;;
16:21:17;12;76;9999;077;999;09;111111111111000000000000;000000000000000000000000;11101000;000;_;e;10;111100000100000000000000;____;04;038;094;020;034;047;079;0425670797;;;;;;;;;;;;;;;;;;;;;;;;;;;;;;;;;;;;;;;;;;;;;;;;;;
16:23:42;12;77;9999;069;999;08;111111111111000000000000;000000000000000000000000;11101000;000;_;e;10;000110000101000000000000;____;10;-07;073;012;-09;-05;072;0425665894;;;;;;;;;;;;;;;;;;;;;;;;;;;;;;;;;;;;;;;;;;;;;;;;;;
16:26:47;12;78;9999;075;999;09;111111111111000000000000;000000000000000000000000;11101000;000;_;e;10;001111001100000000000000;____;04;044;068;025;037;048;117;0425664596;;;;;;;;;;;;;;;;;;;;;;;;;;;;;;;;;;;;;;;;;;;;;;;;;;
16:27:08;12;79;9999;075;999;09;111111111111000000000000;000000000000000000000000;11101000;000;_;e;10;001111010000000000000000;____;06;025;061;040;023;030;063;0425670798;;;;;;;;;;;;;;;;;;;;;;;;;;;;;;;;;;;;;;;;;;;;;;;;;;
16:32:31;12;80;9999;075;999;09;111111111111000000000000;000000000000000000000000;11101000;000;_;e;10;001100001100000000000000;____;03;069;058;002;053;072;058;0425663789;;;;;;;;;;;;;;;;;;;;;;;;;;;;;;;;;;;;;;;;;;;;;;;;;;
16:35:26;12;81;9999;076;999;09;111111111111000000000000;000000000000000000000000;11101000;000;_;e;10;001000000100000000000000;____;03;035;048;006;035;038;053;0425665896;;;;;;;;;;;;;;;;;;;;;;;;;;;;;;;;;;;;;;;;;;;;;;;;;;
16:56:21;12;82;9999;054;999;09;111111111111000000000000;000000000000000000000000;11101000;000;_;e;10;110000000100000000000000;____;01;032;100;012;001;033;043;0425676109;;;;;;;;;;;;;;;;;;;;;;;;;;;;;;;;;;;;;;;;;;;;;;;;;;
17:17:19;12;83;9999;059;999;09;111111111111000000000000;000000000000000000000000;11101000;000;_;e;10;111000000001000000000000;____;01;032;100;015;025;032;055;0425666793;;;;;;;;;;;;;;;;;;;;;;;;;;;;;;;;;;;;;;;;;;;;;;;;;;
17:28:43;12;84;9999;063;999;08;111111111111000000000000;000000000000000000000000;11101000;000;_;e;10;110000000100000000000000;____;01;036;101;016;002;037;060;0425675923;;;;;;;;;;;;;;;;;;;;;;;;;;;;;;;;;;;;;;;;;;;;;;;;;;
17:29:36;12;85;9999;076;999;09;111111111111000000000000;000000000000000000000000;11101000;000;_;e;10;011000001100000000000000;____;09;062;071;026;014;062;052;0425675924;;;;;;;;;;;;;;;;;;;;;;;;;;;;;;;;;;;;;;;;;;;;;;;;;;
17:31:19;12;86;9999;075;999;09;111111111111000000000000;000000000000000000000000;11101000;000;_;e;10;011110000100000000000000;____;10;010;072;033;010;037;080;0425677808;;;;;;;;;;;;;;;;;;;;;;;;;;;;;;;;;;;;;;;;;;;;;;;;;;
17:32:30;12;87;9999;056;999;09;111111111111000000000000;000000000000000000000000;11101000;000;_;e;10;110000000000000000000000;____;02;027;096;007;027;029;038;0425676012;;;;;;;;;;;;;;;;;;;;;;;;;;;;;;;;;;;;;;;;;;;;;;;;;;
17:36:34;12;88;9999;059;999;09;111111111111000000000000;000000000000000000000000;11101000;000;_;e;10;001111001100000000000000;____;09;032;045;019;029;034;130;0425666798;;;;;;;;;;;;;;;;;;;;;;;;;;;;;;;;;;;;;;;;;;;;;;;;;;
17:52:08;12;89;9999;068;999;09;111111111111000000000000;000000000000000000000000;11101000;000;_;e;10;100000001000000000000000;____;01;034;101;016;034;070;038;0425678100;;;;;;;;;;;;;;;;;;;;;;;;;;;;;;;;;;;;;;;;;;;;;;;;;;
18:04:20;12;90;9999;076;999;09;111111111111000000000000;000000000000000000000000;11101000;000;_;e;10;001100001000000000000000;____;09;087;058;008;085;087;086;0425678004;;;;;;;;;;;;;;;;;;;;;;;;;;;;;;;;;;;;;;;;;;;;;;;;;;
18:07:01;12;91;9999;074;999;09;111111111111000000000000;000000000000000000000000;11101000;000;_;e;10;101111001100000000000000;____;05;045;076;033;045;051;120;0425676020;;;;;;;;;;;;;;;;;;;;;;;;;;;;;;;;;;;;;;;;;;;;;;;;;;
18:07:09;12;92;9999;077;668;08;111111111111000000000000;000000000000000000000000;11101000;000;_;e;10;000011111000000000000000;____;05;040;065;031;040;044;098;0425677829;;;;;;;;;;;;;;;;;;;;;;;;;;;;;;;;;;;;;;;;;;;;;;;;;;
18:10:38;12;93;9999;070;999;08;111111111111000000000000;000000000000000000000000;11101000;000;_;e;10;110000000000000000000000;____;01;043;102;011;042;043;062;0425678110;;;;;;;;;;;;;;;;;;;;;;;;;;;;;;;;;;;;;;;;;;;;;;;;;;
18:11:12;12;94;9999;075;999;09;111111111111000000000000;000000000000000000000000;11101000;000;_;e;10;000010000100000000000000;____;05;041;049;050;041;042;072;0425677830;;;;;;;;;;;;;;;;;;;;;;;;;;;;;;;;;;;;;;;;;;;;;;;;;;
18:17:36;12;95;9999;074;999;09;111111111111000000000000;000000000000000000000000;11101000;000;_;e;10;101100100100000000000000;____;07;047;062;038;042;047;126;0425676024;;;;;;;;;;;;;;;;;;;;;;;;;;;;;;;;;;;;;;;;;;;;;;;;;;
18:26:41;12;96;9999;076;999;09;111111111111000000000000;000000000000000000000000;11101000;000;_;e;10;001111000100000000000000;____;03;071;083;019;028;073;052;0425676025;;;;;;;;;;;;;;;;;;;;;;;;;;;;;;;;;;;;;;;;;;;;;;;;;;
18:35:55;12;97;9999;076;999;09;111111111111000000000000;000000000000000000000000;11101000;000;_;e;10;001111110000000000000000;____;06;036;056;036;032;038;075;0425677850;;;;;;;;;;;;;;;;;;;;;;;;;;;;;;;;;;;;;;;;;;;;;;;;;;
18:39:41;12;98;9999;074;999;09;111111111111000000000000;000000000000000000000000;11101000;000;_;e;10;001111001100000000000000;____;09;041;062;030;040;044;175;0425677916;;;;;;;;;;;;;;;;;;;;;;;;;;;;;;;;;;;;;;;;;;;;;;;;;;
18:45:09;12;99;9999;076;999;09;111111111111000000000000;000000000000000000000000;11101000;000;_;e;10;000111101000000000000000;____;05;053;063;026;053;057;115;0425677921;;;;;;;;;;;;;;;;;;;;;;;;;;;;;;;;;;;;;;;;;;;;;;;;;;
18:58:07;12;01;9999;078;999;09;111111111111000000000000;000000000000000000000000;11101000;000;_;e;10;111100000000000000000000;____;04;045;062;033;036;050;047;0425664302;;;;;;;;;;;;;;;;;;;;;;;;;;;;;;;;;;;;;;;;;;;;;;;;;;
19:00:39;12;02;9999;065;999;09;111111111111000000000000;000000000000000000000000;11101000;000;_;e;10;000000000100000000000000;____;10;001;077;004;001;001;002;0425677928;;;;;;;;;;;;;;;;;;;;;;;;;;;;;;;;;;;;;;;;;;;;;;;;;;
19:07:58;12;03;9999;076;999;09;111111111111000000000000;000000000000000000000000;11101000;000;_;e;10;111000000100000000000000;____;01;037;099;027;-01;041;047;0425677864;;;;;;;;;;;;;;;;;;;;;;;;;;;;;;;;;;;;;;;;;;;;;;;;;;
19:10:02;12;04;9999;078;999;09;111111111111000000000000;000000000000000000000000;11101000;000;_;e;10;001101001100000000000000;____;04;031;069;031;023;032;109;0425677935;;;;;;;;;;;;;;;;;;;;;;;;;;;;;;;;;;;;;;;;;;;;;;;;;;
19:12:22;12;05;9999;075;999;09;111111111111000000000000;000000000000000000000000;11101000;000;_;e;10;001111000000000000000000;____;06;040;060;024;040;042;061;0425677936;;;;;;;;;;;;;;;;;;;;;;;;;;;;;;;;;;;;;;;;;;;;;;;;;;
19:13:26;12;06;9999;074;999;09;111111111111000000000000;000000000000000000000000;11101000;000;_;e;10;011100001000000000000000;____;09;033;076;028;024;046;065;0425677938;;;;;;;;;;;;;;;;;;;;;;;;;;;;;;;;;;;;;;;;;;;;;;;;;;
19:14:13;12;07;9999;075;999;09;111111111111000000000000;000000000000000000000000;11101000;000;_;e;10;000011000000000000000000;____;06;044;055;021;044;045;039;0425677939;;;;;;;;;;;;;;;;;;;;;;;;;;;;;;;;;;;;;;;;;;;;;;;;;;
19:29:28;12;08;9999;075;999;09;111111111111000000000000;000000000000000000000000;11101000;000;_;e;10;000110000100000000000000;____;10;-05;078;017;-06;-05;064;0425664308;;;;;;;;;;;;;;;;;;;;;;;;;;;;;;;;;;;;;;;;;;;;;;;;;;
19:30:00;12;09;9999;075;999;09;111111111111000000000000;000000000000000000000000;11101000;000;_;e;10;001101010000000000000000;____;03;048;053;035;031;049;065;0425677941;;;;;;;;;;;;;;;;;;;;;;;;;;;;;;;;;;;;;;;;;;;;;;;;;;
19:30:43;12;10;9999;075;999;09;111111111111000000000000;000000000000000000000000;11101000;000;_;e;10;001100000100000000000000;____;04;057;084;023;056;060;091;0425677942;;;;;;;;;;;;;;;;;;;;;;;;;;;;;;;;;;;;;;;;;;;;;;;;;;
19:42:27;12;11;9999;068;999;09;111111111111000000000000;000000000000000000000000;11101000;000;_;e;10;011110000100000000000000;____;10;-07;078;008;-08;034;070;0425664314;;;;;;;;;;;;;;;;;;;;;;;;;;;;;;;;;;;;;;;;;;;;;;;;;;
20:08:15;12;12;9999;074;999;09;111111111111000000000000;000000000000000000000000;11101000;000;_;e;10;110000000001000000000000;____;01;038;101;014;033;039;059;0425677603;;;;;;;;;;;;;;;;;;;;;;;;;;;;;;;;;;;;;;;;;;;;;;;;;;
20:13:42;12;13;9999;083;999;08;111111111111000000000000;000000000000000000000000;11101000;000;_;e;10;000000000100000000000000;____;10;005;072;021;005;010;030;0425677605;;;;;;;;;;;;;;;;;;;;;;;;;;;;;;;;;;;;;;;;;;;;;;;;;;
20:14:58;12;14;9999;078;999;09;111111111111000000000000;000000000000000000000000;11101000;000;_;e;10;001110001100000000000000;____;04;044;067;047;026;048;104;0425677606;;;;;;;;;;;;;;;;;;;;;;;;;;;;;;;;;;;;;;;;;;;;;;;;;;
20:16:15;12;15;9999;074;999;09;111111111111000000000000;000000000000000000000000;11101000;000;_;e;10;010010110000000000000000;____;08;-01;052;015;-03;001;073;0425677607;;;;;;;;;;;;;;;;;;;;;;;;;;;;;;;;;;;;;;;;;;;;;;;;;;
20:21:40;12;16;9999;064;999;09;111111111111000000000000;000000000000000000000000;11101000;000;_;e;10;000111001000000000000000;____;06;062;062;039;051;068;096;0425677724;;;;;;;;;;;;;;;;;;;;;;;;;;;;;;;;;;;;;;;;;;;;;;;;;;
20:24:29;12;17;9999;073;999;09;111111111111000000000000;000000000000000000000000;11101000;000;_;e;10;001111001000000000000000;____;03;045;078;034;044;048;100;0425664255;;;;;;;;;;;;;;;;;;;;;;;;;;;;;;;;;;;;;;;;;;;;;;;;;;
20:27:07;12;18;9999;072;999;09;111111111111000000000000;000000000000000000000000;11101000;000;_;e;10;000110000100000000000000;____;10;-03;078;015;-03;016;048;0425664256;;;;;;;;;;;;;;;;;;;;;;;;;;;;;;;;;;;;;;;;;;;;;;;;;;
20:28:58;12;19;9999;073;999;08;111111111111000000000000;000000000000000000000000;11101000;000;_;e;10;001111001100000000000000;____;04;049;034;012;045;051;096;0425677610;;;;;;;;;;;;;;;;;;;;;;;;;;;;;;;;;;;;;;;;;;;;;;;;;;
20:32:27;12;20;9999;075;999;09;111111111111000000000000;000000000000000000000000;11101000;000;_;e;10;001110001000000000000000;____;03;051;074;032;050;053;076;0425677737;;;;;;;;;;;;;;;;;;;;;;;;;;;;;;;;;;;;;;;;;;;;;;;;;;
20:33:48;12;21;9999;075;999;09;111111111111000000000000;000000000000000000000000;11101000;000;_;e;10;001111001100000000000000;____;06;057;068;035;031;060;204;0425664258;;;;;;;;;;;;;;;;;;;;;;;;;;;;;;;;;;;;;;;;;;;;;;;;;;
20:34:05;12;22;9999;074;999;09;111111111111000000000000;000000000000000000000000;11101000;000;_;e;10;001101000000000000000000;____;04;036;080;030;035;037;055;0425664259;;;;;;;;;;;;;;;;;;;;;;;;;;;;;;;;;;;;;;;;;;;;;;;;;;
20:35:55;12;23;9999;075;999;09;111111111111000000000000;000000000000000000000000;11101000;000;_;e;10;001110000100000000000000;____;10;074;081;021;031;075;061;0425676031;;;;;;;;;;;;;;;;;;;;;;;;;;;;;;;;;;;;;;;;;;;;;;;;;;
20:37:55;12;24;9999;082;999;09;111111111111000000000000;000000000000000000000000;11101000;000;_;e;10;111000001001000000000000;____;01;056;097;009;052;074;053;0425677614;;;;;;;;;;;;;;;;;;;;;;;;;;;;;;;;;;;;;;;;;;;;;;;;;;
20:38:08;12;25;9999;076;999;09;111111111111000000000000;000000000000000000000000;11101000;000;_;e;10;010101110100000000000000;____;08;006;050;025;003;039;044;0425665104;;;;;;;;;;;;;;;;;;;;;;;;;;;;;;;;;;;;;;;;;;;;;;;;;;
20:38:51;12;26;9999;078;999;09;111111111111000000000000;000000000000000000000000;11101000;000;_;e;10;000011111000000000000000;____;05;045;052;030;043;047;073;0425676032;;;;;;;;;;;;;;;;;;;;;;;;;;;;;;;;;;;;;;;;;;;;;;;;;;
20:39:03;12;27;9999;055;968;09;111111111111000000000000;000000000000000000000000;11101000;000;_;e;10;000101001100000000000000;____;10;-02;085;018;-05;018;073;0425677738;;;;;;;;;;;;;;;;;;;;;;;;;;;;;;;;;;;;;;;;;;;;;;;;;;
20:58:01;12;28;9999;056;999;09;111111111111000000000000;000000000000000000000000;11101000;000;_;e;10;110000000100000000000000;____;01;031;101;016;002;033;009;0425664268;;;;;;;;;;;;;;;;;;;;;;;;;;;;;;;;;;;;;;;;;;;;;;;;;;
20:59:33;12;29;9999;043;999;09;111111111111000000000000;000000000000000000000000;11101000;000;_;e;10;001110001000000000000000;____;04;021;061;017;013;022;099;0425665120;;;;;;;;;;;;;;;;;;;;;;;;;;;;;;;;;;;;;;;;;;;;;;;;;;
21:06:48;12;30;9999;074;999;09;111111111111000000000000;000000000000000000000000;11101000;000;_;e;10;011111001100000000000000;____;09;060;076;028;054;061;160;0425664335;;;;;;;;;;;;;;;;;;;;;;;;;;;;;;;;;;;;;;;;;;;;;;;;;;
21:17:02;12;31;9999;062;999;09;111111111111000000000000;000000000000000000000000;11101000;000;_;e;10;001111011110000000000000;____;09;028;027;011;006;030;170;0425664273;;;;;;;;;;;;;;;;;;;;;;;;;;;;;;;;;;;;;;;;;;;;;;;;;;
21:24:20;12;32;9999;059;999;09;111111111111000000000000;000000000000000000000000;11101000;000;_;e;10;001100000100000000000000;____;04;031;088;051;007;033;031;0425677748;;;;;;;;;;;;;;;;;;;;;;;;;;;;;;;;;;;;;;;;;;;;;;;;;;
21:28:53;12;33;9999;074;999;09;111111111111000000000000;000000000000000000000000;11101000;000;_;e;10;001100001100000000000000;____;03;048;066;043;044;051;134;0425664277;;;;;;;;;;;;;;;;;;;;;;;;;;;;;;;;;;;;;;;;;;;;;;;;;;
21:30:31;12;34;9999;080;999;09;111111111111000000000000;000000000000000000000000;11101000;000;_;e;10;110000000100000000000000;____;01;042;101;015;008;044;065;0425664279;;;;;;;;;;;;;;;;;;;;;;;;;;;;;;;;;;;;;;;;;;;;;;;;;;
21:36:42;12;35;9999;078;999;09;111111111111000000000000;000000000000000000000000;11101000;000;_;e;10;000111101100000000000000;____;07;037;053;037;016;043;082;0425665137;;;;;;;;;;;;;;;;;;;;;;;;;;;;;;;;;;;;;;;;;;;;;;;;;;
21:38:42;12;36;9999;059;999;09;111111111111000000000000;000000000000000000000000;11101000;000;_;e;10;000001000100000000000000;____;06;027;069;027;027;043;008;0425664278;;;;;;;;;;;;;;;;;;;;;;;;;;;;;;;;;;;;;;;;;;;;;;;;;;
21:45:17;12;37;9999;074;999;09;111111111111000000000000;000000000000000000000000;11101000;000;_;e;10;001000001000000000000000;____;03;065;075;005;062;065;058;0425665138;;;;;;;;;;;;;;;;;;;;;;;;;;;;;;;;;;;;;;;;;;;;;;;;;;
21:46:08;12;38;9999;056;999;09;111111111111000000000000;000000000000000000000000;11101000;000;_;e;10;110100000000000000000000;____;01;035;101;015;031;036;029;0425664281;;;;;;;;;;;;;;;;;;;;;;;;;;;;;;;;;;;;;;;;;;;;;;;;;;
21:50:46;12;39;9999;074;999;09;111111111111000000000000;000000000000000000000000;11101000;000;_;e;10;001100001100000000000000;____;04;056;067;025;054;061;070;0425665139;;;;;;;;;;;;;;;;;;;;;;;;;;;;;;;;;;;;;;;;;;;;;;;;;;
22:03:54;12;40;9999;075;999;09;111111111111000000000000;000000000000000000000000;11101000;000;_;e;10;001111001000000000000000;____;03;007;062;005;006;023;101;0425677635;;;;;;;;;;;;;;;;;;;;;;;;;;;;;;;;;;;;;;;;;;;;;;;;;;
22:06:59;12;41;9999;056;999;09;111111111111000000000000;000000000000000000000000;11101000;000;_;e;10;001101001101000000000000;____;10;066;085;020;034;070;097;0425664288;;;;;;;;;;;;;;;;;;;;;;;;;;;;;;;;;;;;;;;;;;;;;;;;;;
22:08:41;12;42;9999;075;999;09;111111111111000000000000;000000000000000000000000;11101000;000;_;e;10;000011101000000000000000;____;05;051;054;033;051;055;078;0425677768;;;;;;;;;;;;;;;;;;;;;;;;;;;;;;;;;;;;;;;;;;;;;;;;;;
22:11:24;12;43;9999;077;999;09;111111111111000000000000;000000000000000000000000;11010000;000;_;;;;;;;;;;;;;;;;;;;;;;;;;;;;;;;;;;;;;;;;;;;;;;;;;;;;;;;;;;;;;;
22:12:27;12;44;9999;075;999;08;111111111111000000000000;000000000000000000000000;11101000;000;_;e;10;011111001000000000000000;____;06;-01;061;028;-01;046;059;0425665149;;;;;;;;;;;;;;;;;;;;;;;;;;;;;;;;;;;;;;;;;;;;;;;;;;
22:16:39;12;45;9999;078;999;09;111111111111000000000000;000000000000000000000000;11101000;000;_;e;10;001111001100000000000000;____;03;029;055;041;028;034;159;0425677641;;;;;;;;;;;;;;;;;;;;;;;;;;;;;;;;;;;;;;;;;;;;;;;;;;
22:17:38;12;46;9999;068;999;09;111111111111000000000000;000000000000000000000000;11101000;000;_;e;10;110100000100000000000000;____;10;-07;084;006;-10;005;107;0425664290;;;;;;;;;;;;;;;;;;;;;;;;;;;;;;;;;;;;;;;;;;;;;;;;;;
22:21:37;12;47;9999;066;999;09;111111111111000000000000;000000000000000000000000;11101000;000;_;e;10;110000001100000000000000;____;01;030;102;006;004;033;043;0425677770;;;;;;;;;;;;;;;;;;;;;;;;;;;;;;;;;;;;;;;;;;;;;;;;;;
22:42:22;12;48;9999;055;999;09;111111111111000000000000;000000000000000000000000;11101000;000;_;e;10;110000000000000000000000;____;01;032;099;010;032;034;053;0425677643;;;;;;;;;;;;;;;;;;;;;;;;;;;;;;;;;;;;;;;;;;;;;;;;;;
