RDT400 Server V3.30
Site: 
System: Barcode scanner PLC06_178 (Sick); System type: OPS
Date: 01-01-2025  00:00:24
Date    ;ID;CT;IDX ;TLE;TGA;V ;DEVICE LIST             ;ERROR LIST              ;OUTPUT  ;ENR;R;CODE1 ID;LENGTH;READ LIST;RES;CLV ID;XPOS;YPOS;ZPOS;XMIN;XMAX;CS;CODE CONTENT;XPOS;YPOS;ZPOS;XMIN;XMAX;CS;CODE CONTENT;CODE2 ID;LENGTH;READ LIST;RES;CLV ID;XPOS;YPOS;ZPOS;XMIN;XMAX;CS;CODE CONTENT;XPOS;YPOS;ZPOS;XMIN;XMAX;CS;CODE CONTENT;CODE3 ID;LENGTH;READ LIST;RES;CLV ID;XPOS;YPOS;ZPOS;XMIN;XMAX;CS;CODE CONTENT;XPOS;YPOS;ZPOS;XMIN;XMAX;CS;CODE CONTENT;INFO1;INFO2;CUSTOM1;CUSTOM2;
05:04:41;17;76;9999;080;999;11;111111111111000000000000;000000000000000000000000;11101000;000;_;e;10;000111000000000000000000;____;06;022;030;027;006;022;006;0425736275;;;;;;;;;;;;;;;;;;;;;;;;;;;;;;;;;;;;;;;;;;;;;;;;;;
05:04:44;17;77;9999;079;160;11;111111111111000000000000;000000000000000000000000;11101000;000;_;e;10;100110000100000000000000;____;01;-08;064;025;-12;-07;046;0425727279;;;;;;;;;;;;;;;;;;;;;;;;;;;;;;;;;;;;;;;;;;;;;;;;;;
05:04:47;17;78;9999;057;156;06;111111111111000000000000;000000000000000000000000;11101000;000;_;e;10;010111001000000000000000;____;05;022;064;025;012;029;085;0425727281;;;;;;;;;;;;;;;;;;;;;;;;;;;;;;;;;;;;;;;;;;;;;;;;;;
05:04:49;17;79;9999;074;172;11;111111111111000000000000;000000000000000000000000;11101000;000;_;e;10;000111001100000000000000;____;04;009;070;023;007;030;100;0425736276;;;;;;;;;;;;;;;;;;;;;;;;;;;;;;;;;;;;;;;;;;;;;;;;;;
05:04:51;17;80;9999;057;153;11;111111111111000000000000;000000000000000000000000;11101000;000;_;e;10;100010001001000000000000;____;01;046;071;006;008;046;033;0425736277;;;;;;;;;;;;;;;;;;;;;;;;;;;;;;;;;;;;;;;;;;;;;;;;;;
05:04:55;17;81;9999;077;212;00;111111111111000000000000;000000000000000000000000;11101000;000;_;e;10;000110100000000000000000;____;05;007;089;012;002;021;034;0425727282;;;;;;;;;;;;;;;;;;;;;;;;;;;;;;;;;;;;;;;;;;;;;;;;;;
05:04:58;17;82;9999;082;236;11;111111111111000000000000;000000000000000000000000;11101000;000;_;e;10;001111001000000000000000;____;05;022;080;029;022;048;105;0425727280;;;;;;;;;;;;;;;;;;;;;;;;;;;;;;;;;;;;;;;;;;;;;;;;;;
05:05:01;17;83;9999;052;192;11;111111111111000000000000;000000000000000000000000;11101000;000;_;e;10;000000001000000000000000;____;09;028;056;015;020;028;036;0425736278;;;;;;;;;;;;;;;;;;;;;;;;;;;;;;;;;;;;;;;;;;;;;;;;;;
05:05:03;17;84;9999;074;163;11;111111111111000000000000;000000000000000000000000;11101000;000;_;e;10;001111001000000000000000;____;05;005;073;034;005;010;086;0425727284;;;;;;;;;;;;;;;;;;;;;;;;;;;;;;;;;;;;;;;;;;;;;;;;;;
05:05:06;17;85;9999;079;156;06;111111111111000000000000;000000000000000000000000;11001000;000;_;e;10;000101001101000000000000;____;12;004;063;004;003;026;027;0050123641;023;063;034;021;028;018;0425727285;;;;;;;;;;;;;;;;;;;;;;;;;;;;;;;;;;;;;;;;;;;
05:05:08;17;86;9999;055;153;11;111111111111000000000000;000000000000000000000000;11101000;000;_;e;10;000111000000000000000000;____;04;038;071;007;022;067;027;0425727287;;;;;;;;;;;;;;;;;;;;;;;;;;;;;;;;;;;;;;;;;;;;;;;;;;
05:05:12;17;87;9999;084;429;11;111111111111000000000000;000000000000000000000000;11101000;000;_;e;10;000110000000000000000000;____;05;-13;068;015;-16;-13;006;0425727286;;;;;;;;;;;;;;;;;;;;;;;;;;;;;;;;;;;;;;;;;;;;;;;;;;
05:05:15;17;88;9999;083;233;11;111111111111000000000000;000000000000000000000000;11101000;000;_;e;10;110000000000000000000000;____;02;020;095;003;012;026;022;0425727288;;;;;;;;;;;;;;;;;;;;;;;;;;;;;;;;;;;;;;;;;;;;;;;;;;
05:05:17;17;89;9999;062;157;11;111111111111000000000000;000000000000000000000000;11101000;000;_;e;10;000111001001000000000000;____;05;034;048;021;015;039;076;0425736279;;;;;;;;;;;;;;;;;;;;;;;;;;;;;;;;;;;;;;;;;;;;;;;;;;
05:05:22;17;90;9999;051;164;00;111111111111000000000000;000000000000000000000000;11101000;000;_;e;10;110100000000000000000000;____;01;032;097;006;005;032;032;0425736280;;;;;;;;;;;;;;;;;;;;;;;;;;;;;;;;;;;;;;;;;;;;;;;;;;
05:05:24;17;91;9999;085;236;11;111111111111000000000000;000000000000000000000000;11101000;000;_;e;10;100010000000000000000000;____;01;021;067;024;-12;025;034;0425736282;;;;;;;;;;;;;;;;;;;;;;;;;;;;;;;;;;;;;;;;;;;;;;;;;;
05:05:27;17;92;9999;061;159;11;111111111111000000000000;000000000000000000000000;11101000;000;_;e;10;100100000000000000000000;____;04;-06;089;028;-06;-04;009;0425736283;;;;;;;;;;;;;;;;;;;;;;;;;;;;;;;;;;;;;;;;;;;;;;;;;;
05:05:28;17;93;9999;062;115;11;111111111111000000000000;000000000000000000000000;11101000;000;_;e;10;000011001100000000000000;____;10;000;043;043;-04;020;025;0425736284;;;;;;;;;;;;;;;;;;;;;;;;;;;;;;;;;;;;;;;;;;;;;;;;;;
05:34:03;17;94;9999;078;999;11;111111111111000000000000;000000000000000000000000;11101000;000;_;e;10;000110000010000000000000;____;11;045;021;004;036;045;019;0425732576;;;;;;;;;;;;;;;;;;;;;;;;;;;;;;;;;;;;;;;;;;;;;;;;;;
05:34:05;17;95;9999;081;156;11;111111111111000000000000;000000000000000000000000;11010000;000;_;;;;;;;;;;;;;;;;;;;;;;;;;;;;;;;;;;;;;;;;;;;;;;;;;;;;;;;;;;;;;;
05:34:08;17;96;9999;082;262;11;111111111111000000000000;000000000000000000000000;11101000;000;_;e;10;000101000100000000000000;____;06;009;044;034;-01;013;049;0425738745;;;;;;;;;;;;;;;;;;;;;;;;;;;;;;;;;;;;;;;;;;;;;;;;;;
05:34:15;17;97;9999;074;637;11;111111111111000000000000;000000000000000000000000;11101000;000;_;e;10;000001110000000000000000;____;06;-15;005;017;-15;-10;028;0425732577;;;;;;;;;;;;;;;;;;;;;;;;;;;;;;;;;;;;;;;;;;;;;;;;;;
05:34:18;17;98;9999;081;290;11;111111111111000000000000;000000000000000000000000;11101000;000;_;e;10;000111001000000000000000;____;04;-09;058;000;-09;010;052;0425736590;;;;;;;;;;;;;;;;;;;;;;;;;;;;;;;;;;;;;;;;;;;;;;;;;;
05:34:21;17;99;9999;062;230;11;111111111111000000000000;000000000000000000000000;11101000;000;_;e;10;000011100001000000000000;____;06;002;055;000;001;015;027;0425738747;;;;;;;;;;;;;;;;;;;;;;;;;;;;;;;;;;;;;;;;;;;;;;;;;;
05:34:27;17;01;9999;085;615;11;111111111111000000000000;000000000000000000000000;11101000;000;_;e;10;100000000000000000000000;____;01;037;063;010;037;038;052;0425738746;;;;;;;;;;;;;;;;;;;;;;;;;;;;;;;;;;;;;;;;;;;;;;;;;;
05:34:29;17;02;9999;058;136;11;111111111111000000000000;000000000000000000000000;11101000;000;_;e;10;000001000001000000000000;____;12;010;052;004;010;023;014;0425738748;;;;;;;;;;;;;;;;;;;;;;;;;;;;;;;;;;;;;;;;;;;;;;;;;;
05:34:32;17;03;9999;076;193;01;111111111111000000000000;000000000000000000000000;11101000;000;_;e;10;110000000000000000000000;____;01;-17;067;014;-20;-17;006;0425732578;;;;;;;;;;;;;;;;;;;;;;;;;;;;;;;;;;;;;;;;;;;;;;;;;;
05:34:34;17;04;9999;068;156;11;111111111111000000000000;000000000000000000000000;11101000;000;_;e;10;110100001100000000000000;____;01;007;065;011;-12;011;045;0425738750;;;;;;;;;;;;;;;;;;;;;;;;;;;;;;;;;;;;;;;;;;;;;;;;;;
05:34:38;17;05;9999;049;173;04;111111111111000000000000;000000000000000000000000;11101000;000;_;e;10;000001111000000000000000;____;08;-07;003;006;-08;019;026;0425738749;;;;;;;;;;;;;;;;;;;;;;;;;;;;;;;;;;;;;;;;;;;;;;;;;;
05:34:40;17;06;9999;076;194;11;111111111111000000000000;000000000000000000000000;11101000;000;_;e;10;000001000000000000000000;____;06;004;032;030;003;004;005;0425736592;;;;;;;;;;;;;;;;;;;;;;;;;;;;;;;;;;;;;;;;;;;;;;;;;;
05:34:43;17;07;9999;067;245;11;111111111111000000000000;000000000000000000000000;11101000;000;_;e;10;000111111000000000000000;____;05;037;031;001;-03;038;086;0425736593;;;;;;;;;;;;;;;;;;;;;;;;;;;;;;;;;;;;;;;;;;;;;;;;;;
05:34:46;17;08;9999;073;230;11;111111111111000000000000;000000000000000000000000;11101000;000;_;e;10;000000110000000000000000;____;07;000;013;012;-02;001;046;0425738751;;;;;;;;;;;;;;;;;;;;;;;;;;;;;;;;;;;;;;;;;;;;;;;;;;
05:34:48;17;09;9999;058;162;11;111111111111000000000000;000000000000000000000000;11101000;000;_;e;10;000001000000000000000000;____;06;-14;034;018;-14;-13;018;0425736594;;;;;;;;;;;;;;;;;;;;;;;;;;;;;;;;;;;;;;;;;;;;;;;;;;
05:34:50;17;10;9999;071;175;11;111111111111000000000000;000000000000000000000000;11101000;000;_;e;10;110000001010000000000000;____;01;028;055;007;024;045;039;0425732580;;;;;;;;;;;;;;;;;;;;;;;;;;;;;;;;;;;;;;;;;;;;;;;;;;
05:34:52;17;11;9999;047;167;11;111111111111000000000000;000000000000000000000000;11101000;000;_;e;10;000000001000000000000000;____;09;011;034;017;009;013;026;0425732581;;;;;;;;;;;;;;;;;;;;;;;;;;;;;;;;;;;;;;;;;;;;;;;;;;
05:34:55;17;12;9999;045;179;01;111111111111000000000000;000000000000000000000000;11101000;000;_;e;10;000011101010000000000000;____;05;013;006;002;006;020;048;0425732582;;;;;;;;;;;;;;;;;;;;;;;;;;;;;;;;;;;;;;;;;;;;;;;;;;
05:34:57;17;13;9999;080;171;11;111111111111000000000000;000000000000000000000000;11101000;000;_;e;10;000101001100000000000000;____;06;004;052;033;001;019;075;0425738752;;;;;;;;;;;;;;;;;;;;;;;;;;;;;;;;;;;;;;;;;;;;;;;;;;
05:34:59;17;14;9999;067;156;11;111111111111000000000000;000000000000000000000000;11101000;000;_;e;10;110110001000000000000000;____;01;026;060;010;018;026;063;0425738753;;;;;;;;;;;;;;;;;;;;;;;;;;;;;;;;;;;;;;;;;;;;;;;;;;
05:35:04;17;15;9999;060;480;11;111111111111000000000000;000000000000000000000000;11101000;000;_;e;10;010011100001000000000000;____;06;023;056;007;015;031;047;0425736598;;;;;;;;;;;;;;;;;;;;;;;;;;;;;;;;;;;;;;;;;;;;;;;;;;
05:35:10;17;16;9999;056;549;11;111111111111000000000000;000000000000000000000000;11101000;000;_;e;10;000000000010000000000000;____;11;-05;012;004;-05;-03;003;0425738833;;;;;;;;;;;;;;;;;;;;;;;;;;;;;;;;;;;;;;;;;;;;;;;;;;
05:35:13;17;17;9999;051;235;11;111111111111000000000000;000000000000000000000000;11101000;000;_;e;10;000110001110000000000000;____;09;026;054;029;012;033;027;0425670688;;;;;;;;;;;;;;;;;;;;;;;;;;;;;;;;;;;;;;;;;;;;;;;;;;
05:35:16;17;18;9999;063;263;11;111111111111000000000000;000000000000000000000000;11101000;000;_;e;10;100001001001000000000000;____;09;019;052;002;019;022;027;0425670689;;;;;;;;;;;;;;;;;;;;;;;;;;;;;;;;;;;;;;;;;;;;;;;;;;
05:35:18;17;19;9999;036;170;11;111111111111000000000000;000000000000000000000000;11101000;000;_;e;10;000000110000000000000000;____;08;-10;002;012;-10;-07;035;0425736599;;;;;;;;;;;;;;;;;;;;;;;;;;;;;;;;;;;;;;;;;;;;;;;;;;
05:35:20;17;20;9999;061;162;11;111111111111000000000000;000000000000000000000000;11101000;000;_;e;10;000010101010000000000000;____;05;039;019;009;033;039;073;0425705399;;;;;;;;;;;;;;;;;;;;;;;;;;;;;;;;;;;;;;;;;;;;;;;;;;
05:35:22;17;21;9999;053;161;11;111111111111000000000000;000000000000000000000000;11101000;000;_;e;10;000111100100000000000000;____;04;027;009;009;021;029;037;0425670691;;;;;;;;;;;;;;;;;;;;;;;;;;;;;;;;;;;;;;;;;;;;;;;;;;
05:35:24;17;22;9999;058;174;11;111111111111000000000000;000000000000000000000000;11010000;000;_;;;;;;;;;;;;;;;;;;;;;;;;;;;;;;;;;;;;;;;;;;;;;;;;;;;;;;;;;;;;;;
05:35:26;17;23;9999;064;158;11;111111111111000000000000;000000000000000000000000;11101000;000;_;e;10;100100000000000000000000;____;01;021;057;009;019;022;051;0425738834;;;;;;;;;;;;;;;;;;;;;;;;;;;;;;;;;;;;;;;;;;;;;;;;;;
05:35:29;17;24;9999;073;164;06;111111111111000000000000;000000000000000000000000;11101000;000;_;e;10;000010000000000000000000;____;05;014;031;027;013;014;020;0425736595;;;;;;;;;;;;;;;;;;;;;;;;;;;;;;;;;;;;;;;;;;;;;;;;;;
05:35:32;17;25;9999;069;164;00;111111111111000000000000;000000000000000000000000;11101000;000;_;e;10;110100000000000000000000;____;02;-17;064;006;-17;-10;040;0425732583;;;;;;;;;;;;;;;;;;;;;;;;;;;;;;;;;;;;;;;;;;;;;;;;;;
05:35:35;17;26;9999;080;153;09;111111111111000000000000;000000000000000000000000;11101000;000;_;e;10;100100001000000000000000;____;01;032;063;003;031;040;033;0425732584;;;;;;;;;;;;;;;;;;;;;;;;;;;;;;;;;;;;;;;;;;;;;;;;;;
05:35:37;17;27;9999;048;175;11;111111111111000000000000;000000000000000000000000;11010000;000;_;;;;;;;;;;;;;;;;;;;;;;;;;;;;;;;;;;;;;;;;;;;;;;;;;;;;;;;;;;;;;;
05:35:40;17;28;9999;058;228;11;111111111111000000000000;000000000000000000000000;11101000;000;_;e;10;000001100010000000000000;____;07;030;017;006;000;033;012;0425670692;;;;;;;;;;;;;;;;;;;;;;;;;;;;;;;;;;;;;;;;;;;;;;;;;;
05:35:42;17;29;9999;068;132;11;111111111111000000000000;000000000000000000000000;11101000;000;_;e;10;100001001001000000000000;____;09;037;058;011;023;039;041;0425670693;;;;;;;;;;;;;;;;;;;;;;;;;;;;;;;;;;;;;;;;;;;;;;;;;;
06:34:42;17;30;9999;071;999;11;111111111111000000000000;000000000000000000000000;11101000;000;_;e;10;100111001001000000000000;____;09;030;063;003;021;033;031;0425735499;;;;;;;;;;;;;;;;;;;;;;;;;;;;;;;;;;;;;;;;;;;;;;;;;;
06:34:44;17;31;9999;080;152;11;111111111111000000000000;000000000000000000000000;11101000;000;_;e;10;000101101100000000000000;____;09;007;047;032;-18;008;034;0425736791;;;;;;;;;;;;;;;;;;;;;;;;;;;;;;;;;;;;;;;;;;;;;;;;;;
06:34:47;17;32;9999;046;259;11;111111111111000000000000;000000000000000000000000;11101000;000;_;e;10;000111001010000000000000;____;09;030;041;003;027;033;046;0425736792;;;;;;;;;;;;;;;;;;;;;;;;;;;;;;;;;;;;;;;;;;;;;;;;;;
06:34:50;17;33;9999;063;182;11;111111111111000000000000;000000000000000000000000;11101000;000;_;e;10;000001100000000000000000;____;07;010;-01;009;001;011;035;0425736793;;;;;;;;;;;;;;;;;;;;;;;;;;;;;;;;;;;;;;;;;;;;;;;;;;
06:34:51;17;34;9999;069;153;11;111111111111000000000000;000000000000000000000000;11101000;000;_;e;10;000000100010000000000000;____;11;039;018;004;033;044;028;0425700508;;;;;;;;;;;;;;;;;;;;;;;;;;;;;;;;;;;;;;;;;;;;;;;;;;
06:34:55;17;35;9999;044;353;11;111111111111000000000000;000000000000000000000000;11101000;000;_;e;10;000111001100000000000000;____;10;-16;036;040;-16;-04;103;0425736794;;;;;;;;;;;;;;;;;;;;;;;;;;;;;;;;;;;;;;;;;;;;;;;;;;
06:34:57;17;36;9999;080;167;11;111111111111000000000000;000000000000000000000000;11101000;000;_;e;10;000000001000000000000000;____;09;026;023;021;026;026;004;0425736795;;;;;;;;;;;;;;;;;;;;;;;;;;;;;;;;;;;;;;;;;;;;;;;;;;
06:34:59;17;37;9999;044;150;11;111111111111000000000000;000000000000000000000000;11010000;000;_;;;;;;;;;;;;;;;;;;;;;;;;;;;;;;;;;;;;;;;;;;;;;;;;;;;;;;;;;;;;;;
06:35:03;17;38;9999;051;198;04;111111111111000000000000;000000000000000000000000;11101000;000;_;e;10;000010000010000000000000;____;11;032;046;004;029;032;039;0425700510;;;;;;;;;;;;;;;;;;;;;;;;;;;;;;;;;;;;;;;;;;;;;;;;;;
06:35:05;17;39;9999;079;161;11;111111111111000000000000;000000000000000000000000;11101000;000;_;e;10;100001110000000000000000;____;07;036;020;010;035;040;059;0425736796;;;;;;;;;;;;;;;;;;;;;;;;;;;;;;;;;;;;;;;;;;;;;;;;;;
06:35:09;17;40;9999;061;328;11;111111111111000000000000;000000000000000000000000;11101000;000;_;e;10;000101000001000000000000;____;06;036;055;-03;028;036;040;0425700511;;;;;;;;;;;;;;;;;;;;;;;;;;;;;;;;;;;;;;;;;;;;;;;;;;
06:35:12;17;41;9999;086;235;11;111111111111000000000000;000000000000000000000000;11101000;000;_;e;10;100010101000000000000000;____;09;058;026;023;011;062;022;0425736797;;;;;;;;;;;;;;;;;;;;;;;;;;;;;;;;;;;;;;;;;;;;;;;;;;
06:37:32;17;42;9999;048;999;11;111111111111000000000000;000000000000000000000000;11010000;000;_;;;;;;;;;;;;;;;;;;;;;;;;;;;;;;;;;;;;;;;;;;;;;;;;;;;;;;;;;;;;;;
07:04:48;17;43;9999;092;999;11;111111111111000000000000;000000000000000000000000;11101000;000;_;e;10;000111001100000000000000;____;05;003;068;034;001;022;080;0316151475;;;;;;;;;;;;;;;;;;;;;;;;;;;;;;;;;;;;;;;;;;;;;;;;;;
07:04:51;17;44;9999;073;285;11;111111111111000000000000;000000000000000000000000;11101000;000;_;e;10;000011101000000000000000;____;06;011;036;021;010;014;038;0316151476;;;;;;;;;;;;;;;;;;;;;;;;;;;;;;;;;;;;;;;;;;;;;;;;;;
07:04:53;17;45;9999;063;151;11;111111111111000000000000;000000000000000000000000;11101000;000;_;e;10;100000000000000000000000;____;01;020;086;005;020;020;007;0316151478;;;;;;;;;;;;;;;;;;;;;;;;;;;;;;;;;;;;;;;;;;;;;;;;;;
07:04:56;17;46;9999;059;187;04;111111111111000000000000;000000000000000000000000;11101000;000;_;e;10;010000000000000000000000;____;02;-07;085;005;-07;-07;005;0316151479;;;;;;;;;;;;;;;;;;;;;;;;;;;;;;;;;;;;;;;;;;;;;;;;;;
07:04:59;17;47;9999;062;181;11;111111111111000000000000;000000000000000000000000;11101000;000;_;e;10;000110001000000000000000;____;09;045;053;029;029;045;024;0316151477;;;;;;;;;;;;;;;;;;;;;;;;;;;;;;;;;;;;;;;;;;;;;;;;;;
07:05:00;17;48;9999;051;140;11;111111111111000000000000;000000000000000000000000;11101000;000;_;e;10;000000111000000000000000;____;07;005;021;008;005;026;044;0316151480;;;;;;;;;;;;;;;;;;;;;;;;;;;;;;;;;;;;;;;;;;;;;;;;;;
07:05:05;17;49;9999;077;229;00;111111111111000000000000;000000000000000000000000;11101000;000;_;e;10;100000000000000000000000;____;01;011;094;019;011;012;040;0316151481;;;;;;;;;;;;;;;;;;;;;;;;;;;;;;;;;;;;;;;;;;;;;;;;;;
07:05:08;17;50;9999;073;226;11;111111111111000000000000;000000000000000000000000;11101000;000;_;e;10;000000101000000000000000;____;07;024;009;010;020;024;004;0316151482;;;;;;;;;;;;;;;;;;;;;;;;;;;;;;;;;;;;;;;;;;;;;;;;;;
07:05:10;17;51;9999;072;159;11;111111111111000000000000;000000000000000000000000;11101000;000;_;e;10;101001000100000000000000;____;06;-20;052;021;-20;-14;046;0316151483;;;;;;;;;;;;;;;;;;;;;;;;;;;;;;;;;;;;;;;;;;;;;;;;;;
07:34:37;17;52;9999;052;999;11;111111111111000000000000;000000000000000000000000;11101000;000;_;e;10;000001000000000000000000;____;06;003;068;015;003;003;002;0425670420;;;;;;;;;;;;;;;;;;;;;;;;;;;;;;;;;;;;;;;;;;;;;;;;;;
07:34:39;17;53;9999;081;154;11;111111111111000000000000;000000000000000000000000;11101000;000;_;e;10;110000000001000000000000;____;01;030;088;002;024;031;026;0425670421;;;;;;;;;;;;;;;;;;;;;;;;;;;;;;;;;;;;;;;;;;;;;;;;;;
07:34:42;17;54;9999;083;162;07;111111111111000000000000;000000000000000000000000;11101000;000;_;e;10;110110000001000000000000;____;01;004;081;023;-15;007;072;0425670424;;;;;;;;;;;;;;;;;;;;;;;;;;;;;;;;;;;;;;;;;;;;;;;;;;
07:34:44;17;55;9999;072;153;11;111111111111000000000000;000000000000000000000000;11101000;000;_;e;10;000000001100000000000000;____;10;020;045;000;-16;021;008;0425670425;;;;;;;;;;;;;;;;;;;;;;;;;;;;;;;;;;;;;;;;;;;;;;;;;;
07:34:48;17;56;9999;074;153;00;111111111111000000000000;000000000000000000000000;11101000;000;_;e;10;111100000001000000000000;____;04;000;087;005;-02;026;067;0425670426;;;;;;;;;;;;;;;;;;;;;;;;;;;;;;;;;;;;;;;;;;;;;;;;;;
07:34:51;17;57;9999;074;185;11;111111111111000000000000;000000000000000000000000;11010000;000;_;;;;;;;;;;;;;;;;;;;;;;;;;;;;;;;;;;;;;;;;;;;;;;;;;;;;;;;;;;;;;;
07:34:54;17;58;9999;073;296;11;111111111111000000000000;000000000000000000000000;11101000;000;_;e;10;000011001000000000000000;____;09;033;063;007;-15;041;011;0425670422;;;;;;;;;;;;;;;;;;;;;;;;;;;;;;;;;;;;;;;;;;;;;;;;;;
07:34:57;17;59;9999;081;260;11;111111111111000000000000;000000000000000000000000;11101000;000;_;e;10;110000000000000000000000;____;01;-03;085;008;-07;000;031;0425670427;;;;;;;;;;;;;;;;;;;;;;;;;;;;;;;;;;;;;;;;;;;;;;;;;;
07:34:59;17;60;9999;066;150;11;111111111111000000000000;000000000000000000000000;11101000;000;_;e;10;000111001000000000000000;____;09;033;047;022;023;033;080;0425670429;;;;;;;;;;;;;;;;;;;;;;;;;;;;;;;;;;;;;;;;;;;;;;;;;;
08:04:13;17;61;9999;045;999;11;111111111111000000000000;000000000000000000000000;11101000;000;_;e;10;000011000100000000000000;____;06;-16;039;029;-17;-09;019;0425631719;;;;;;;;;;;;;;;;;;;;;;;;;;;;;;;;;;;;;;;;;;;;;;;;;;
08:04:15;17;62;9999;057;166;11;111111111111000000000000;000000000000000000000000;11101000;000;_;e;10;000010110000000000000000;____;07;004;002;011;-05;004;029;0425631720;;;;;;;;;;;;;;;;;;;;;;;;;;;;;;;;;;;;;;;;;;;;;;;;;;
08:04:17;17;63;9999;050;180;11;111111111111000000000000;000000000000000000000000;11101000;000;_;e;10;000111001100000000000000;____;05;-03;046;044;-04;008;094;0425738900;;;;;;;;;;;;;;;;;;;;;;;;;;;;;;;;;;;;;;;;;;;;;;;;;;
08:04:19;17;64;9999;054;168;11;111111111111000000000000;000000000000000000000000;11101000;000;_;e;10;000010010000000000000000;____;05;-08;027;007;-16;-08;010;0425631721;;;;;;;;;;;;;;;;;;;;;;;;;;;;;;;;;;;;;;;;;;;;;;;;;;
08:04:21;17;65;9999;056;146;11;111111111111000000000000;000000000000000000000000;11101000;000;_;e;10;000111111010000000000000;____;05;036;020;002;007;037;058;0425738901;;;;;;;;;;;;;;;;;;;;;;;;;;;;;;;;;;;;;;;;;;;;;;;;;;
08:04:24;17;66;9999;057;159;05;111111111111000000000000;000000000000000000000000;11101000;000;_;e;10;110100001000000000000000;____;02;000;047;011;000;018;024;0425738902;;;;;;;;;;;;;;;;;;;;;;;;;;;;;;;;;;;;;;;;;;;;;;;;;;
08:04:27;17;67;9999;061;208;11;111111111111000000000000;000000000000000000000000;11101000;000;_;e;10;000101001001000000000000;____;06;028;060;-01;026;029;042;0425738903;;;;;;;;;;;;;;;;;;;;;;;;;;;;;;;;;;;;;;;;;;;;;;;;;;
08:04:29;17;68;9999;049;168;11;111111111111000000000000;000000000000000000000000;11101000;000;_;e;10;010111001100000000000000;____;05;009;038;039;-06;016;130;0425631724;;;;;;;;;;;;;;;;;;;;;;;;;;;;;;;;;;;;;;;;;;;;;;;;;;
08:04:31;17;69;9999;076;173;11;111111111111000000000000;000000000000000000000000;11101000;000;_;e;10;000000100000000000000000;____;07;018;000;013;018;018;040;0425631726;;;;;;;;;;;;;;;;;;;;;;;;;;;;;;;;;;;;;;;;;;;;;;;;;;
08:04:33;17;70;9999;082;231;11;111111111111000000000000;000000000000000000000000;11101000;000;_;e;10;100010001000000000000000;____;05;004;041;035;-10;006;021;0425738904;;;;;;;;;;;;;;;;;;;;;;;;;;;;;;;;;;;;;;;;;;;;;;;;;;
08:04:36;17;71;9999;048;136;11;111111111111000000000000;000000000000000000000000;11101000;000;_;e;10;000011110000000000000000;____;07;007;006;004;006;015;044;0425631725;;;;;;;;;;;;;;;;;;;;;;;;;;;;;;;;;;;;;;;;;;;;;;;;;;
08:04:40;17;72;9999;043;160;02;111111111111000000000000;000000000000000000000000;11101000;000;_;e;10;000000110000000000000000;____;07;-10;026;008;-11;-09;024;0425631723;;;;;;;;;;;;;;;;;;;;;;;;;;;;;;;;;;;;;;;;;;;;;;;;;;
08:04:43;17;73;9999;051;194;07;111111111111000000000000;000000000000000000000000;11101000;000;_;e;10;000011000100000000000000;____;10;-20;044;022;-20;004;039;0425631728;;;;;;;;;;;;;;;;;;;;;;;;;;;;;;;;;;;;;;;;;;;;;;;;;;
08:04:45;17;74;9999;082;175;11;111111111111000000000000;000000000000000000000000;11101000;000;_;e;10;000100000000000000000000;____;04;000;039;041;-01;001;044;0425738905;;;;;;;;;;;;;;;;;;;;;;;;;;;;;;;;;;;;;;;;;;;;;;;;;;
08:04:50;17;75;9999;060;103;00;111111111111000000000000;000000000000000000000000;11101000;000;_;e;10;000111101100000000000000;____;06;010;036;025;007;016;097;0425738906;;;;;;;;;;;;;;;;;;;;;;;;;;;;;;;;;;;;;;;;;;;;;;;;;;
08:04:52;17;76;9999;049;236;11;111111111111000000000000;000000000000000000000000;11101000;000;_;e;10;110111001000000000000000;____;01;017;045;008;012;019;065;0425631727;;;;;;;;;;;;;;;;;;;;;;;;;;;;;;;;;;;;;;;;;;;;;;;;;;
08:04:56;17;77;9999;055;366;11;111111111111000000000000;000000000000000000000000;11101000;000;_;e;10;001111001000000000000000;____;05;-01;035;023;-02;007;079;0425631729;;;;;;;;;;;;;;;;;;;;;;;;;;;;;;;;;;;;;;;;;;;;;;;;;;
08:04:59;17;78;9999;065;223;11;111111111111000000000000;000000000000000000000000;11101000;000;_;e;10;100101001001000000000000;____;01;019;054;007;015;029;036;0425738907;;;;;;;;;;;;;;;;;;;;;;;;;;;;;;;;;;;;;;;;;;;;;;;;;;
08:05:01;17;79;9999;055;170;11;111111111111000000000000;000000000000000000000000;11010000;000;_;;;;;;;;;;;;;;;;;;;;;;;;;;;;;;;;;;;;;;;;;;;;;;;;;;;;;;;;;;;;;;
08:05:03;17;80;9999;064;153;11;111111111111000000000000;000000000000000000000000;11101000;000;_;e;10;000010100010000000000000;____;05;037;018;005;021;038;056;0425738908;;;;;;;;;;;;;;;;;;;;;;;;;;;;;;;;;;;;;;;;;;;;;;;;;;
08:05:05;17;81;9999;074;190;11;111111111111000000000000;000000000000000000000000;11101000;000;_;e;10;100000000000000000000000;____;01;023;056;008;023;023;044;0425738909;;;;;;;;;;;;;;;;;;;;;;;;;;;;;;;;;;;;;;;;;;;;;;;;;;
08:05:07;17;82;9999;067;150;11;111111111111000000000000;000000000000000000000000;11101000;000;_;e;10;000001000010000000000000;____;06;047;024;014;022;047;016;0425631731;;;;;;;;;;;;;;;;;;;;;;;;;;;;;;;;;;;;;;;;;;;;;;;;;;
08:05:10;17;83;9999;035;256;11;111111111111000000000000;000000000000000000000000;11101000;000;_;e;10;000000110010000000000000;____;11;-05;010;004;-09;-05;019;0425631732;;;;;;;;;;;;;;;;;;;;;;;;;;;;;;;;;;;;;;;;;;;;;;;;;;
08:05:13;17;84;9999;057;198;07;111111111111000000000000;000000000000000000000000;11101000;000;_;e;10;000001000000000000000000;____;06;021;041;021;021;021;006;0425631733;;;;;;;;;;;;;;;;;;;;;;;;;;;;;;;;;;;;;;;;;;;;;;;;;;
08:05:15;17;85;9999;081;170;11;111111111111000000000000;000000000000000000000000;11101000;000;_;e;10;100100001000000000000000;____;01;018;054;041;018;022;034;0425631722;;;;;;;;;;;;;;;;;;;;;;;;;;;;;;;;;;;;;;;;;;;;;;;;;;
08:05:20;17;86;9999;073;170;00;111111111111000000000000;000000000000000000000000;11101000;000;_;e;10;000011000000000000000000;____;06;002;034;028;002;005;027;0425631734;;;;;;;;;;;;;;;;;;;;;;;;;;;;;;;;;;;;;;;;;;;;;;;;;;
08:05:23;17;87;9999;046;234;11;111111111111000000000000;000000000000000000000000;11101000;000;_;e;10;000011001000000000000000;____;09;023;040;003;012;026;033;0425631736;;;;;;;;;;;;;;;;;;;;;;;;;;;;;;;;;;;;;;;;;;;;;;;;;;
08:05:25;17;88;9999;074;199;11;111111111111000000000000;000000000000000000000000;11010000;000;_;;;;;;;;;;;;;;;;;;;;;;;;;;;;;;;;;;;;;;;;;;;;;;;;;;;;;;;;;;;;;;
08:05:27;17;89;9999;079;103;11;111111111111000000000000;000000000000000000000000;11010000;000;_;;;;;;;;;;;;;;;;;;;;;;;;;;;;;;;;;;;;;;;;;;;;;;;;;;;;;;;;;;;;;;
08:05:30;17;90;9999;058;167;01;111111111111000000000000;000000000000000000000000;11101000;000;_;e;10;100101000000000000000000;____;01;014;046;011;012;019;045;0425738912;;;;;;;;;;;;;;;;;;;;;;;;;;;;;;;;;;;;;;;;;;;;;;;;;;
08:05:33;17;91;9999;049;227;11;111111111111000000000000;000000000000000000000000;11101000;000;_;e;10;000111001010000000000000;____;05;036;037;002;029;036;086;0425738913;;;;;;;;;;;;;;;;;;;;;;;;;;;;;;;;;;;;;;;;;;;;;;;;;;
08:05:35;17;92;9999;043;240;11;111111111111000000000000;000000000000000000000000;11010000;000;_;;;;;;;;;;;;;;;;;;;;;;;;;;;;;;;;;;;;;;;;;;;;;;;;;;;;;;;;;;;;;;
08:34:45;17;93;9999;046;999;11;111111111111000000000000;000000000000000000000000;11101000;000;_;e;10;000111001000000000000000;____;09;010;032;040;009;017;116;0316157833;;;;;;;;;;;;;;;;;;;;;;;;;;;;;;;;;;;;;;;;;;;;;;;;;;
08:34:47;17;94;9999;053;175;11;111111111111000000000000;000000000000000000000000;11101000;000;_;e;10;000001000000000000000000;____;06;010;045;020;010;010;005;0316157836;;;;;;;;;;;;;;;;;;;;;;;;;;;;;;;;;;;;;;;;;;;;;;;;;;
08:34:49;17;95;9999;055;189;11;111111111111000000000000;000000000000000000000000;11010000;000;_;;;;;;;;;;;;;;;;;;;;;;;;;;;;;;;;;;;;;;;;;;;;;;;;;;;;;;;;;;;;;;
08:34:52;17;96;9999;067;182;11;111111111111000000000000;000000000000000000000000;11101000;000;_;e;10;100111000011000000000000;____;05;-19;045;007;-20;-14;045;0316157835;;;;;;;;;;;;;;;;;;;;;;;;;;;;;;;;;;;;;;;;;;;;;;;;;;
08:34:54;17;97;9999;052;153;11;111111111111000000000000;000000000000000000000000;11101000;000;_;e;10;100111001001000000000000;____;06;006;050;003;005;009;060;0316157838;;;;;;;;;;;;;;;;;;;;;;;;;;;;;;;;;;;;;;;;;;;;;;;;;;
08:34:58;17;98;9999;042;266;01;111111111111000000000000;000000000000000000000000;11101000;000;_;e;10;000000100100000000000000;____;07;-02;-01;009;-13;-02;005;0316157839;;;;;;;;;;;;;;;;;;;;;;;;;;;;;;;;;;;;;;;;;;;;;;;;;;
08:35:00;17;99;9999;082;195;11;111111111111000000000000;000000000000000000000000;11101000;000;_;e;10;000011000100000000000000;____;06;011;043;038;007;021;255;0316157837;;;;;;;;;;;;;;;;;;;;;;;;;;;;;;;;;;;;;;;;;;;;;;;;;;
08:35:02;17;01;9999;066;168;11;111111111111000000000000;000000000000000000000000;11101000;000;_;e;10;000011000000000000000000;____;06;013;022;015;013;020;008;0316157840;;;;;;;;;;;;;;;;;;;;;;;;;;;;;;;;;;;;;;;;;;;;;;;;;;
10:04:26;17;02;9999;056;999;11;111111111111000000000000;000000000000000000000000;11101000;000;_;e;10;000001011010000000000000;____;06;019;021;012;019;023;013;0425595961;;;;;;;;;;;;;;;;;;;;;;;;;;;;;;;;;;;;;;;;;;;;;;;;;;
10:04:28;17;03;9999;079;151;11;111111111111000000000000;000000000000000000000000;11101000;000;_;e;10;000000001000000000000000;____;09;013;065;036;011;014;006;0425595960;;;;;;;;;;;;;;;;;;;;;;;;;;;;;;;;;;;;;;;;;;;;;;;;;;
10:04:30;17;04;9999;056;158;11;111111111111000000000000;000000000000000000000000;11101000;000;_;e;10;000011110000000000000000;____;08;-13;000;013;-13;-04;051;0425679111;;;;;;;;;;;;;;;;;;;;;;;;;;;;;;;;;;;;;;;;;;;;;;;;;;
10:04:32;17;05;9999;070;155;11;111111111111000000000000;000000000000000000000000;11101000;000;_;e;10;110110001000000000000000;____;04;024;068;000;022;039;030;0425723318;;;;;;;;;;;;;;;;;;;;;;;;;;;;;;;;;;;;;;;;;;;;;;;;;;
10:04:34;17;06;9999;080;159;11;111111111111000000000000;000000000000000000000000;11101000;000;_;e;10;001111101010000000000000;____;05;036;032;012;011;038;100;0425723319;;;;;;;;;;;;;;;;;;;;;;;;;;;;;;;;;;;;;;;;;;;;;;;;;;
10:04:38;17;07;9999;059;150;05;111111111111000000000000;000000000000000000000000;11101000;000;_;e;10;110000001100000000000000;____;01;012;081;004;-06;013;029;0425723317;;;;;;;;;;;;;;;;;;;;;;;;;;;;;;;;;;;;;;;;;;;;;;;;;;
10:04:41;17;08;9999;039;156;04;111111111111000000000000;000000000000000000000000;11101000;000;_;e;10;000011001000000000000000;____;06;-05;043;017;-05;012;030;0425723320;;;;;;;;;;;;;;;;;;;;;;;;;;;;;;;;;;;;;;;;;;;;;;;;;;
10:04:44;17;09;9999;055;196;11;111111111111000000000000;000000000000000000000000;11101000;000;_;e;10;000000001001000000000000;____;09;044;061;016;008;047;043;0425723321;;;;;;;;;;;;;;;;;;;;;;;;;;;;;;;;;;;;;;;;;;;;;;;;;;
10:04:47;17;10;9999;057;128;11;111111111111000000000000;000000000000000000000000;11101000;000;_;e;10;000000100000000000000000;____;07;-18;024;014;-18;-18;011;0425723322;;;;;;;;;;;;;;;;;;;;;;;;;;;;;;;;;;;;;;;;;;;;;;;;;;
10:04:50;17;11;9999;055;130;08;111111111111000000000000;000000000000000000000000;11101000;000;_;e;10;000010000000000000000000;____;05;-17;049;023;-18;-16;012;0425723323;;;;;;;;;;;;;;;;;;;;;;;;;;;;;;;;;;;;;;;;;;;;;;;;;;
10:04:53;17;12;9999;076;179;08;111111111111000000000000;000000000000000000000000;11101000;000;_;e;10;000110001000000000000000;____;09;041;054;028;018;086;084;0425723325;;;;;;;;;;;;;;;;;;;;;;;;;;;;;;;;;;;;;;;;;;;;;;;;;;
10:04:55;17;13;9999;076;159;11;111111111111000000000000;000000000000000000000000;11101000;000;_;e;10;001111001000000000000000;____;05;005;068;015;004;028;149;0425723326;;;;;;;;;;;;;;;;;;;;;;;;;;;;;;;;;;;;;;;;;;;;;;;;;;
10:05:00;17;14;9999;058;165;00;111111111111000000000000;000000000000000000000000;11101000;000;_;e;10;000011001100000000000000;____;09;027;051;020;019;028;009;0425723324;;;;;;;;;;;;;;;;;;;;;;;;;;;;;;;;;;;;;;;;;;;;;;;;;;
10:05:03;17;15;9999;051;246;11;111111111111000000000000;000000000000000000000000;11101000;000;_;e;10;000000100000000000000000;____;07;005;050;004;005;005;022;0425723327;;;;;;;;;;;;;;;;;;;;;;;;;;;;;;;;;;;;;;;;;;;;;;;;;;
10:05:07;17;16;9999;074;380;11;111111111111000000000000;000000000000000000000000;11010000;000;_;;;;;;;;;;;;;;;;;;;;;;;;;;;;;;;;;;;;;;;;;;;;;;;;;;;;;;;;;;;;;;
10:05:10;17;17;9999;051;245;11;111111111111000000000000;000000000000000000000000;11101000;000;_;e;10;000010001000000000000000;____;05;015;006;004;011;022;026;0425701370;;;;;;;;;;;;;;;;;;;;;;;;;;;;;;;;;;;;;;;;;;;;;;;;;;
10:05:12;17;18;9999;062;233;11;111111111111000000000000;000000000000000000000000;11101000;000;_;e;10;000011000000000000000000;____;06;001;050;003;001;019;008;0425736487;;;;;;;;;;;;;;;;;;;;;;;;;;;;;;;;;;;;;;;;;;;;;;;;;;
10:05:15;17;19;9999;038;242;11;111111111111000000000000;000000000000000000000000;11101000;000;_;e;10;000011101000000000000000;____;05;005;032;-02;001;011;022;0425736488;;;;;;;;;;;;;;;;;;;;;;;;;;;;;;;;;;;;;;;;;;;;;;;;;;
10:05:18;17;20;9999;076;233;11;111111111111000000000000;000000000000000000000000;11101000;000;_;e;10;001111001100000000000000;____;06;025;057;031;022;025;089;0425736490;;;;;;;;;;;;;;;;;;;;;;;;;;;;;;;;;;;;;;;;;;;;;;;;;;
10:05:20;17;21;9999;069;181;11;111111111111000000000000;000000000000000000000000;11101000;000;_;e;10;001011110010000000000000;____;05;035;036;004;011;035;053;0425736491;;;;;;;;;;;;;;;;;;;;;;;;;;;;;;;;;;;;;;;;;;;;;;;;;;
10:05:22;17;22;9999;065;153;11;111111111111000000000000;000000000000000000000000;11101000;000;_;e;10;000111001101000000000000;____;05;037;047;010;005;039;089;0425736492;;;;;;;;;;;;;;;;;;;;;;;;;;;;;;;;;;;;;;;;;;;;;;;;;;
12:04:59;17;23;9999;051;999;11;111111111111000000000000;000000000000000000000000;11101000;000;_;e;10;000101001001000000000000;____;09;036;062;004;033;037;047;0425724622;;;;;;;;;;;;;;;;;;;;;;;;;;;;;;;;;;;;;;;;;;;;;;;;;;
12:05:01;17;24;9999;059;265;11;111111111111000000000000;000000000000000000000000;11001000;000;_;e;10;111001001100000000000000;____;02;008;097;013;005;013;026;0425724624;009;074;021;009;024;009;3999201705;;;;;;;;;;;;;;;;;;;;;;;;;;;;;;;;;;;;;;;;;;;
12:34:37;17;25;9999;075;999;11;111111111111000000000000;000000000000000000000000;11101000;000;_;e;10;000111001000000000000000;____;09;056;066;013;056;058;047;0425734826;;;;;;;;;;;;;;;;;;;;;;;;;;;;;;;;;;;;;;;;;;;;;;;;;;
12:34:44;17;26;9999;050;656;11;111111111111000000000000;000000000000000000000000;11101000;000;_;e;10;000000001000000000000000;____;09;031;032;024;030;031;004;0425723643;;;;;;;;;;;;;;;;;;;;;;;;;;;;;;;;;;;;;;;;;;;;;;;;;;
12:34:48;17;27;9999;080;407;11;111111111111000000000000;000000000000000000000000;11101000;000;_;e;10;010100001000000000000000;____;09;042;071;021;021;045;037;0425723644;;;;;;;;;;;;;;;;;;;;;;;;;;;;;;;;;;;;;;;;;;;;;;;;;;
12:34:51;17;28;9999;062;245;11;111111111111000000000000;000000000000000000000000;11010000;000;_;;;;;;;;;;;;;;;;;;;;;;;;;;;;;;;;;;;;;;;;;;;;;;;;;;;;;;;;;;;;;;
12:34:53;17;29;9999;062;173;11;111111111111000000000000;000000000000000000000000;11101000;000;_;e;10;000110000010000000000000;____;04;030;058;021;009;032;022;0425723646;;;;;;;;;;;;;;;;;;;;;;;;;;;;;;;;;;;;;;;;;;;;;;;;;;
12:34:55;17;30;9999;082;154;11;111111111111000000000000;000000000000000000000000;11101000;000;_;e;10;001011001000000000000000;____;06;009;043;034;008;014;093;0425723648;;;;;;;;;;;;;;;;;;;;;;;;;;;;;;;;;;;;;;;;;;;;;;;;;;
12:34:57;17;31;9999;052;177;11;111111111111000000000000;000000000000000000000000;11101000;000;_;e;10;000110000000000000000000;____;05;009;053;004;008;009;005;0425723647;;;;;;;;;;;;;;;;;;;;;;;;;;;;;;;;;;;;;;;;;;;;;;;;;;
12:35:00;17;32;9999;066;266;11;111111111111000000000000;000000000000000000000000;11101000;000;_;e;10;000010101000000000000000;____;07;025;033;017;025;029;040;0425723649;;;;;;;;;;;;;;;;;;;;;;;;;;;;;;;;;;;;;;;;;;;;;;;;;;
13:04:49;17;33;9999;077;999;11;111111111111000000000000;000000000000000000000000;11101000;000;_;e;10;000010101000000000000000;____;07;043;018;004;043;049;023;0425731963;;;;;;;;;;;;;;;;;;;;;;;;;;;;;;;;;;;;;;;;;;;;;;;;;;
13:04:52;17;34;9999;058;155;11;111111111111000000000000;000000000000000000000000;11101000;000;_;e;10;100000000000000000000000;____;01;-13;045;017;-13;-13;002;0425701278;;;;;;;;;;;;;;;;;;;;;;;;;;;;;;;;;;;;;;;;;;;;;;;;;;
13:04:53;17;35;9999;045;145;11;111111111111000000000000;000000000000000000000000;11101000;000;_;e;10;000111001000000000000000;____;09;-02;042;033;-14;009;076;0425701279;;;;;;;;;;;;;;;;;;;;;;;;;;;;;;;;;;;;;;;;;;;;;;;;;;
13:04:57;17;36;9999;060;158;04;111111111111000000000000;000000000000000000000000;11101000;000;_;e;10;000000001000000000000000;____;09;-20;022;027;-20;-20;002;0425701281;;;;;;;;;;;;;;;;;;;;;;;;;;;;;;;;;;;;;;;;;;;;;;;;;;
13:04:59;17;37;9999;084;158;11;111111111111000000000000;000000000000000000000000;11101000;000;_;e;10;000000100000000000000000;____;07;029;001;020;029;029;002;0316157387;;;;;;;;;;;;;;;;;;;;;;;;;;;;;;;;;;;;;;;;;;;;;;;;;;
13:05:01;17;38;9999;057;148;11;111111111111000000000000;000000000000000000000000;11101000;000;_;e;10;100100000000000000000000;____;01;-01;053;011;-06;000;016;0316157389;;;;;;;;;;;;;;;;;;;;;;;;;;;;;;;;;;;;;;;;;;;;;;;;;;
13:35:01;17;39;9999;065;999;11;111111111111000000000000;000000000000000000000000;11101000;000;_;e;10;000000001000000000000000;____;09;033;049;012;033;034;025;0316157871;;;;;;;;;;;;;;;;;;;;;;;;;;;;;;;;;;;;;;;;;;;;;;;;;;
13:35:03;17;40;9999;049;151;11;111111111111000000000000;000000000000000000000000;11101000;000;_;e;10;000101001001000000000000;____;09;030;077;020;030;037;044;0316157872;;;;;;;;;;;;;;;;;;;;;;;;;;;;;;;;;;;;;;;;;;;;;;;;;;
13:35:05;17;41;9999;036;152;11;111111111111000000000000;000000000000000000000000;11101000;000;_;e;10;000011100000000000000000;____;05;-07;031;015;-10;-05;029;0316157873;;;;;;;;;;;;;;;;;;;;;;;;;;;;;;;;;;;;;;;;;;;;;;;;;;
14:04:33;17;42;9999;071;999;11;111111111111000000000000;000000000000000000000000;11101000;000;_;e;10;000000110000000000000000;____;08;034;008;006;034;037;017;0425670497;;;;;;;;;;;;;;;;;;;;;;;;;;;;;;;;;;;;;;;;;;;;;;;;;;
14:04:35;17;43;9999;070;160;11;111111111111000000000000;000000000000000000000000;11101000;000;_;e;10;110100001000000000000000;____;01;024;058;003;015;033;039;0425670498;;;;;;;;;;;;;;;;;;;;;;;;;;;;;;;;;;;;;;;;;;;;;;;;;;
14:04:38;17;44;9999;045;162;11;111111111111000000000000;000000000000000000000000;11101000;000;_;e;10;000011001010000000000000;____;09;029;032;008;024;031;067;0425670499;;;;;;;;;;;;;;;;;;;;;;;;;;;;;;;;;;;;;;;;;;;;;;;;;;
14:04:40;17;45;9999;053;189;11;111111111111000000000000;000000000000000000000000;11101000;000;_;e;10;100000000001000000000000;____;12;018;047;004;017;018;039;0425741301;;;;;;;;;;;;;;;;;;;;;;;;;;;;;;;;;;;;;;;;;;;;;;;;;;
14:04:42;17;46;9999;057;140;11;111111111111000000000000;000000000000000000000000;11101000;000;_;e;10;110111001001000000000000;____;06;018;054;006;016;025;093;0425741300;;;;;;;;;;;;;;;;;;;;;;;;;;;;;;;;;;;;;;;;;;;;;;;;;;
14:04:44;17;47;9999;076;181;11;111111111111000000000000;000000000000000000000000;11101000;000;_;e;10;100110101000000000000000;____;05;039;018;023;003;040;057;0425741302;;;;;;;;;;;;;;;;;;;;;;;;;;;;;;;;;;;;;;;;;;;;;;;;;;
14:04:48;17;48;9999;043;141;06;111111111111000000000000;000000000000000000000000;11101000;000;_;e;10;000000000110000000000000;____;11;-19;032;004;-19;010;017;0425741305;;;;;;;;;;;;;;;;;;;;;;;;;;;;;;;;;;;;;;;;;;;;;;;;;;
14:04:53;17;49;9999;082;168;01;111111111111000000000000;000000000000000000000000;11101000;000;_;e;10;101100001000000000000000;____;04;037;047;020;032;041;053;0425741303;;;;;;;;;;;;;;;;;;;;;;;;;;;;;;;;;;;;;;;;;;;;;;;;;;
14:04:55;17;50;9999;068;184;11;111111111111000000000000;000000000000000000000000;11010000;000;_;;;;;;;;;;;;;;;;;;;;;;;;;;;;;;;;;;;;;;;;;;;;;;;;;;;;;;;;;;;;;;
14:04:57;17;51;9999;056;125;11;111111111111000000000000;000000000000000000000000;11101000;000;_;e;10;000111101010000000000000;____;04;032;033;014;028;034;065;0425741308;;;;;;;;;;;;;;;;;;;;;;;;;;;;;;;;;;;;;;;;;;;;;;;;;;
14:04:59;17;52;9999;078;195;11;111111111111000000000000;000000000000000000000000;11101000;000;_;e;10;100000001000000000000000;____;01;031;071;013;031;033;037;0425741309;;;;;;;;;;;;;;;;;;;;;;;;;;;;;;;;;;;;;;;;;;;;;;;;;;
14:05:02;17;53;9999;068;248;11;111111111111000000000000;000000000000000000000000;11101000;000;_;e;10;000010100000000000000000;____;07;001;004;003;-15;019;012;0425741310;;;;;;;;;;;;;;;;;;;;;;;;;;;;;;;;;;;;;;;;;;;;;;;;;;
14:34:43;17;54;9999;073;999;11;111111111111000000000000;000000000000000000000000;11101000;000;_;e;10;110000000000000000000000;____;01;002;089;008;-17;003;033;0425723367;;;;;;;;;;;;;;;;;;;;;;;;;;;;;;;;;;;;;;;;;;;;;;;;;;
14:34:45;17;55;9999;072;146;11;111111111111000000000000;000000000000000000000000;11101000;000;_;e;10;110000000000000000000000;____;02;001;091;005;001;007;032;0425723369;;;;;;;;;;;;;;;;;;;;;;;;;;;;;;;;;;;;;;;;;;;;;;;;;;
14:34:48;17;56;9999;063;162;11;111111111111000000000000;000000000000000000000000;11101000;000;_;e;10;000101001000000000000000;____;09;027;065;033;022;028;020;0425723368;;;;;;;;;;;;;;;;;;;;;;;;;;;;;;;;;;;;;;;;;;;;;;;;;;
14:34:50;17;57;9999;058;174;11;111111111111000000000000;000000000000000000000000;11010000;000;_;;;;;;;;;;;;;;;;;;;;;;;;;;;;;;;;;;;;;;;;;;;;;;;;;;;;;;;;;;;;;;
14:34:52;17;58;9999;051;164;11;111111111111000000000000;000000000000000000000000;11101000;000;_;e;10;000011101000000000000000;____;05;002;015;024;-07;002;065;0425723374;;;;;;;;;;;;;;;;;;;;;;;;;;;;;;;;;;;;;;;;;;;;;;;;;;
14:34:56;17;59;9999;077;154;03;111111111111000000000000;000000000000000000000000;11101000;000;_;e;10;110100000001000000000000;____;01;021;099;007;015;038;021;0425723373;;;;;;;;;;;;;;;;;;;;;;;;;;;;;;;;;;;;;;;;;;;;;;;;;;
14:34:59;17;60;9999;055;155;07;111111111111000000000000;000000000000000000000000;11101000;000;_;e;10;000000001000000000000000;____;09;003;079;021;003;004;030;0425723375;;;;;;;;;;;;;;;;;;;;;;;;;;;;;;;;;;;;;;;;;;;;;;;;;;
14:35:01;17;61;9999;079;184;11;111111111111000000000000;000000000000000000000000;11101000;000;_;e;10;000011100100000000000000;____;05;033;045;001;022;038;039;0425723370;;;;;;;;;;;;;;;;;;;;;;;;;;;;;;;;;;;;;;;;;;;;;;;;;;
14:35:03;17;62;9999;079;119;11;111111111111000000000000;000000000000000000000000;11101000;000;_;e;10;000110000000000000000000;____;04;-04;060;013;-04;006;017;0425723371;;;;;;;;;;;;;;;;;;;;;;;;;;;;;;;;;;;;;;;;;;;;;;;;;;
15:04:57;17;63;9999;056;999;11;111111111111000000000000;000000000000000000000000;11101000;000;_;e;10;000110111000000000000000;____;07;008;001;011;008;017;035;0316156907;;;;;;;;;;;;;;;;;;;;;;;;;;;;;;;;;;;;;;;;;;;;;;;;;;
15:04:59;17;64;9999;066;158;11;111111111111000000000000;000000000000000000000000;11101000;000;_;e;10;000001110010000000000000;____;06;-11;026;006;-12;001;045;0316156908;;;;;;;;;;;;;;;;;;;;;;;;;;;;;;;;;;;;;;;;;;;;;;;;;;
15:34:57;17;65;9999;081;999;11;111111111111000000000000;000000000000000000000000;11101000;000;_;e;10;000110000000000000000000;____;05;015;040;030;015;021;012;0425596629;;;;;;;;;;;;;;;;;;;;;;;;;;;;;;;;;;;;;;;;;;;;;;;;;;
16:04:05;17;66;9999;070;999;11;111111111111000000000000;000000000000000000000000;11101000;000;_;e;10;000111001000000000000000;____;09;029;035;036;003;033;071;0425699266;;;;;;;;;;;;;;;;;;;;;;;;;;;;;;;;;;;;;;;;;;;;;;;;;;
16:04:07;17;67;9999;079;131;11;111111111111000000000000;000000000000000000000000;11101000;000;_;e;10;000100000000000000000000;____;04;-19;081;021;-19;-18;026;0425667715;;;;;;;;;;;;;;;;;;;;;;;;;;;;;;;;;;;;;;;;;;;;;;;;;;
16:04:10;17;68;9999;078;176;02;111111111111000000000000;000000000000000000000000;11101000;000;_;e;10;000110000000000000000000;____;04;-16;060;001;-16;-14;028;0425667714;;;;;;;;;;;;;;;;;;;;;;;;;;;;;;;;;;;;;;;;;;;;;;;;;;
16:04:12;17;69;9999;062;157;11;111111111111000000000000;000000000000000000000000;11101000;000;_;e;10;000011011000000000000000;____;05;037;041;000;030;071;266;0425700673;;;;;;;;;;;;;;;;;;;;;;;;;;;;;;;;;;;;;;;;;;;;;;;;;;
16:04:17;17;70;9999;073;151;00;111111111111000000000000;000000000000000000000000;11101000;000;_;e;10;000010001001000000000000;____;05;018;045;001;012;020;041;0316156293;;;;;;;;;;;;;;;;;;;;;;;;;;;;;;;;;;;;;;;;;;;;;;;;;;
16:04:20;17;71;9999;075;189;11;111111111111000000000000;000000000000000000000000;11101000;000;_;e;10;100111001011000000000000;____;09;056;039;010;026;057;087;0316156294;;;;;;;;;;;;;;;;;;;;;;;;;;;;;;;;;;;;;;;;;;;;;;;;;;
16:04:23;17;72;9999;071;352;11;111111111111000000000000;000000000000000000000000;11101000;000;_;e;10;000111001000000000000000;____;05;003;046;028;-09;004;057;0425700675;;;;;;;;;;;;;;;;;;;;;;;;;;;;;;;;;;;;;;;;;;;;;;;;;;
16:04:26;17;73;9999;059;248;11;111111111111000000000000;000000000000000000000000;11101000;000;_;e;10;000101001001000000000000;____;09;038;063;005;032;038;056;0425700674;;;;;;;;;;;;;;;;;;;;;;;;;;;;;;;;;;;;;;;;;;;;;;;;;;
16:04:28;17;74;9999;046;156;11;111111111111000000000000;000000000000000000000000;11101000;000;_;e;10;000111001000000000000000;____;04;001;085;003;-01;005;043;0425700676;;;;;;;;;;;;;;;;;;;;;;;;;;;;;;;;;;;;;;;;;;;;;;;;;;
16:04:32;17;75;9999;078;157;00;111111111111000000000000;000000000000000000000000;11101000;000;_;e;10;100110110010000000000000;____;07;041;036;010;031;046;029;0425738864;;;;;;;;;;;;;;;;;;;;;;;;;;;;;;;;;;;;;;;;;;;;;;;;;;
16:04:34;17;76;9999;089;164;11;111111111111000000000000;000000000000000000000000;11101000;000;_;e;10;000011001100000000000000;____;10;006;072;045;-09;019;025;0425700677;;;;;;;;;;;;;;;;;;;;;;;;;;;;;;;;;;;;;;;;;;;;;;;;;;
16:04:38;17;77;9999;057;148;07;111111111111000000000000;000000000000000000000000;11101000;000;_;e;10;000011100011000000000000;____;05;008;034;012;-12;009;037;0316156295;;;;;;;;;;;;;;;;;;;;;;;;;;;;;;;;;;;;;;;;;;;;;;;;;;
16:04:40;17;78;9999;082;129;11;111111111111000000000000;000000000000000000000000;11101000;000;_;e;10;000001001000000000000000;____;09;-02;046;033;-02;-01;004;0425738865;;;;;;;;;;;;;;;;;;;;;;;;;;;;;;;;;;;;;;;;;;;;;;;;;;
16:04:45;17;79;9999;070;336;11;111111111111000000000000;000000000000000000000000;11101000;000;_;e;10;100110000000000000000000;____;01;032;088;005;014;035;024;0425738867;;;;;;;;;;;;;;;;;;;;;;;;;;;;;;;;;;;;;;;;;;;;;;;;;;
16:04:49;17;80;9999;061;343;11;111111111111000000000000;000000000000000000000000;11101000;000;_;e;10;001111001010000000000000;____;05;038;040;004;016;039;062;0425738869;;;;;;;;;;;;;;;;;;;;;;;;;;;;;;;;;;;;;;;;;;;;;;;;;;
16:04:52;17;81;9999;044;232;11;111111111111000000000000;000000000000000000000000;11101000;000;_;e;10;110110000000000000000000;____;04;005;060;015;000;007;042;0425738870;;;;;;;;;;;;;;;;;;;;;;;;;;;;;;;;;;;;;;;;;;;;;;;;;;
16:04:53;17;82;9999;064;159;11;111111111111000000000000;000000000000000000000000;11101000;000;_;e;10;100101001001000000000000;____;09;034;077;006;030;039;057;0425738866;;;;;;;;;;;;;;;;;;;;;;;;;;;;;;;;;;;;;;;;;;;;;;;;;;
16:04:56;17;83;9999;062;263;11;111111111111000000000000;000000000000000000000000;11101000;000;_;e;10;000100001000000000000000;____;09;023;047;026;008;023;013;0425596629;;;;;;;;;;;;;;;;;;;;;;;;;;;;;;;;;;;;;;;;;;;;;;;;;;
16:04:59;17;84;9999;045;169;11;111111111111000000000000;000000000000000000000000;11101000;000;_;e;10;000111001000000000000000;____;09;007;029;027;003;010;032;0425738871;;;;;;;;;;;;;;;;;;;;;;;;;;;;;;;;;;;;;;;;;;;;;;;;;;
16:05:00;17;85;9999;078;152;11;111111111111000000000000;000000000000000000000000;11101000;000;_;e;10;000000000001000000000000;____;12;-05;051;004;-05;-05;002;0425738873;;;;;;;;;;;;;;;;;;;;;;;;;;;;;;;;;;;;;;;;;;;;;;;;;;
16:05:06;17;86;9999;058;296;00;111111111111000000000000;000000000000000000000000;11101000;000;_;e;10;000111100000000000000000;____;07;005;008;006;002;023;066;0316156296;;;;;;;;;;;;;;;;;;;;;;;;;;;;;;;;;;;;;;;;;;;;;;;;;;
16:05:09;17;87;9999;059;234;11;111111111111000000000000;000000000000000000000000;11101000;000;_;e;10;100000001000000000000000;____;09;031;055;010;031;031;033;0425738875;;;;;;;;;;;;;;;;;;;;;;;;;;;;;;;;;;;;;;;;;;;;;;;;;;
16:05:12;17;88;9999;070;329;11;111111111111000000000000;000000000000000000000000;11101000;000;_;e;10;000000001000000000000000;____;09;046;039;012;042;046;021;0425738874;;;;;;;;;;;;;;;;;;;;;;;;;;;;;;;;;;;;;;;;;;;;;;;;;;
16:05:15;17;89;9999;082;238;11;111111111111000000000000;000000000000000000000000;11101000;000;_;e;10;100001000000000000000000;____;01;005;080;026;-15;006;037;0425738876;;;;;;;;;;;;;;;;;;;;;;;;;;;;;;;;;;;;;;;;;;;;;;;;;;
16:05:18;17;90;9999;058;240;11;111111111111000000000000;000000000000000000000000;11101000;000;_;e;10;000011101000000000000000;____;06;-02;039;025;-06;004;089;0425738877;;;;;;;;;;;;;;;;;;;;;;;;;;;;;;;;;;;;;;;;;;;;;;;;;;
16:05:20;17;91;9999;050;174;11;111111111111000000000000;000000000000000000000000;11101000;000;_;e;10;001101001000000000000000;____;06;011;061;025;004;012;032;0425724648;;;;;;;;;;;;;;;;;;;;;;;;;;;;;;;;;;;;;;;;;;;;;;;;;;
16:05:22;17;92;9999;085;184;11;111111111111000000000000;000000000000000000000000;11101000;000;_;e;10;000111100001000000000000;____;07;020;013;019;006;023;038;0316156297;;;;;;;;;;;;;;;;;;;;;;;;;;;;;;;;;;;;;;;;;;;;;;;;;;
16:05:25;17;93;9999;062;237;11;111111111111000000000000;000000000000000000000000;11101000;000;_;e;10;100001000000000000000000;____;01;027;080;009;008;029;013;0425738878;;;;;;;;;;;;;;;;;;;;;;;;;;;;;;;;;;;;;;;;;;;;;;;;;;
16:05:28;17;94;9999;055;200;11;111111111111000000000000;000000000000000000000000;11101000;000;_;e;10;000001001001000000000000;____;09;020;063;001;019;022;010;0425738879;;;;;;;;;;;;;;;;;;;;;;;;;;;;;;;;;;;;;;;;;;;;;;;;;;
16:05:30;17;95;9999;064;158;11;111111111111000000000000;000000000000000000000000;11101000;000;_;e;10;000000101000000000000000;____;09;038;051;013;033;038;021;0316156298;;;;;;;;;;;;;;;;;;;;;;;;;;;;;;;;;;;;;;;;;;;;;;;;;;
16:05:32;17;96;9999;044;184;11;111111111111000000000000;000000000000000000000000;11101000;000;_;e;10;100110001001000000000000;____;12;020;056;004;-03;021;032;0425738881;;;;;;;;;;;;;;;;;;;;;;;;;;;;;;;;;;;;;;;;;;;;;;;;;;
16:05:37;17;97;9999;054;237;00;111111111111000000000000;000000000000000000000000;11101000;000;_;e;10;000011001010000000000000;____;09;039;028;007;001;041;087;0425724649;;;;;;;;;;;;;;;;;;;;;;;;;;;;;;;;;;;;;;;;;;;;;;;;;;
16:05:40;17;98;9999;059;235;11;111111111111000000000000;000000000000000000000000;11101000;000;_;e;10;000010110000000000000000;____;07;-05;018;007;-09;-03;031;0425738880;;;;;;;;;;;;;;;;;;;;;;;;;;;;;;;;;;;;;;;;;;;;;;;;;;
16:05:42;17;99;9999;081;186;11;111111111111000000000000;000000000000000000000000;11101000;000;_;e;10;000110000000000000000000;____;04;011;065;025;011;013;068;0425724647;;;;;;;;;;;;;;;;;;;;;;;;;;;;;;;;;;;;;;;;;;;;;;;;;;
16:05:43;17;01;9999;087;094;11;111111111111000000000000;000000000000000000000000;11101000;000;_;e;10;000000110000000000000000;____;07;023;023;006;022;024;012;0425738882;;;;;;;;;;;;;;;;;;;;;;;;;;;;;;;;;;;;;;;;;;;;;;;;;;
16:05:50;17;02;9999;085;130;00;111111111111000000000000;000000000000000000000000;11101000;000;_;e;10;000011000000000000000000;____;06;004;042;028;004;006;039;0425738883;;;;;;;;;;;;;;;;;;;;;;;;;;;;;;;;;;;;;;;;;;;;;;;;;;
16:05:52;17;03;9999;092;163;11;111111111111000000000000;000000000000000000000000;11101000;000;_;e;10;110010000000000000000000;____;01;013;088;007;002;013;036;0425738884;;;;;;;;;;;;;;;;;;;;;;;;;;;;;;;;;;;;;;;;;;;;;;;;;;
16:05:57;17;04;9999;042;372;11;111111111111000000000000;000000000000000000000000;11101000;000;_;e;10;000011100000000000000000;____;06;-11;009;025;-12;-07;049;0425724652;;;;;;;;;;;;;;;;;;;;;;;;;;;;;;;;;;;;;;;;;;;;;;;;;;
16:05:59;17;05;9999;061;239;11;111111111111000000000000;000000000000000000000000;11101000;000;_;e;10;000100101000000000000000;____;07;007;001;020;006;036;034;0425724651;;;;;;;;;;;;;;;;;;;;;;;;;;;;;;;;;;;;;;;;;;;;;;;;;;
16:06:02;17;06;9999;048;235;11;111111111111000000000000;000000000000000000000000;11101000;000;_;e;10;000010100000000000000000;____;07;009;032;007;009;014;060;0425738885;;;;;;;;;;;;;;;;;;;;;;;;;;;;;;;;;;;;;;;;;;;;;;;;;;
16:06:04;17;07;9999;076;156;11;111111111111000000000000;000000000000000000000000;11010000;000;_;;;;;;;;;;;;;;;;;;;;;;;;;;;;;;;;;;;;;;;;;;;;;;;;;;;;;;;;;;;;;;
16:06:06;17;08;9999;085;138;11;111111111111000000000000;000000000000000000000000;11101000;000;_;e;10;110000000001000000000000;____;01;023;093;008;017;029;036;0425738889;;;;;;;;;;;;;;;;;;;;;;;;;;;;;;;;;;;;;;;;;;;;;;;;;;
16:06:46;17;09;9999;065;999;11;111111111111000000000000;000000000000000000000000;11101000;000;_;e;10;000111001000000000000000;____;09;036;069;009;020;037;029;0425738891;;;;;;;;;;;;;;;;;;;;;;;;;;;;;;;;;;;;;;;;;;;;;;;;;;
16:34:28;17;10;9999;067;999;11;111111111111000000000000;000000000000000000000000;11101000;000;_;e;10;000011101000000000000000;____;05;040;033;015;021;041;069;0425679489;;;;;;;;;;;;;;;;;;;;;;;;;;;;;;;;;;;;;;;;;;;;;;;;;;
16:34:30;17;11;9999;078;156;11;111111111111000000000000;000000000000000000000000;11101000;000;_;e;10;000101001000000000000000;____;06;006;050;029;003;008;022;0425704413;;;;;;;;;;;;;;;;;;;;;;;;;;;;;;;;;;;;;;;;;;;;;;;;;;
16:34:32;17;12;9999;041;166;11;111111111111000000000000;000000000000000000000000;11101000;000;_;e;10;010100001000000000000000;____;04;-07;076;001;-11;002;025;0425704414;;;;;;;;;;;;;;;;;;;;;;;;;;;;;;;;;;;;;;;;;;;;;;;;;;
16:34:34;17;13;9999;038;182;11;111111111111000000000000;000000000000000000000000;11101000;000;_;e;10;000010100010000000000000;____;07;-03;014;006;-03;003;028;0555502448;;;;;;;;;;;;;;;;;;;;;;;;;;;;;;;;;;;;;;;;;;;;;;;;;;
16:34:37;17;14;9999;072;202;11;111111111111000000000000;000000000000000000000000;11101000;000;_;e;10;000110001000000000000000;____;04;039;058;007;039;046;020;0425723676;;;;;;;;;;;;;;;;;;;;;;;;;;;;;;;;;;;;;;;;;;;;;;;;;;
16:34:39;17;15;9999;079;166;11;111111111111000000000000;000000000000000000000000;11101000;000;_;e;10;000100000000000000000000;____;04;-03;055;002;-05;-03;028;0425723677;;;;;;;;;;;;;;;;;;;;;;;;;;;;;;;;;;;;;;;;;;;;;;;;;;
16:34:42;17;16;9999;059;143;00;111111111111000000000000;000000000000000000000000;11101000;000;_;e;10;100010000000000000000000;____;01;017;050;004;013;020;030;0425723679;;;;;;;;;;;;;;;;;;;;;;;;;;;;;;;;;;;;;;;;;;;;;;;;;;
16:34:44;17;17;9999;085;159;11;111111111111000000000000;000000000000000000000000;11101000;000;_;e;10;000000000010000000000000;____;11;049;024;004;048;049;016;0425723680;;;;;;;;;;;;;;;;;;;;;;;;;;;;;;;;;;;;;;;;;;;;;;;;;;
16:34:50;17;18;9999;062;325;11;111111111111000000000000;000000000000000000000000;11101000;000;_;e;10;000011111000000000000000;____;08;025;004;013;008;030;022;0425723681;;;;;;;;;;;;;;;;;;;;;;;;;;;;;;;;;;;;;;;;;;;;;;;;;;
16:34:54;17;19;9999;050;361;11;111111111111000000000000;000000000000000000000000;11101000;000;_;e;10;110000000000000000000000;____;01;-01;062;013;-05;002;025;0425723682;;;;;;;;;;;;;;;;;;;;;;;;;;;;;;;;;;;;;;;;;;;;;;;;;;
16:34:56;17;20;9999;059;233;11;111111111111000000000000;000000000000000000000000;11101000;000;_;e;10;000011111000000000000000;____;05;032;012;013;-10;032;062;0425723684;;;;;;;;;;;;;;;;;;;;;;;;;;;;;;;;;;;;;;;;;;;;;;;;;;
16:34:58;17;21;9999;082;177;11;111111111111000000000000;000000000000000000000000;11101000;000;_;e;10;011111000000000000000000;____;03;008;065;017;007;012;081;0425723685;;;;;;;;;;;;;;;;;;;;;;;;;;;;;;;;;;;;;;;;;;;;;;;;;;
16:35:01;17;22;9999;066;145;11;111111111111000000000000;000000000000000000000000;11101000;000;_;e;10;000111001001000000000000;____;09;033;043;010;017;037;065;0425723686;;;;;;;;;;;;;;;;;;;;;;;;;;;;;;;;;;;;;;;;;;;;;;;;;;
16:35:05;17;23;9999;070;282;01;111111111111000000000000;000000000000000000000000;11101000;000;_;e;10;000000000001000000000000;____;12;036;062;004;036;036;003;0425723687;;;;;;;;;;;;;;;;;;;;;;;;;;;;;;;;;;;;;;;;;;;;;;;;;;
16:35:07;17;24;9999;072;162;11;111111111111000000000000;000000000000000000000000;11101000;000;_;e;10;100010000001000000000000;____;05;040;030;028;014;041;019;0425723690;;;;;;;;;;;;;;;;;;;;;;;;;;;;;;;;;;;;;;;;;;;;;;;;;;
16:35:09;17;25;9999;074;167;11;111111111111000000000000;000000000000000000000000;11101000;000;_;e;10;110101001001000000000000;____;04;013;062;013;013;019;073;0425723691;;;;;;;;;;;;;;;;;;;;;;;;;;;;;;;;;;;;;;;;;;;;;;;;;;
16:35:11;17;26;9999;089;157;11;111111111111000000000000;000000000000000000000000;11101000;000;_;e;10;110100000000000000000000;____;01;036;071;007;030;036;035;0425723692;;;;;;;;;;;;;;;;;;;;;;;;;;;;;;;;;;;;;;;;;;;;;;;;;;
16:35:15;17;27;9999;060;232;11;111111111111000000000000;000000000000000000000000;11101000;000;_;e;10;000010001000000000000000;____;05;004;070;016;004;022;021;0425741911;;;;;;;;;;;;;;;;;;;;;;;;;;;;;;;;;;;;;;;;;;;;;;;;;;
17:04:43;17;28;9999;061;999;11;111111111111000000000000;000000000000000000000000;11101000;000;_;e;10;000010000000000000000000;____;05;039;022;016;039;039;002;0425668252;;;;;;;;;;;;;;;;;;;;;;;;;;;;;;;;;;;;;;;;;;;;;;;;;;
17:04:45;17;29;9999;073;157;11;111111111111000000000000;000000000000000000000000;11010000;000;_;;;;;;;;;;;;;;;;;;;;;;;;;;;;;;;;;;;;;;;;;;;;;;;;;;;;;;;;;;;;;;
17:04:47;17;30;9999;052;133;11;111111111111000000000000;000000000000000000000000;11101000;000;_;e;10;000001000000000000000000;____;06;-20;024;000;-20;-20;004;0425714706;;;;;;;;;;;;;;;;;;;;;;;;;;;;;;;;;;;;;;;;;;;;;;;;;;
17:04:50;17;31;9999;061;149;03;111111111111000000000000;000000000000000000000000;11101000;000;_;e;10;110110001000000000000000;____;01;024;061;009;-10;024;021;0425743300;;;;;;;;;;;;;;;;;;;;;;;;;;;;;;;;;;;;;;;;;;;;;;;;;;
17:04:52;17;32;9999;074;151;11;111111111111000000000000;000000000000000000000000;11101000;000;_;e;10;000000000010000000000000;____;11;-15;025;004;-16;-15;020;0425743301;;;;;;;;;;;;;;;;;;;;;;;;;;;;;;;;;;;;;;;;;;;;;;;;;;
17:04:54;17;33;9999;078;144;11;111111111111000000000000;000000000000000000000000;11101000;000;_;e;10;100111001100000000000000;____;04;017;052;024;017;021;045;0425743302;;;;;;;;;;;;;;;;;;;;;;;;;;;;;;;;;;;;;;;;;;;;;;;;;;
17:04:58;17;34;9999;062;211;02;111111111111000000000000;000000000000000000000000;11101000;000;_;e;10;000111001010000000000000;____;09;039;017;010;006;044;040;0425743303;;;;;;;;;;;;;;;;;;;;;;;;;;;;;;;;;;;;;;;;;;;;;;;;;;
17:05:00;17;35;9999;082;160;11;111111111111000000000000;000000000000000000000000;11101000;000;_;e;10;100100000001000000000000;____;01;036;069;005;017;046;034;0425743304;;;;;;;;;;;;;;;;;;;;;;;;;;;;;;;;;;;;;;;;;;;;;;;;;;
17:34:35;17;36;9999;077;999;11;111111111111000000000000;000000000000000000000000;11101000;000;_;e;10;000001110000000000000000;____;06;002;010;008;001;011;083;0425742800;;;;;;;;;;;;;;;;;;;;;;;;;;;;;;;;;;;;;;;;;;;;;;;;;;
17:34:37;17;37;9999;062;147;11;111111111111000000000000;000000000000000000000000;11101000;000;_;e;10;000011101000000000000000;____;07;010;000;010;-02;010;055;0425743000;;;;;;;;;;;;;;;;;;;;;;;;;;;;;;;;;;;;;;;;;;;;;;;;;;
17:34:42;17;38;9999;081;159;00;111111111111000000000000;000000000000000000000000;11101000;000;_;e;10;000110001100000000000000;____;04;006;049;023;005;007;106;0425742801;;;;;;;;;;;;;;;;;;;;;;;;;;;;;;;;;;;;;;;;;;;;;;;;;;
17:34:44;17;39;9999;089;168;11;111111111111000000000000;000000000000000000000000;11101000;000;_;e;10;110100001000000000000000;____;01;040;066;013;034;046;038;0425742802;;;;;;;;;;;;;;;;;;;;;;;;;;;;;;;;;;;;;;;;;;;;;;;;;;
17:34:46;17;40;9999;063;145;11;111111111111000000000000;000000000000000000000000;11101000;000;_;e;10;000101001100000000000000;____;06;-07;034;019;-10;-06;072;0425742803;;;;;;;;;;;;;;;;;;;;;;;;;;;;;;;;;;;;;;;;;;;;;;;;;;
17:34:50;17;41;9999;061;158;00;111111111111000000000000;000000000000000000000000;11101000;000;_;e;10;000011111000000000000000;____;06;003;030;025;-04;005;034;0425743001;;;;;;;;;;;;;;;;;;;;;;;;;;;;;;;;;;;;;;;;;;;;;;;;;;
17:34:53;17;42;9999;065;239;11;111111111111000000000000;000000000000000000000000;11101000;000;_;e;10;001111001100000000000000;____;04;004;027;021;-03;026;032;0425743002;;;;;;;;;;;;;;;;;;;;;;;;;;;;;;;;;;;;;;;;;;;;;;;;;;
17:34:56;17;43;9999;080;185;11;111111111111000000000000;000000000000000000000000;11101000;000;_;e;10;110000000000000000000000;____;01;001;065;010;-05;022;052;0425743003;;;;;;;;;;;;;;;;;;;;;;;;;;;;;;;;;;;;;;;;;;;;;;;;;;
17:34:58;17;44;9999;060;094;02;111111111111000000000000;000000000000000000000000;11101000;000;_;e;10;000010100000000000000000;____;07;025;013;008;025;032;043;0425668252;;;;;;;;;;;;;;;;;;;;;;;;;;;;;;;;;;;;;;;;;;;;;;;;;;
17:35:02;17;45;9999;082;176;06;111111111111000000000000;000000000000000000000000;11101000;000;_;e;10;000001001100000000000000;____;09;046;036;030;-20;055;143;0425743004;;;;;;;;;;;;;;;;;;;;;;;;;;;;;;;;;;;;;;;;;;;;;;;;;;
17:35:05;17;46;9999;071;173;03;111111111111000000000000;000000000000000000000000;11010000;000;_;;;;;;;;;;;;;;;;;;;;;;;;;;;;;;;;;;;;;;;;;;;;;;;;;;;;;;;;;;;;;;
17:35:07;17;47;9999;067;139;11;111111111111000000000000;000000000000000000000000;11101000;000;_;e;10;000100001000000000000000;____;09;039;053;007;035;039;028;0425742805;;;;;;;;;;;;;;;;;;;;;;;;;;;;;;;;;;;;;;;;;;;;;;;;;;
17:35:11;17;48;9999;059;077;00;111111111111000000000000;000000000000000000000000;11101000;000;_;e;10;000010111010000000000000;____;05;027;008;020;016;033;061;0425743005;;;;;;;;;;;;;;;;;;;;;;;;;;;;;;;;;;;;;;;;;;;;;;;;;;
17:35:13;17;49;9999;054;210;11;111111111111000000000000;000000000000000000000000;11101000;000;_;e;10;000000110000000000000000;____;07;-07;000;006;-08;-06;029;0425742806;;;;;;;;;;;;;;;;;;;;;;;;;;;;;;;;;;;;;;;;;;;;;;;;;;
17:35:18;17;50;9999;049;351;11;111111111111000000000000;000000000000000000000000;11101000;000;_;e;10;000111001100000000000000;____;06;029;038;014;017;030;064;0425742808;;;;;;;;;;;;;;;;;;;;;;;;;;;;;;;;;;;;;;;;;;;;;;;;;;
17:35:22;17;51;9999;062;349;11;111111111111000000000000;000000000000000000000000;11101000;000;_;e;10;000010111000000000000000;____;07;034;009;008;007;035;039;0425742809;;;;;;;;;;;;;;;;;;;;;;;;;;;;;;;;;;;;;;;;;;;;;;;;;;
17:35:25;17;52;9999;074;239;11;111111111111000000000000;000000000000000000000000;11101000;000;_;e;10;000111001100000000000000;____;06;011;041;030;009;026;070;0425742810;;;;;;;;;;;;;;;;;;;;;;;;;;;;;;;;;;;;;;;;;;;;;;;;;;
17:35:27;17;53;9999;070;162;11;111111111111000000000000;000000000000000000000000;11101000;000;_;e;10;000001001000000000000000;____;06;020;016;007;019;023;035;0425742812;;;;;;;;;;;;;;;;;;;;;;;;;;;;;;;;;;;;;;;;;;;;;;;;;;
17:35:29;17;54;9999;049;160;11;111111111111000000000000;000000000000000000000000;11101000;000;_;e;10;110110001001000000000000;____;04;-06;080;005;-13;004;056;0425742813;;;;;;;;;;;;;;;;;;;;;;;;;;;;;;;;;;;;;;;;;;;;;;;;;;
18:04:09;17;55;9999;077;999;11;111111111111000000000000;000000000000000000000000;11101000;000;_;e;10;000110000000000000000000;____;05;-19;078;015;-20;-18;026;0555965866;;;;;;;;;;;;;;;;;;;;;;;;;;;;;;;;;;;;;;;;;;;;;;;;;;
18:04:11;17;56;9999;074;154;11;111111111111000000000000;000000000000000000000000;11101000;000;_;e;10;000001000000000000000000;____;06;002;039;027;002;002;004;0425743700;;;;;;;;;;;;;;;;;;;;;;;;;;;;;;;;;;;;;;;;;;;;;;;;;;
18:04:13;17;57;9999;048;150;11;111111111111000000000000;000000000000000000000000;11101000;000;_;e;10;000111001000000000000000;____;09;-14;034;031;-15;016;042;0425743800;;;;;;;;;;;;;;;;;;;;;;;;;;;;;;;;;;;;;;;;;;;;;;;;;;
18:04:15;17;58;9999;069;158;11;111111111111000000000000;000000000000000000000000;11101000;000;_;e;10;000111101000000000000000;____;04;024;034;010;007;036;089;0425743801;;;;;;;;;;;;;;;;;;;;;;;;;;;;;;;;;;;;;;;;;;;;;;;;;;
18:04:17;17;59;9999;071;169;11;111111111111000000000000;000000000000000000000000;11101000;000;_;e;10;000011000100000000000000;____;06;-06;044;009;-06;-04;019;0425743802;;;;;;;;;;;;;;;;;;;;;;;;;;;;;;;;;;;;;;;;;;;;;;;;;;
18:04:21;17;60;9999;079;146;02;111111111111000000000000;000000000000000000000000;11101000;000;_;e;10;110100000000000000000000;____;04;005;086;000;002;010;055;0425743805;;;;;;;;;;;;;;;;;;;;;;;;;;;;;;;;;;;;;;;;;;;;;;;;;;
18:04:24;17;61;9999;059;148;03;111111111111000000000000;000000000000000000000000;11101000;000;_;e;10;000000001001000000000000;____;12;-17;056;004;-19;000;038;0425743807;;;;;;;;;;;;;;;;;;;;;;;;;;;;;;;;;;;;;;;;;;;;;;;;;;
18:04:27;17;62;9999;079;191;11;111111111111000000000000;000000000000000000000000;11101000;000;_;e;10;000000000010000000000000;____;11;-11;043;004;-11;-11;002;0425743806;;;;;;;;;;;;;;;;;;;;;;;;;;;;;;;;;;;;;;;;;;;;;;;;;;
18:04:32;17;63;9999;079;314;11;111111111111000000000000;000000000000000000000000;11001000;000;_;e;10;001001001101000000000000;____;09;056;054;030;034;056;046;0425743811;035;059;004;011;035;018;0050119315;;;;;;;;;;;;;;;;;;;;;;;;;;;;;;;;;;;;;;;;;;;
18:04:38;17;64;9999;073;334;11;111111111111000000000000;000000000000000000000000;11101000;000;_;e;10;000010100000000000000000;____;05;032;037;017;029;033;025;0425743803;;;;;;;;;;;;;;;;;;;;;;;;;;;;;;;;;;;;;;;;;;;;;;;;;;
18:04:42;17;65;9999;075;352;11;111111111111000000000000;000000000000000000000000;11101000;000;_;e;10;110100001100000000000000;____;02;016;093;018;016;035;088;0425743812;;;;;;;;;;;;;;;;;;;;;;;;;;;;;;;;;;;;;;;;;;;;;;;;;;
18:04:45;17;66;9999;080;247;11;111111111111000000000000;000000000000000000000000;11101000;000;_;e;10;000111001101000000000000;____;09;057;059;018;031;064;082;0425743810;;;;;;;;;;;;;;;;;;;;;;;;;;;;;;;;;;;;;;;;;;;;;;;;;;
18:04:47;17;67;9999;065;160;11;111111111111000000000000;000000000000000000000000;11101000;000;_;e;10;110100001000000000000000;____;04;017;079;018;016;023;065;2555694565;;;;;;;;;;;;;;;;;;;;;;;;;;;;;;;;;;;;;;;;;;;;;;;;;;
18:04:49;17;68;9999;054;163;11;111111111111000000000000;000000000000000000000000;11101000;000;_;e;10;000011001001000000000000;____;09;032;045;009;026;042;046;0425743813;;;;;;;;;;;;;;;;;;;;;;;;;;;;;;;;;;;;;;;;;;;;;;;;;;
18:04:54;17;69;9999;072;316;11;111111111111000000000000;000000000000000000000000;11101000;000;_;e;10;110000000000000000000000;____;01;003;073;004;-01;005;017;0425743701;;;;;;;;;;;;;;;;;;;;;;;;;;;;;;;;;;;;;;;;;;;;;;;;;;
18:04:58;17;70;9999;064;352;11;111111111111000000000000;000000000000000000000000;11101000;000;_;e;10;000010010010000000000000;____;08;-20;027;004;-20;-18;045;0425743809;;;;;;;;;;;;;;;;;;;;;;;;;;;;;;;;;;;;;;;;;;;;;;;;;;
18:05:01;17;71;9999;047;232;11;111111111111000000000000;000000000000000000000000;11101000;000;_;e;10;000111001001000000000000;____;09;027;064;008;013;031;073;0425743808;;;;;;;;;;;;;;;;;;;;;;;;;;;;;;;;;;;;;;;;;;;;;;;;;;
18:05:03;17;72;9999;056;167;11;111111111111000000000000;000000000000000000000000;11101000;000;_;e;10;011001001000000000000000;____;09;031;068;014;011;031;040;0425743702;;;;;;;;;;;;;;;;;;;;;;;;;;;;;;;;;;;;;;;;;;;;;;;;;;
18:05:06;17;73;9999;056;263;11;111111111111000000000000;000000000000000000000000;11101000;000;_;e;10;000111001001000000000000;____;12;033;062;004;013;033;051;0425743804;;;;;;;;;;;;;;;;;;;;;;;;;;;;;;;;;;;;;;;;;;;;;;;;;;
18:05:08;17;74;9999;063;181;11;111111111111000000000000;000000000000000000000000;11101000;000;_;e;10;000011100001000000000000;____;07;008;043;007;-15;013;036;0425743703;;;;;;;;;;;;;;;;;;;;;;;;;;;;;;;;;;;;;;;;;;;;;;;;;;
18:05:12;17;75;9999;054;148;11;111111111111000000000000;000000000000000000000000;11101000;000;_;e;10;000011101100000000000000;____;06;-12;044;015;-15;-04;045;0425743705;;;;;;;;;;;;;;;;;;;;;;;;;;;;;;;;;;;;;;;;;;;;;;;;;;
18:05:15;17;76;9999;060;149;08;111111111111000000000000;000000000000000000000000;11101000;000;_;e;10;000111000000000000000000;____;06;000;061;021;-20;014;008;0425743814;;;;;;;;;;;;;;;;;;;;;;;;;;;;;;;;;;;;;;;;;;;;;;;;;;
18:05:17;17;77;9999;083;170;11;111111111111000000000000;000000000000000000000000;11101000;000;_;e;10;000100001000000000000000;____;09;024;059;031;024;025;010;0425743816;;;;;;;;;;;;;;;;;;;;;;;;;;;;;;;;;;;;;;;;;;;;;;;;;;
18:05:19;17;78;9999;074;098;11;111111111111000000000000;000000000000000000000000;11101000;000;_;e;10;000011001100000000000000;____;05;026;053;029;002;033;049;0425743815;;;;;;;;;;;;;;;;;;;;;;;;;;;;;;;;;;;;;;;;;;;;;;;;;;
18:05:25;17;79;9999;047;238;11;111111111111000000000000;000000000000000000000000;11101000;000;_;e;10;000000001100000000000000;____;10;-09;056;034;-09;019;043;0425743817;;;;;;;;;;;;;;;;;;;;;;;;;;;;;;;;;;;;;;;;;;;;;;;;;;
18:05:28;17;80;9999;080;353;11;111111111111000000000000;000000000000000000000000;11101000;000;_;e;10;100000000001000000000000;____;12;039;066;004;039;043;026;0425743707;;;;;;;;;;;;;;;;;;;;;;;;;;;;;;;;;;;;;;;;;;;;;;;;;;
18:05:31;17;81;9999;082;236;11;111111111111000000000000;000000000000000000000000;11010000;000;_;;;;;;;;;;;;;;;;;;;;;;;;;;;;;;;;;;;;;;;;;;;;;;;;;;;;;;;;;;;;;;
18:05:33;17;82;9999;070;164;11;111111111111000000000000;000000000000000000000000;11101000;000;_;e;10;000011110000000000000000;____;06;029;035;019;027;032;029;0425743708;;;;;;;;;;;;;;;;;;;;;;;;;;;;;;;;;;;;;;;;;;;;;;;;;;
18:05:36;17;83;9999;074;160;11;111111111111000000000000;000000000000000000000000;11101000;000;_;e;10;010001001001000000000000;____;06;038;086;005;017;038;049;0425743709;;;;;;;;;;;;;;;;;;;;;;;;;;;;;;;;;;;;;;;;;;;;;;;;;;
18:05:40;17;84;9999;080;394;11;111111111111000000000000;000000000000000000000000;11101000;000;_;e;10;000111001100000000000000;____;09;003;042;046;-18;008;053;0425743710;;;;;;;;;;;;;;;;;;;;;;;;;;;;;;;;;;;;;;;;;;;;;;;;;;
18:05:43;17;85;9999;069;292;11;111111111111000000000000;000000000000000000000000;11101000;000;_;e;10;000001010000000000000000;____;08;-12;035;006;-12;-03;008;0425743711;;;;;;;;;;;;;;;;;;;;;;;;;;;;;;;;;;;;;;;;;;;;;;;;;;
18:05:47;17;86;9999;047;383;11;111111111111000000000000;000000000000000000000000;11101000;000;_;e;10;000001010000000000000000;____;06;-04;014;029;-04;006;007;0425743712;;;;;;;;;;;;;;;;;;;;;;;;;;;;;;;;;;;;;;;;;;;;;;;;;;
18:05:49;17;87;9999;071;154;11;111111111111000000000000;000000000000000000000000;11101000;000;_;e;10;100001001000000000000000;____;09;043;081;010;043;046;019;0425743713;;;;;;;;;;;;;;;;;;;;;;;;;;;;;;;;;;;;;;;;;;;;;;;;;;
18:05:53;17;88;9999;082;350;11;111111111111000000000000;000000000000000000000000;11010000;000;_;;;;;;;;;;;;;;;;;;;;;;;;;;;;;;;;;;;;;;;;;;;;;;;;;;;;;;;;;;;;;;
18:05:55;17;89;9999;083;150;11;111111111111000000000000;000000000000000000000000;11101000;000;_;e;10;000010001000000000000000;____;05;018;040;032;018;020;022;0425743819;;;;;;;;;;;;;;;;;;;;;;;;;;;;;;;;;;;;;;;;;;;;;;;;;;
18:05:57;17;90;9999;070;155;11;111111111111000000000000;000000000000000000000000;11101000;000;_;e;10;100100001001000000000000;____;09;035;065;015;007;037;027;0425743715;;;;;;;;;;;;;;;;;;;;;;;;;;;;;;;;;;;;;;;;;;;;;;;;;;
18:05:59;17;91;9999;065;149;11;111111111111000000000000;000000000000000000000000;11101000;000;_;e;10;110100000000000000000000;____;01;016;085;005;012;016;023;0425743716;;;;;;;;;;;;;;;;;;;;;;;;;;;;;;;;;;;;;;;;;;;;;;;;;;
20:04:32;17;92;9999;065;999;11;111111111111000000000000;000000000000000000000000;11101000;000;_;e;10;100000001000000000000000;____;01;025;057;017;022;025;019;0425700541;;;;;;;;;;;;;;;;;;;;;;;;;;;;;;;;;;;;;;;;;;;;;;;;;;
20:04:34;17;93;9999;060;156;11;111111111111000000000000;000000000000000000000000;11101000;000;_;e;10;000000000011000000000000;____;12;-16;045;004;-16;-13;018;0425700542;;;;;;;;;;;;;;;;;;;;;;;;;;;;;;;;;;;;;;;;;;;;;;;;;;
20:04:37;17;94;9999;069;225;11;111111111111000000000000;000000000000000000000000;11101000;000;_;e;10;000111001100000000000000;____;06;014;057;028;009;015;065;0425700543;;;;;;;;;;;;;;;;;;;;;;;;;;;;;;;;;;;;;;;;;;;;;;;;;;
20:04:40;17;95;9999;080;178;00;111111111111000000000000;000000000000000000000000;11101000;000;_;e;10;100101001000000000000000;____;06;036;056;027;029;036;041;0425700544;;;;;;;;;;;;;;;;;;;;;;;;;;;;;;;;;;;;;;;;;;;;;;;;;;
20:04:42;17;96;9999;085;145;11;111111111111000000000000;000000000000000000000000;11101000;000;_;e;10;100100001001000000000000;____;04;039;067;009;037;093;068;0425700545;;;;;;;;;;;;;;;;;;;;;;;;;;;;;;;;;;;;;;;;;;;;;;;;;;
20:04:47;17;97;9999;046;143;01;111111111111000000000000;000000000000000000000000;11101000;000;_;e;10;000100001000000000000000;____;09;006;050;030;004;007;033;0425700546;;;;;;;;;;;;;;;;;;;;;;;;;;;;;;;;;;;;;;;;;;;;;;;;;;
20:04:49;17;98;9999;078;208;11;111111111111000000000000;000000000000000000000000;11101000;000;_;e;10;000110000100000000000000;____;04;-03;060;031;-03;006;255;0425700548;;;;;;;;;;;;;;;;;;;;;;;;;;;;;;;;;;;;;;;;;;;;;;;;;;
20:04:53;17;99;9999;080;359;11;111111111111000000000000;000000000000000000000000;11101000;000;_;e;10;000111000000000000000000;____;06;013;043;041;011;020;032;0425700547;;;;;;;;;;;;;;;;;;;;;;;;;;;;;;;;;;;;;;;;;;;;;;;;;;
20:04:56;17;01;9999;057;235;11;111111111111000000000000;000000000000000000000000;11101000;000;_;e;10;000011101000000000000000;____;06;031;016;015;030;037;043;0425700549;;;;;;;;;;;;;;;;;;;;;;;;;;;;;;;;;;;;;;;;;;;;;;;;;;
20:04:59;17;02;9999;035;173;07;111111111111000000000000;000000000000000000000000;11101000;000;_;e;10;000000110000000000000000;____;07;-06;014;005;-07;-05;035;0425700550;;;;;;;;;;;;;;;;;;;;;;;;;;;;;;;;;;;;;;;;;;;;;;;;;;
20:05:01;17;03;9999;057;161;11;111111111111000000000000;000000000000000000000000;11010000;000;_;;;;;;;;;;;;;;;;;;;;;;;;;;;;;;;;;;;;;;;;;;;;;;;;;;;;;;;;;;;;;;
20:05:05;17;04;9999;074;349;11;111111111111000000000000;000000000000000000000000;11101000;000;_;e;10;000100000000000000000000;____;04;041;022;001;041;041;009;0425700552;;;;;;;;;;;;;;;;;;;;;;;;;;;;;;;;;;;;;;;;;;;;;;;;;;
20:05:08;17;05;9999;061;239;11;111111111111000000000000;000000000000000000000000;11101000;000;_;e;10;000011100000000000000000;____;07;-17;026;014;-17;-13;027;0425700553;;;;;;;;;;;;;;;;;;;;;;;;;;;;;;;;;;;;;;;;;;;;;;;;;;
20:05:10;17;06;9999;077;143;11;111111111111000000000000;000000000000000000000000;11101000;000;_;e;10;000011101000000000000000;____;06;010;005;018;010;023;046;0425700554;;;;;;;;;;;;;;;;;;;;;;;;;;;;;;;;;;;;;;;;;;;;;;;;;;
21:04:27;17;07;9999;078;999;11;111111111111000000000000;000000000000000000000000;11101000;000;_;e;10;000100000000000000000000;____;04;009;068;012;008;009;018;0425723554;;;;;;;;;;;;;;;;;;;;;;;;;;;;;;;;;;;;;;;;;;;;;;;;;;
21:04:29;17;08;9999;062;150;11;111111111111000000000000;000000000000000000000000;11010000;000;_;;;;;;;;;;;;;;;;;;;;;;;;;;;;;;;;;;;;;;;;;;;;;;;;;;;;;;;;;;;;;;
21:04:31;17;09;9999;055;155;11;111111111111000000000000;000000000000000000000000;11101000;000;_;e;10;000000001001000000000000;____;12;023;057;004;023;026;018;0425741352;;;;;;;;;;;;;;;;;;;;;;;;;;;;;;;;;;;;;;;;;;;;;;;;;;
21:04:36;17;10;9999;076;334;11;111111111111000000000000;000000000000000000000000;11010000;000;_;;;;;;;;;;;;;;;;;;;;;;;;;;;;;;;;;;;;;;;;;;;;;;;;;;;;;;;;;;;;;;
21:04:39;17;11;9999;073;168;11;111111111111000000000000;000000000000000000000000;11101000;000;_;e;10;110101000000000000000000;____;01;005;101;015;-07;028;037;0425741353;;;;;;;;;;;;;;;;;;;;;;;;;;;;;;;;;;;;;;;;;;;;;;;;;;
21:04:41;17;12;9999;083;185;11;111111111111000000000000;000000000000000000000000;11101000;000;_;e;10;000110000000000000000000;____;05;-07;050;032;-08;-07;007;0425723555;;;;;;;;;;;;;;;;;;;;;;;;;;;;;;;;;;;;;;;;;;;;;;;;;;
21:04:43;17;13;9999;081;140;11;111111111111000000000000;000000000000000000000000;11101000;000;_;e;10;000000001000000000000000;____;09;029;044;024;029;029;020;0425741354;;;;;;;;;;;;;;;;;;;;;;;;;;;;;;;;;;;;;;;;;;;;;;;;;;
21:04:46;17;14;9999;062;150;02;111111111111000000000000;000000000000000000000000;11010000;000;_;;;;;;;;;;;;;;;;;;;;;;;;;;;;;;;;;;;;;;;;;;;;;;;;;;;;;;;;;;;;;;
21:04:48;17;15;9999;069;176;11;111111111111000000000000;000000000000000000000000;11101000;000;_;e;10;000011101010000000000000;____;05;035;040;004;025;074;259;0425723559;;;;;;;;;;;;;;;;;;;;;;;;;;;;;;;;;;;;;;;;;;;;;;;;;;
21:04:51;17;16;9999;069;163;11;111111111111000000000000;000000000000000000000000;11101000;000;_;e;10;000111000000000000000000;____;06;-13;022;019;-13;012;032;0425741356;;;;;;;;;;;;;;;;;;;;;;;;;;;;;;;;;;;;;;;;;;;;;;;;;;
21:04:55;17;17;9999;082;177;00;111111111111000000000000;000000000000000000000000;11101000;000;_;e;10;110100000000000000000000;____;02;001;095;008;-12;004;022;0425723556;;;;;;;;;;;;;;;;;;;;;;;;;;;;;;;;;;;;;;;;;;;;;;;;;;
21:04:58;17;18;9999;051;234;11;111111111111000000000000;000000000000000000000000;11101000;000;_;e;10;000011101000000000000000;____;06;-10;023;010;-12;-08;028;0425741355;;;;;;;;;;;;;;;;;;;;;;;;;;;;;;;;;;;;;;;;;;;;;;;;;;
21:05:00;17;19;9999;065;191;11;111111111111000000000000;000000000000000000000000;11101000;000;_;e;10;000000000001000000000000;____;12;-20;071;004;-20;-18;022;0425741357;;;;;;;;;;;;;;;;;;;;;;;;;;;;;;;;;;;;;;;;;;;;;;;;;;
21:05:02;17;20;9999;080;145;11;111111111111000000000000;000000000000000000000000;11101000;000;_;e;10;000110000000000000000000;____;04;-02;070;027;-04;-02;006;0425723560;;;;;;;;;;;;;;;;;;;;;;;;;;;;;;;;;;;;;;;;;;;;;;;;;;
21:05:04;17;21;9999;074;150;11;111111111111000000000000;000000000000000000000000;11101000;000;_;e;10;000111001000000000000000;____;06;011;052;030;011;037;034;0425723561;;;;;;;;;;;;;;;;;;;;;;;;;;;;;;;;;;;;;;;;;;;;;;;;;;
21:34:03;17;22;9999;045;999;11;111111111111000000000000;000000000000000000000000;11001000;000;_;e;10;000001001011000000000000;____;06;-10;030;029;-10;-09;027;0425704543;003;048;004;002;004;025;0050119462;;;;;;;;;;;;;;;;;;;;;;;;;;;;;;;;;;;;;;;;;;;
21:34:05;17;23;9999;073;155;11;111111111111000000000000;000000000000000000000000;11101000;000;_;e;10;000001100000000000000000;____;07;039;017;006;031;039;022;0425704542;;;;;;;;;;;;;;;;;;;;;;;;;;;;;;;;;;;;;;;;;;;;;;;;;;
21:34:13;17;24;9999;074;842;11;111111111111000000000000;000000000000000000000000;11101000;000;_;e;10;110100000100000000000000;____;02;009;077;030;007;010;043;0425742924;;;;;;;;;;;;;;;;;;;;;;;;;;;;;;;;;;;;;;;;;;;;;;;;;;
21:34:17;17;25;9999;067;342;11;111111111111000000000000;000000000000000000000000;11101000;000;_;e;10;100000001000000000000000;____;09;-10;027;025;-10;-01;005;0425724682;;;;;;;;;;;;;;;;;;;;;;;;;;;;;;;;;;;;;;;;;;;;;;;;;;
21:34:20;17;26;9999;082;190;11;111111111111000000000000;000000000000000000000000;11101000;000;_;e;10;101101001000000000000000;____;01;030;059;025;026;030;051;0425700688;;;;;;;;;;;;;;;;;;;;;;;;;;;;;;;;;;;;;;;;;;;;;;;;;;
21:34:21;17;27;9999;072;130;11;111111111111000000000000;000000000000000000000000;11101000;000;_;e;10;000011100000000000000000;____;05;042;009;012;-05;043;046;0425724685;;;;;;;;;;;;;;;;;;;;;;;;;;;;;;;;;;;;;;;;;;;;;;;;;;
21:34:42;17;28;9999;082;999;11;111111111111000000000000;000000000000000000000000;11101000;000;_;e;10;001100001000000000000000;____;04;-05;077;026;-05;-03;038;0425724686;;;;;;;;;;;;;;;;;;;;;;;;;;;;;;;;;;;;;;;;;;;;;;;;;;
21:34:44;17;29;9999;073;130;11;111111111111000000000000;000000000000000000000000;11101000;000;_;e;10;000001110000000000000000;____;06;000;020;040;-07;003;018;0425724687;;;;;;;;;;;;;;;;;;;;;;;;;;;;;;;;;;;;;;;;;;;;;;;;;;
21:34:47;17;30;9999;081;192;11;111111111111000000000000;000000000000000000000000;11101000;000;_;e;10;000010101000000000000000;____;09;047;028;025;021;047;023;0425742926;;;;;;;;;;;;;;;;;;;;;;;;;;;;;;;;;;;;;;;;;;;;;;;;;;
21:34:49;17;31;9999;075;134;11;111111111111000000000000;000000000000000000000000;11010000;000;_;;;;;;;;;;;;;;;;;;;;;;;;;;;;;;;;;;;;;;;;;;;;;;;;;;;;;;;;;;;;;;
21:34:51;17;32;9999;082;164;11;111111111111000000000000;000000000000000000000000;11101000;000;_;e;10;000001000000000000000000;____;06;-13;047;018;-13;-13;006;0425700689;;;;;;;;;;;;;;;;;;;;;;;;;;;;;;;;;;;;;;;;;;;;;;;;;;
21:34:57;17;33;9999;085;259;11;111111111111000000000000;000000000000000000000000;11101000;000;_;e;10;000001001000000000000000;____;06;006;051;036;005;008;057;0425724689;;;;;;;;;;;;;;;;;;;;;;;;;;;;;;;;;;;;;;;;;;;;;;;;;;
21:34:59;17;34;9999;083;150;11;111111111111000000000000;000000000000000000000000;11101000;000;_;e;10;000111001000000000000000;____;06;022;042;035;015;054;029;0425724690;;;;;;;;;;;;;;;;;;;;;;;;;;;;;;;;;;;;;;;;;;;;;;;;;;
21:35:00;17;35;9999;041;021;11;111111111111000000000000;000000000000000000000000;11101000;000;_;e;10;000000001010000000000000;____;09;022;038;008;017;035;032;0425724691;;;;;;;;;;;;;;;;;;;;;;;;;;;;;;;;;;;;;;;;;;;;;;;;;;
21:35:05;17;36;9999;049;291;11;111111111111000000000000;000000000000000000000000;11101000;000;_;e;10;001111001100000000000000;____;04;003;062;031;-02;009;106;0425743458;;;;;;;;;;;;;;;;;;;;;;;;;;;;;;;;;;;;;;;;;;;;;;;;;;
21:35:07;17;37;9999;082;176;11;111111111111000000000000;000000000000000000000000;11101000;000;_;e;10;000001000000000000000000;____;06;-19;021;016;-19;-18;018;0425724692;;;;;;;;;;;;;;;;;;;;;;;;;;;;;;;;;;;;;;;;;;;;;;;;;;
21:35:09;17;38;9999;079;113;11;111111111111000000000000;000000000000000000000000;11101000;000;_;e;10;000110001100000000000000;____;04;028;040;037;002;036;059;0425742929;;;;;;;;;;;;;;;;;;;;;;;;;;;;;;;;;;;;;;;;;;;;;;;;;;
21:35:12;17;39;9999;074;236;11;111111111111000000000000;000000000000000000000000;11101000;000;_;e;10;101101001000000000000000;____;04;-05;091;024;-10;001;054;0425743465;;;;;;;;;;;;;;;;;;;;;;;;;;;;;;;;;;;;;;;;;;;;;;;;;;
21:35:16;17;40;9999;052;155;01;111111111111000000000000;000000000000000000000000;11101000;000;_;e;10;010000000001000000000000;____;02;004;101;017;004;029;056;0425743467;;;;;;;;;;;;;;;;;;;;;;;;;;;;;;;;;;;;;;;;;;;;;;;;;;
21:35:19;17;41;9999;077;154;02;111111111111000000000000;000000000000000000000000;11010000;000;_;;;;;;;;;;;;;;;;;;;;;;;;;;;;;;;;;;;;;;;;;;;;;;;;;;;;;;;;;;;;;;
21:35:22;17;42;9999;080;170;11;111111111111000000000000;000000000000000000000000;11101000;000;_;e;10;000011000010000000000000;____;06;009;022;007;008;013;068;0425742940;;;;;;;;;;;;;;;;;;;;;;;;;;;;;;;;;;;;;;;;;;;;;;;;;;
21:35:26;17;43;9999;083;143;01;111111111111000000000000;000000000000000000000000;11101000;000;_;e;10;001111001000000000000000;____;05;040;039;028;027;044;079;0425742941;;;;;;;;;;;;;;;;;;;;;;;;;;;;;;;;;;;;;;;;;;;;;;;;;;
21:35:29;17;44;9999;082;166;11;111111111111000000000000;000000000000000000000000;11101000;000;_;e;10;000010110010000000000000;____;05;020;034;006;015;021;143;0425743466;;;;;;;;;;;;;;;;;;;;;;;;;;;;;;;;;;;;;;;;;;;;;;;;;;
21:35:33;17;45;9999;071;357;11;111111111111000000000000;000000000000000000000000;11101000;000;_;e;10;100011100000000000000000;____;07;022;032;015;022;043;030;0425743468;;;;;;;;;;;;;;;;;;;;;;;;;;;;;;;;;;;;;;;;;;;;;;;;;;
21:35:36;17;46;9999;047;236;11;111111111111000000000000;000000000000000000000000;11101000;000;_;e;10;110000000000000000000000;____;02;-12;096;010;-12;-07;034;0425743464;;;;;;;;;;;;;;;;;;;;;;;;;;;;;;;;;;;;;;;;;;;;;;;;;;
21:36:02;17;47;9999;077;999;11;111111111111000000000000;000000000000000000000000;11101000;000;_;e;10;000001000000000000000000;____;06;000;022;016;000;001;042;0425742928;;;;;;;;;;;;;;;;;;;;;;;;;;;;;;;;;;;;;;;;;;;;;;;;;;
21:36:05;17;48;9999;077;154;11;111111111111000000000000;000000000000000000000000;11101000;000;_;e;10;000111001000000000000000;____;05;029;014;020;005;033;046;0425742930;;;;;;;;;;;;;;;;;;;;;;;;;;;;;;;;;;;;;;;;;;;;;;;;;;
21:36:14;17;49;9999;055;999;11;111111111111000000000000;000000000000000000000000;11101000;000;_;e;10;000111001100000000000000;____;06;-16;047;028;-18;-06;048;0425724683;;;;;;;;;;;;;;;;;;;;;;;;;;;;;;;;;;;;;;;;;;;;;;;;;;
21:36:20;17;50;9999;068;545;11;111111111111000000000000;000000000000000000000000;11101000;000;_;e;10;000001111000000000000000;____;08;027;018;007;026;037;033;0425742931;;;;;;;;;;;;;;;;;;;;;;;;;;;;;;;;;;;;;;;;;;;;;;;;;;
21:36:30;17;51;9999;075;978;11;111111111111000000000000;000000000000000000000000;11101000;000;_;e;10;000111001100000000000000;____;06;010;021;020;007;016;060;0425743459;;;;;;;;;;;;;;;;;;;;;;;;;;;;;;;;;;;;;;;;;;;;;;;;;;
21:36:33;17;52;9999;053;264;11;111111111111000000000000;000000000000000000000000;11010000;000;_;;;;;;;;;;;;;;;;;;;;;;;;;;;;;;;;;;;;;;;;;;;;;;;;;;;;;;;;;;;;;;
21:36:34;17;53;9999;046;137;11;111111111111000000000000;000000000000000000000000;11101000;000;_;e;10;000011000100000000000000;____;06;-14;043;020;-14;-08;024;0425700690;;;;;;;;;;;;;;;;;;;;;;;;;;;;;;;;;;;;;;;;;;;;;;;;;;
21:36:36;17;54;9999;065;164;11;111111111111000000000000;000000000000000000000000;11101000;000;_;e;10;000000111100000000000000;____;07;004;000;008;002;005;041;0425742927;;;;;;;;;;;;;;;;;;;;;;;;;;;;;;;;;;;;;;;;;;;;;;;;;;
21:36:39;17;55;9999;044;167;11;111111111111000000000000;000000000000000000000000;11101000;000;_;e;10;000001110000000000000000;____;07;000;000;008;-03;001;037;0425724693;;;;;;;;;;;;;;;;;;;;;;;;;;;;;;;;;;;;;;;;;;;;;;;;;;
21:36:41;17;56;9999;084;197;11;111111111111000000000000;000000000000000000000000;11101000;000;_;e;10;000010110000000000000000;____;07;026;010;008;025;033;046;0425742925;;;;;;;;;;;;;;;;;;;;;;;;;;;;;;;;;;;;;;;;;;;;;;;;;;
21:36:45;17;57;9999;081;136;03;111111111111000000000000;000000000000000000000000;11010000;000;_;;;;;;;;;;;;;;;;;;;;;;;;;;;;;;;;;;;;;;;;;;;;;;;;;;;;;;;;;;;;;;
21:36:47;17;58;9999;058;155;11;111111111111000000000000;000000000000000000000000;11010000;000;_;;;;;;;;;;;;;;;;;;;;;;;;;;;;;;;;;;;;;;;;;;;;;;;;;;;;;;;;;;;;;;
21:36:49;17;59;9999;048;157;11;111111111111000000000000;000000000000000000000000;11101000;000;_;e;10;001111001000000000000000;____;06;-09;044;022;-09;005;038;0425700691;;;;;;;;;;;;;;;;;;;;;;;;;;;;;;;;;;;;;;;;;;;;;;;;;;
21:36:55;17;60;9999;066;101;00;111111111111000000000000;000000000000000000000000;11101000;000;_;e;10;000100001000000000000000;____;09;030;050;019;028;030;029;0425723399;;;;;;;;;;;;;;;;;;;;;;;;;;;;;;;;;;;;;;;;;;;;;;;;;;
21:36:57;17;61;9999;081;201;11;111111111111000000000000;000000000000000000000000;11010000;000;_;;;;;;;;;;;;;;;;;;;;;;;;;;;;;;;;;;;;;;;;;;;;;;;;;;;;;;;;;;;;;;
21:37:00;17;62;9999;053;192;11;111111111111000000000000;000000000000000000000000;11101000;000;_;e;10;000101001100000000000000;____;06;-09;045;030;-09;002;025;0425742935;;;;;;;;;;;;;;;;;;;;;;;;;;;;;;;;;;;;;;;;;;;;;;;;;;
21:37:01;17;63;9999;049;129;11;111111111111000000000000;000000000000000000000000;11101000;000;_;e;10;000101001000000000000000;____;04;002;071;002;-14;004;029;0425700694;;;;;;;;;;;;;;;;;;;;;;;;;;;;;;;;;;;;;;;;;;;;;;;;;;
21:37:04;17;64;9999;050;234;11;111111111111000000000000;000000000000000000000000;11101000;000;_;e;10;000010110000000000000000;____;08;017;002;009;017;031;040;0425742936;;;;;;;;;;;;;;;;;;;;;;;;;;;;;;;;;;;;;;;;;;;;;;;;;;
21:37:06;17;65;9999;057;197;11;111111111111000000000000;000000000000000000000000;11010000;000;_;;;;;;;;;;;;;;;;;;;;;;;;;;;;;;;;;;;;;;;;;;;;;;;;;;;;;;;;;;;;;;
21:37:09;17;66;9999;051;161;00;111111111111000000000000;000000000000000000000000;11101000;000;_;e;10;000010011110000000000000;____;10;-20;025;018;-20;003;026;0425743461;;;;;;;;;;;;;;;;;;;;;;;;;;;;;;;;;;;;;;;;;;;;;;;;;;
21:37:12;17;67;9999;074;184;11;111111111111000000000000;000000000000000000000000;11101000;000;_;e;10;110000000000000000000000;____;01;014;053;005;007;015;028;0425743462;;;;;;;;;;;;;;;;;;;;;;;;;;;;;;;;;;;;;;;;;;;;;;;;;;
21:37:16;17;68;9999;059;158;11;111111111111000000000000;000000000000000000000000;11010000;000;_;;;;;;;;;;;;;;;;;;;;;;;;;;;;;;;;;;;;;;;;;;;;;;;;;;;;;;;;;;;;;;
21:37:17;17;69;9999;056;062;11;111111111111000000000000;000000000000000000000000;11101000;000;_;e;10;100100000000000000000000;____;01;019;048;011;014;019;044;0425700698;;;;;;;;;;;;;;;;;;;;;;;;;;;;;;;;;;;;;;;;;;;;;;;;;;
21:37:21;17;70;9999;081;158;11;111111111111000000000000;000000000000000000000000;11101000;000;_;e;10;100100000001000000000000;____;12;042;064;004;020;042;015;0425743463;;;;;;;;;;;;;;;;;;;;;;;;;;;;;;;;;;;;;;;;;;;;;;;;;;
21:37:22;17;71;9999;086;108;11;111111111111000000000000;000000000000000000000000;11101000;000;_;e;10;000010001100000000000000;____;05;031;027;032;031;036;037;0425742938;;;;;;;;;;;;;;;;;;;;;;;;;;;;;;;;;;;;;;;;;;;;;;;;;;
21:37:28;17;72;9999;086;323;11;111111111111000000000000;000000000000000000000000;11101000;000;_;e;10;000111001010000000000000;____;05;069;029;010;065;072;055;0425742934;;;;;;;;;;;;;;;;;;;;;;;;;;;;;;;;;;;;;;;;;;;;;;;;;;
22:04:57;17;73;9999;054;999;11;111111111111000000000000;000000000000000000000000;11101000;000;_;e;10;110000000000000000000000;____;01;-05;090;007;-08;-03;015;0316147397;;;;;;;;;;;;;;;;;;;;;;;;;;;;;;;;;;;;;;;;;;;;;;;;;;
22:04:59;17;74;9999;060;155;11;111111111111000000000000;000000000000000000000000;11101000;000;_;e;10;100001000011000000000000;____;06;-20;046;-01;-20;019;065;0316147399;;;;;;;;;;;;;;;;;;;;;;;;;;;;;;;;;;;;;;;;;;;;;;;;;;
22:05:01;17;75;9999;052;160;11;111111111111000000000000;000000000000000000000000;11101000;000;_;e;10;000101001001000000000000;____;09;032;069;006;017;033;030;0316147398;;;;;;;;;;;;;;;;;;;;;;;;;;;;;;;;;;;;;;;;;;;;;;;;;;
22:05:06;17;76;9999;059;299;11;111111111111000000000000;000000000000000000000000;11101000;000;_;e;10;000110001000000000000000;____;09;028;052;008;028;033;059;0316157107;;;;;;;;;;;;;;;;;;;;;;;;;;;;;;;;;;;;;;;;;;;;;;;;;;
22:05:08;17;77;9999;064;159;11;111111111111000000000000;000000000000000000000000;11101000;000;_;e;10;001001100000000000000000;____;07;014;044;004;004;015;027;0316157108;;;;;;;;;;;;;;;;;;;;;;;;;;;;;;;;;;;;;;;;;;;;;;;;;;
22:05:12;17;78;9999;040;136;00;111111111111000000000000;000000000000000000000000;11101000;000;_;e;10;000111100001000000000000;____;05;-09;049;024;-10;019;051;0316157109;;;;;;;;;;;;;;;;;;;;;;;;;;;;;;;;;;;;;;;;;;;;;;;;;;
22:05:15;17;79;9999;059;250;11;111111111111000000000000;000000000000000000000000;11010000;000;_;;;;;;;;;;;;;;;;;;;;;;;;;;;;;;;;;;;;;;;;;;;;;;;;;;;;;;;;;;;;;;
